cloud_id,slice_id,area,perimeter
10,-1,23599,3592
10,0,200,196
10,1,914,488
10,2,1804,834
10,3,3180,1282
10,4,4718,1652
10,5,6716,2132
10,6,8858,2538
10,7,11068,2856
10,8,13612,3216
10,9,16534,3610
10,10,19640,3768
10,11,22760,3866
10,12,25944,4068
10,13,29354,4200
10,14,32616,4502
10,15,35340,4802
10,16,37368,5214
10,17,38924,5582
10,18,40314,5732
10,19,41730,5844
10,20,42990,6002
10,21,43870,6116
10,22,44770,6264
10,23,45664,6446
10,24,46468,6626
10,25,46880,6858
10,26,47038,7000
10,27,47114,7064
10,28,47172,7140
10,29,47198,7182
11,-1,5607,1496
11,0,62,78
11,1,242,194
11,2,422,302
11,3,626,380
11,4,864,422
11,5,1082,496
11,6,1422,640
11,7,1880,740
11,8,2394,810
11,9,2904,892
11,10,3450,1040
11,11,4026,1196
11,12,4520,1292
11,13,5046,1396
11,14,5608,1432
11,15,6150,1482
11,16,6704,1558
11,17,7230,1646
11,18,7974,1852
11,19,8740,1948
11,20,9368,2094
11,21,9874,2222
11,22,10340,2310
11,23,10650,2490
11,24,10948,2630
11,25,11078,2810
11,26,11160,2914
11,27,11186,2948
11,28,11204,2970
11,29,11214,2990
12,-1,3283,1014
12,0,34,32
12,1,88,54
12,2,164,92
12,3,276,132
12,4,366,194
12,5,524,268
12,6,664,312
12,7,742,370
12,8,862,486
12,9,1074,594
12,10,1386,696
12,11,1672,756
12,12,1992,810
12,13,2382,860
12,14,2786,888
12,15,3132,932
12,16,3436,968
12,17,3740,1024
12,18,4032,1058
12,19,4334,1126
12,20,4680,1194
12,21,5072,1282
12,22,5444,1388
12,23,5700,1508
12,24,5892,1572
12,25,6078,1638
12,26,6240,1700
12,27,6420,1820
12,28,6534,1968
12,29,6566,2026
13,-1,8753,1604
13,0,130,176
13,1,458,292
13,2,794,396
13,3,872,502
13,4,984,580
13,5,1178,626
13,6,1458,754
13,7,1948,958
13,8,2692,1072
13,9,3600,1160
13,10,4592,1208
13,11,5602,1286
13,12,6630,1380
13,13,7644,1434
13,14,8728,1536
13,15,9960,1654
13,16,11276,1772
13,17,12460,1962
13,18,13662,2068
13,19,14638,2192
13,20,15420,2378
13,21,16076,2554
13,22,16542,2760
13,23,16830,2852
13,24,17040,2900
13,25,17200,2956
13,26,17326,3036
13,27,17408,3086
13,28,17470,3150
13,29,17506,3206
14,-1,79668,10492
14,0,300,210
14,1,852,702
14,2,2828,1664
14,3,6984,3190
14,4,13434,5310
14,5,21116,6452
14,6,29462,7330
14,7,38838,8282
14,8,49586,8862
14,9,60682,9386
14,10,71290,9896
14,11,81750,10492
14,12,90932,10950
14,13,99392,11662
14,14,107420,12506
14,15,114626,13300
14,16,121502,13700
14,17,128284,14138
14,18,134988,14936
14,19,141168,15516
14,20,146176,16364
14,21,150170,17502
14,22,153470,18726
14,23,154974,19558
14,24,155848,19842
14,25,156794,20104
14,26,157936,20358
14,27,158798,20666
14,28,159156,20806
14,29,159336,20978
15,-1,8755,2224
15,0,16,34
15,1,74,92
15,2,190,156
15,3,332,256
15,4,734,466
15,5,1306,704
15,6,2290,912
15,7,3336,1012
15,8,4222,1184
15,9,4930,1456
15,10,5610,1720
15,11,6258,1814
15,12,6982,2042
15,13,7714,2202
15,14,8634,2412
15,15,9740,2514
15,16,10836,2624
15,17,11780,2810
15,18,12602,2980
15,19,13600,3192
15,20,14612,3354
15,21,15494,3616
15,22,16202,3798
15,23,16548,3942
15,24,16854,4020
15,25,17104,4134
15,26,17254,4232
15,27,17390,4272
15,28,17476,4376
15,29,17510,4446
16,-1,3906,1106
16,0,54,60
16,1,194,114
16,2,322,146
16,3,462,180
16,4,646,224
16,5,862,308
16,6,1058,378
16,7,1216,442
16,8,1364,552
16,9,1586,672
16,10,1902,776
16,11,2226,812
16,12,2552,872
16,13,2952,1000
16,14,3434,1086
16,15,3912,1206
16,16,4278,1252
16,17,4616,1288
16,18,4972,1390
16,19,5398,1484
16,20,5814,1556
16,21,6242,1624
16,22,6602,1696
16,23,6908,1760
16,24,7156,1844
16,25,7368,1892
16,26,7538,1956
16,27,7688,2038
16,28,7772,2150
16,29,7812,2210
17,-1,4118,1482
17,0,18,34
17,1,84,104
17,2,236,210
17,3,460,292
17,4,682,334
17,5,856,382
17,6,1006,414
17,7,1158,446
17,8,1288,492
17,9,1424,550
17,10,1626,654
17,11,1882,772
17,12,2148,874
17,13,2458,974
17,14,2866,1122
17,15,3336,1274
17,16,3838,1466
17,17,4418,1594
17,18,5014,1720
17,19,5580,1824
17,20,6030,1966
17,21,6504,2090
17,22,6986,2200
17,23,7368,2346
17,24,7678,2524
17,25,7930,2732
17,26,8092,2860
17,27,8186,2896
17,28,8220,2938
17,29,8236,2960
18,-1,7411,1796
18,0,100,132
18,1,310,194
18,2,462,258
18,3,670,346
18,4,930,456
18,5,1290,582
18,6,1620,690
18,7,1912,772
18,8,2200,870
18,9,2504,920
18,10,2784,960
18,11,3156,1030
18,12,3688,1190
18,13,4314,1328
18,14,4968,1440
18,15,5554,1646
18,16,6246,1896
18,17,7014,2086
18,18,7820,2276
18,19,8594,2398
18,20,9474,2502
18,21,10382,2594
18,22,11240,2650
18,23,12082,2690
18,24,12830,2792
18,25,13490,2994
18,26,14074,3152
18,27,14514,3368
18,28,14732,3506
18,29,14822,3586
19,-1,3610,1200
19,0,52,54
19,1,132,78
19,2,240,114
19,3,374,190
19,4,514,260
19,5,728,366
19,6,968,448
19,7,1240,528
19,8,1538,724
19,9,1832,850
19,10,2156,980
19,11,2486,1086
19,12,2890,1154
19,13,3330,1240
19,14,3644,1370
19,15,3912,1418
19,16,4212,1478
19,17,4510,1532
19,18,4880,1636
19,19,5284,1702
19,20,5626,1804
19,21,5904,1854
19,22,6206,1892
19,23,6488,1918
19,24,6732,1988
19,25,6862,2114
19,26,6988,2202
19,27,7098,2258
19,28,7194,2340
19,29,7220,2394
20,-1,6277,1304
20,0,50,98
20,1,370,372
20,2,1012,568
20,3,1714,658
20,4,2548,740
20,5,3330,836
20,6,4074,896
20,7,4778,974
20,8,5472,1048
20,9,6150,1136
20,10,6826,1262
20,11,7498,1366
20,12,8204,1426
20,13,8726,1522
20,14,9208,1576
20,15,9614,1670
20,16,9972,1764
20,17,10334,1878
20,18,10642,1990
20,19,10918,2072
20,20,11142,2172
20,21,11358,2234
20,22,11602,2270
20,23,11826,2294
20,24,12060,2342
20,25,12278,2426
20,26,12424,2492
20,27,12490,2544
20,28,12536,2584
20,29,12554,2604
21,-1,18490,3136
21,0,72,82
21,1,182,206
21,2,468,288
21,3,996,486
21,4,1624,634
21,5,2242,804
21,6,2990,948
21,7,4040,1128
21,8,5232,1194
21,9,6298,1448
21,10,7276,1522
21,11,8314,1658
21,12,9686,1880
21,13,11384,2006
21,14,13214,2120
21,15,15004,2336
21,16,16514,2508
21,17,18390,2928
21,18,20810,3340
21,19,23604,3614
21,20,26282,3822
21,21,28488,4140
21,22,30328,4470
21,23,31944,4746
21,24,33468,4938
21,25,34766,5292
21,26,35690,5560
21,27,36444,5854
21,28,36868,6160
21,29,36980,6264
22,-1,5554,1438
22,0,50,66
22,1,102,132
22,2,312,240
22,3,684,372
22,4,1158,478
22,5,1684,568
22,6,2258,680
22,7,2812,760
22,8,3382,806
22,9,3980,926
22,10,4718,1066
22,11,5460,1214
22,12,6266,1280
22,13,6970,1360
22,14,7612,1416
22,15,8302,1482
22,16,8840,1640
22,17,9292,1776
22,18,9638,1946
22,19,9860,2066
22,20,10054,2158
22,21,10236,2230
22,22,10382,2332
22,23,10512,2396
22,24,10640,2484
22,25,10792,2586
22,26,10920,2692
22,27,11032,2768
22,28,11078,2826
22,29,11108,2874
23,-1,7660,1576
23,0,78,104
23,1,372,286
23,2,850,434
23,3,1488,482
23,4,2130,522
23,5,2750,610
23,6,3530,734
23,7,4554,888
23,8,5558,1076
23,9,6398,1210
23,10,7276,1386
23,11,8184,1522
23,12,9086,1682
23,13,10010,1818
23,14,10868,2008
23,15,11542,2220
23,16,12066,2338
23,17,12566,2378
23,18,13086,2424
23,19,13560,2480
23,20,13908,2538
23,21,14160,2606
23,22,14390,2636
23,23,14602,2694
23,24,14770,2756
23,25,14942,2796
23,26,15092,2894
23,27,15192,2998
23,28,15296,3092
23,29,15320,3150
24,-1,5940,1754
24,0,70,80
24,1,262,252
24,2,710,488
24,3,1202,604
24,4,1604,726
24,5,2074,768
24,6,2538,822
24,7,3018,922
24,8,3556,1036
24,9,4134,1136
24,10,4758,1270
24,11,5462,1400
24,12,6170,1526
24,13,6882,1688
24,14,7538,1822
24,15,8202,2050
24,16,8754,2296
24,17,9150,2424
24,18,9538,2550
24,19,9924,2698
24,20,10200,2880
24,21,10394,2984
24,22,10580,3066
24,23,10858,3186
24,24,11176,3242
24,25,11418,3318
24,26,11636,3350
24,27,11828,3392
24,28,11868,3486
24,29,11880,3504
25,-1,8376,1894
25,0,58,68
25,1,144,186
25,2,296,276
25,3,528,388
25,4,732,484
25,5,1032,574
25,6,1472,674
25,7,2240,904
25,8,3422,1120
25,9,4688,1278
25,10,5962,1428
25,11,7118,1658
25,12,8034,1980
25,13,8736,2122
25,14,9426,2304
25,15,10232,2384
25,16,10944,2442
25,17,11602,2512
25,18,12246,2668
25,19,12828,2798
25,20,13330,2916
25,21,13838,3016
25,22,14470,3114
25,23,15096,3204
25,24,15618,3342
25,25,16042,3452
25,26,16368,3544
25,27,16596,3644
25,28,16720,3732
25,29,16752,3786
26,-1,4269,1002
26,0,40,38
26,1,134,86
26,2,290,160
26,3,584,282
26,4,978,386
26,5,1480,536
26,6,2088,602
26,7,2696,650
26,8,3116,702
26,9,3562,762
26,10,4024,842
26,11,4404,912
26,12,4720,964
26,13,5040,994
26,14,5400,1064
26,15,5766,1142
26,16,6164,1198
26,17,6566,1262
26,18,6922,1306
26,19,7224,1362
26,20,7448,1460
26,21,7616,1516
26,22,7772,1532
26,23,7940,1586
26,24,8096,1662
26,25,8234,1712
26,26,8368,1812
26,27,8484,1902
26,28,8528,1974
26,29,8538,2002
27,-1,7411,2058
27,0,66,94
27,1,328,256
27,2,882,410
27,3,1534,558
27,4,2238,660
27,5,3022,820
27,6,3856,1050
27,7,4708,1318
27,8,5640,1510
27,9,6596,1784
27,10,7574,2042
27,11,8652,2272
27,12,9872,2474
27,13,10988,2614
27,14,11956,2792
27,15,12776,2880
27,16,13354,3058
27,17,13686,3242
27,18,13858,3388
27,19,13926,3496
27,20,13988,3570
27,21,14074,3626
27,22,14268,3686
27,23,14498,3758
27,24,14584,3828
27,25,14662,3902
27,26,14688,3956
27,27,14738,4022
27,28,14804,4072
27,29,14822,4114
28,-1,5406,1998
28,0,70,96
28,1,204,184
28,2,364,310
28,3,540,428
28,4,778,580
28,5,1116,740
28,6,1536,894
28,7,1976,1062
28,8,2420,1232
28,9,2930,1312
28,10,3380,1418
28,11,3792,1536
28,12,4268,1670
28,13,4828,1838
28,14,5408,1970
28,15,6004,2170
28,16,6734,2334
28,17,7298,2506
28,18,7788,2654
28,19,8296,2816
28,20,8716,3022
28,21,9096,3156
28,22,9536,3298
28,23,9930,3534
28,24,10224,3666
28,25,10450,3766
28,26,10608,3856
28,27,10720,3910
28,28,10794,3958
28,29,10812,3994
29,-1,6520,1930
29,0,58,70
29,1,312,226
29,2,694,350
29,3,910,464
29,4,1050,532
29,5,1310,782
29,6,1870,1050
29,7,2556,1250
29,8,3288,1468
29,9,4146,1660
29,10,5040,1894
29,11,5934,2030
29,12,6744,2184
29,13,7506,2324
29,14,8234,2442
29,15,8856,2560
29,16,9458,2648
29,17,9946,2748
29,18,10380,2910
29,19,10918,3098
29,20,11368,3192
29,21,11754,3292
29,22,12058,3418
29,23,12288,3538
29,24,12504,3566
29,25,12686,3630
29,26,12848,3726
29,27,12930,3792
29,28,13006,3824
29,29,13040,3858
30,-1,3538,1162
30,0,94,74
30,1,250,108
30,2,320,158
30,3,464,278
30,4,568,368
30,5,672,432
30,6,798,508
30,7,930,548
30,8,1068,596
30,9,1234,650
30,10,1470,738
30,11,1808,806
30,12,2126,838
30,13,2470,880
30,14,2812,924
30,15,3110,1052
30,16,3432,1178
30,17,3800,1236
30,18,4138,1356
30,19,4526,1480
30,20,4976,1548
30,21,5414,1674
30,22,5852,1770
30,23,6308,1858
30,24,6724,1962
30,25,6936,2104
30,26,7010,2188
30,27,7038,2250
30,28,7062,2296
30,29,7076,2318
31,-1,14068,2904
31,0,286,190
31,1,818,446
31,2,1548,556
31,3,2486,700
31,4,3760,1002
31,5,5140,1484
31,6,6514,2088
31,7,8028,2354
31,8,9428,2470
31,9,10668,2576
31,10,11914,2698
31,11,13234,2790
31,12,14292,2998
31,13,15418,3186
31,14,16468,3388
31,15,17642,3526
31,16,19084,3648
31,17,20328,3758
31,18,21358,3974
31,19,22092,4280
31,20,22608,4428
31,21,23306,4614
31,22,24062,4788
31,23,24776,4854
31,24,25556,4948
31,25,26388,5056
31,26,26978,5144
31,27,27436,5316
31,28,27904,5574
31,29,28136,5806
32,-1,5014,1690
32,0,110,128
32,1,496,302
32,2,904,360
32,3,1248,466
32,4,1544,632
32,5,1788,850
32,6,2104,972
32,7,2476,1072
32,8,2668,1204
32,9,3046,1326
32,10,3442,1430
32,11,3896,1520
32,12,4412,1582
32,13,4950,1638
32,14,5458,1828
32,15,5804,2018
32,16,6106,2128
32,17,6484,2200
32,18,6770,2310
32,19,7074,2480
32,20,7478,2646
32,21,7988,2702
32,22,8442,2766
32,23,8778,2816
32,24,9064,2886
32,25,9356,2954
32,26,9628,3034
32,27,9750,3168
32,28,9896,3256
32,29,10028,3372
33,-1,4171,856
33,0,74,58
33,1,204,148
33,2,384,216
33,3,618,346
33,4,954,414
33,5,1324,436
33,6,1698,462
33,7,2102,494
33,8,2494,522
33,9,2856,560
33,10,3220,608
33,11,3562,644
33,12,3912,672
33,13,4332,756
33,14,4756,834
33,15,5130,892
33,16,5482,976
33,17,5864,1042
33,18,6200,1122
33,19,6502,1184
33,20,6788,1220
33,21,7046,1266
33,22,7264,1322
33,23,7478,1362
33,24,7698,1412
33,25,7884,1470
33,26,8056,1542
33,27,8194,1610
33,28,8298,1662
33,29,8342,1710
34,-1,11069,2134
34,0,44,56
34,1,138,156
34,2,452,304
34,3,848,496
34,4,1468,660
34,5,2236,798
34,6,3164,1034
34,7,4158,1368
34,8,5386,1616
34,9,6686,1870
34,10,8180,2080
34,11,9700,2182
34,12,11208,2230
34,13,12718,2380
34,14,14158,2532
34,15,15640,2714
34,16,16998,2936
34,17,18142,3062
34,18,19132,3242
34,19,19906,3448
34,20,20590,3568
34,21,21178,3664
34,22,21582,3808
34,23,21732,3932
34,24,21836,3970
34,25,21916,4030
34,26,21974,4072
34,27,22054,4158
34,28,22098,4214
34,29,22138,4262
35,-1,4104,1006
35,0,42,56
35,1,152,88
35,2,316,158
35,3,448,218
35,4,584,260
35,5,832,358
35,6,1174,468
35,7,1588,540
35,8,1950,660
35,9,2268,764
35,10,2658,886
35,11,3134,1026
35,12,3580,1144
35,13,4006,1190
35,14,4462,1226
35,15,4930,1270
35,16,5358,1312
35,17,5772,1348
35,18,6190,1402
35,19,6476,1438
35,20,6770,1468
35,21,7058,1534
35,22,7322,1596
35,23,7562,1664
35,24,7784,1726
35,25,7962,1812
35,26,8092,1880
35,27,8174,1932
35,28,8194,1988
35,29,8208,2010
36,-1,11869,3228
36,0,46,64
36,1,254,292
36,2,876,790
36,3,1630,1398
36,4,2758,1842
36,5,4304,2034
36,6,5984,2164
36,7,7720,2312
36,8,9434,2510
36,9,10820,2846
36,10,12112,3174
36,11,13500,3514
36,12,14618,3876
36,13,15586,4196
36,14,16456,4472
36,15,16992,4640
36,16,17546,4716
36,17,18140,4864
36,18,18826,5052
36,19,19564,5232
36,20,20282,5468
36,21,20814,5654
36,22,21310,5744
36,23,21780,5826
36,24,22190,5898
36,25,22552,5982
36,26,22960,6070
36,27,23370,6182
36,28,23650,6350
36,29,23738,6452
37,-1,78230,7382
37,0,474,282
37,1,1624,752
37,2,3598,1258
37,3,5922,1952
37,4,9916,2576
37,5,14804,3094
37,6,20478,3816
37,7,27498,4738
37,8,35108,5734
37,9,42872,6488
37,10,51616,6908
37,11,60658,7172
37,12,69206,7370
37,13,77804,7676
37,14,87058,7916
37,15,95704,8102
37,16,103764,8880
37,17,111442,9580
37,18,119414,10058
37,19,127024,10548
37,20,133374,11062
37,21,138262,11702
37,22,142596,12112
37,23,146384,12622
37,24,149536,13058
37,25,151662,13286
37,26,153516,13532
37,27,155116,14102
37,28,156278,14544
37,29,156460,14762
38,-1,21520,3390
38,0,64,76
38,1,448,296
38,2,1118,418
38,3,1992,644
38,4,3024,930
38,5,4220,1116
38,6,5518,1420
38,7,6892,1708
38,8,8188,1962
38,9,9468,2232
38,10,10670,2478
38,11,12008,2698
38,12,13654,2936
38,13,15388,3132
38,14,17278,3474
38,15,19450,3736
38,16,21620,4050
38,17,23850,4400
38,18,26330,4542
38,19,28668,4648
38,20,30994,4710
38,21,33248,4940
38,22,35236,5136
38,23,37022,5314
38,24,38680,5474
38,25,40190,5718
38,26,41352,5940
38,27,42398,6168
38,28,42980,6642
38,29,43040,6776
39,-1,11532,2280
39,0,54,68
39,1,220,206
39,2,392,286
39,3,504,410
39,4,834,588
39,5,1248,714
39,6,1698,864
39,7,2180,930
39,8,2652,1034
39,9,3076,1138
39,10,3964,1460
39,11,5132,1822
39,12,6716,2154
39,13,8580,2350
39,14,10482,2554
39,15,12428,2750
39,16,14124,2990
39,17,15772,3150
39,18,17340,3308
39,19,18724,3420
39,20,20134,3522
39,21,21260,3714
39,22,22102,3904
39,23,22502,4154
39,24,22684,4226
39,25,22796,4298
39,26,22894,4346
39,27,22976,4438
39,28,23010,4498
39,29,23064,4558
40,-1,3030,876
40,0,60,56
40,1,176,178
40,2,396,236
40,3,584,292
40,4,752,320
40,5,946,362
40,6,1144,414
40,7,1416,484
40,8,1738,562
40,9,2006,614
40,10,2274,684
40,11,2634,768
40,12,3060,830
40,13,3540,922
40,14,4068,1016
40,15,4384,1114
40,16,4700,1254
40,17,4960,1332
40,18,5114,1394
40,19,5256,1420
40,20,5372,1446
40,21,5488,1472
40,22,5596,1518
40,23,5722,1548
40,24,5836,1586
40,25,5920,1622
40,26,5974,1654
40,27,6024,1678
40,28,6048,1724
40,29,6060,1750
41,-1,7161,1900
41,0,90,94
41,1,502,220
41,2,1036,300
41,3,1480,370
41,4,1936,470
41,5,2464,544
41,6,3016,694
41,7,3576,768
41,8,4162,858
41,9,4712,942
41,10,5212,1078
41,11,5770,1210
41,12,6074,1476
41,13,6468,1716
41,14,7310,1958
41,15,8136,2106
41,16,8814,2364
41,17,9570,2618
41,18,10386,2744
41,19,11154,2834
41,20,11830,2984
41,21,12248,3204
41,22,12654,3290
41,23,12980,3356
41,24,13308,3394
41,25,13564,3448
41,26,13896,3562
41,27,14188,3632
41,28,14294,3754
41,29,14322,3796
42,-1,20168,4470
42,0,72,96
42,1,504,348
42,2,1404,750
42,3,2210,1190
42,4,2826,1710
42,5,3646,2330
42,6,4552,2822
42,7,5402,3212
42,8,6768,3818
42,9,8806,4558
42,10,10904,4974
42,11,13196,5262
42,12,15102,5532
42,13,16806,5734
42,14,18468,5834
42,15,19774,6010
42,16,21316,6254
42,17,23120,6376
42,18,25052,6516
42,19,26856,6640
42,20,28530,6864
42,21,30174,7060
42,22,31810,7246
42,23,33446,7388
42,24,35196,7596
42,25,36668,7854
42,26,38102,8030
42,27,39290,8346
42,28,40116,8678
42,29,40336,8938
43,-1,3365,876
43,0,28,48
43,1,128,118
43,2,282,150
43,3,458,218
43,4,628,308
43,5,724,364
43,6,838,446
43,7,942,488
43,8,1026,516
43,9,1092,536
43,10,1178,574
43,11,1328,656
43,12,1522,680
43,13,1746,732
43,14,2004,794
43,15,2286,816
43,16,2594,868
43,17,2916,894
43,18,3278,950
43,19,3674,1034
43,20,4124,1124
43,21,4620,1174
43,22,5066,1212
43,23,5496,1252
43,24,5886,1276
43,25,6218,1350
43,26,6464,1452
43,27,6628,1576
43,28,6716,1710
43,29,6730,1750
44,-1,3308,810
44,0,60,80
44,1,128,116
44,2,194,148
44,3,302,258
44,4,574,384
44,5,872,420
44,6,1180,468
44,7,1512,540
44,8,1750,578
44,9,2008,626
44,10,2296,666
44,11,2558,700
44,12,2822,718
44,13,3090,746
44,14,3388,802
44,15,3676,848
44,16,3996,942
44,17,4280,1044
44,18,4584,1128
44,19,4888,1186
44,20,5154,1258
44,21,5376,1300
44,22,5622,1350
44,23,5848,1416
44,24,6006,1448
44,25,6172,1480
44,26,6336,1510
44,27,6490,1530
44,28,6584,1582
44,29,6616,1618
45,-1,45863,6564
45,0,274,208
45,1,1166,502
45,2,3098,730
45,3,5602,1180
45,4,9392,1670
45,5,12842,1926
45,6,16386,2192
45,7,20494,2762
45,8,25742,3162
45,9,31224,3572
45,10,36070,3778
45,11,40856,4294
45,12,44558,4760
45,13,48054,4996
45,14,51980,5168
45,15,56038,5438
45,16,59236,5970
45,17,62116,6246
45,18,64114,6584
45,19,65570,7262
45,20,66578,7712
45,21,67528,8198
45,22,68594,8466
45,23,70776,9186
45,24,74080,9718
45,25,77992,10518
45,26,83706,11090
45,27,88912,11674
45,28,91358,12792
45,29,91726,13126
46,-1,3603,1074
46,0,6,14
46,1,26,44
46,2,56,92
46,3,132,190
46,4,294,330
46,5,526,474
46,6,790,574
46,7,1074,644
46,8,1404,688
46,9,1750,718
46,10,2110,752
46,11,2426,812
46,12,2702,872
46,13,2900,916
46,14,3118,980
46,15,3422,1078
46,16,3856,1246
46,17,4378,1320
46,18,4896,1360
46,19,5400,1426
46,20,5848,1508
46,21,6208,1670
46,22,6460,1782
46,23,6662,1848
46,24,6762,1872
46,25,6850,1892
46,26,6954,1954
46,27,7086,2012
46,28,7172,2078
46,29,7206,2138
47,-1,9580,1734
47,0,32,60
47,1,212,180
47,2,466,300
47,3,856,504
47,4,1374,680
47,5,1956,762
47,6,2566,930
47,7,3216,1102
47,8,4006,1168
47,9,4862,1212
47,10,5744,1258
47,11,6576,1340
47,12,7490,1422
47,13,8432,1504
47,14,9410,1570
47,15,10382,1656
47,16,11426,1778
47,17,12506,1826
47,18,13578,1860
47,19,14648,1944
47,20,15608,2102
47,21,16520,2286
47,22,17230,2548
47,23,17702,2754
47,24,18130,2896
47,25,18578,3060
47,26,18926,3196
47,27,19056,3344
47,28,19138,3432
47,29,19160,3466
48,-1,1169005,36974
48,0,8050,2046
48,1,31032,5108
48,2,65464,7202
48,3,109364,9528
48,4,168894,12626
48,5,241060,16060
48,6,326614,17870
48,7,419494,20358
48,8,525950,24188
48,9,662520,29418
48,10,821584,32348
48,11,969098,35340
48,12,1112796,37452
48,13,1254060,38518
48,14,1390776,41350
48,15,1521236,44302
48,16,1645262,45898
48,17,1757726,47596
48,18,1861498,49348
48,19,1960300,50696
48,20,2055330,52858
48,21,2127786,56182
48,22,2179972,57800
48,23,2217688,60260
48,24,2252746,63810
48,25,2280470,66630
48,26,2303206,68344
48,27,2318104,70282
48,28,2328136,72416
48,29,2338010,73942
49,-1,9268,1656
49,0,34,58
49,1,122,110
49,2,330,244
49,3,754,398
49,4,1456,530
49,5,2258,586
49,6,3058,646
49,7,3812,718
49,8,4512,818
49,9,5054,896
49,10,5558,932
49,11,6100,1002
49,12,6684,1092
49,13,7458,1364
49,14,8588,1606
49,15,9804,1710
49,16,11118,1788
49,17,12336,1912
49,18,13342,2084
49,19,14270,2242
49,20,14966,2374
49,21,15616,2470
49,22,16316,2516
49,23,17054,2574
49,24,17648,2718
49,25,18100,2896
49,26,18312,3106
49,27,18436,3200
49,28,18518,3266
49,29,18536,3310
50,-1,17502,3446
50,0,178,146
50,1,338,288
50,2,580,404
50,3,834,560
50,4,1344,928
50,5,2502,1338
50,6,3990,1446
50,7,5222,1846
50,8,6116,2222
50,9,7360,2472
50,10,8508,2624
50,11,9436,2780
50,12,10326,2992
50,13,11324,3508
50,14,12366,3948
50,15,13822,4424
50,16,15638,4636
50,17,17446,4876
50,18,19382,5028
50,19,21422,5134
50,20,23502,5218
50,21,25478,5444
50,22,27428,5576
50,23,29238,5868
50,24,30990,6026
50,25,32652,6154
50,26,34000,6422
50,27,34670,6650
50,28,34936,6802
50,29,35004,6888
51,-1,4547,1484
51,0,56,82
51,1,182,170
51,2,380,242
51,3,606,280
51,4,880,320
51,5,1152,360
51,6,1424,416
51,7,1718,492
51,8,2008,542
51,9,2316,580
51,10,2610,620
51,11,2942,734
51,12,3334,864
51,13,3688,998
51,14,4078,1154
51,15,4458,1254
51,16,4800,1410
51,17,5122,1500
51,18,5478,1618
51,19,5924,1680
51,20,6320,1770
51,21,6648,1902
51,22,6978,2038
51,23,7340,2198
51,24,7730,2294
51,25,8156,2446
51,26,8586,2582
51,27,8874,2774
51,28,9032,2884
51,29,9094,2964
52,-1,8245,2022
52,0,216,146
52,1,664,238
52,2,1200,294
52,3,1778,360
52,4,2396,466
52,5,3182,586
52,6,3806,892
52,7,4210,1042
52,8,4570,1148
52,9,5074,1348
52,10,5656,1570
52,11,6320,1748
52,12,7068,1886
52,13,7784,2028
52,14,8442,2202
52,15,9096,2316
52,16,9796,2424
52,17,10560,2506
52,18,11370,2620
52,19,12216,2728
52,20,13098,2854
52,21,13880,3122
52,22,14576,3302
52,23,15136,3466
52,24,15544,3582
52,25,15798,3702
52,26,16020,3820
52,27,16216,3916
52,28,16410,3966
52,29,16490,4042
53,-1,4160,1282
53,0,30,44
53,1,114,132
53,2,238,188
53,3,328,270
53,4,422,348
53,5,516,478
53,6,766,650
53,7,1116,784
53,8,1528,906
53,9,2012,990
53,10,2524,1038
53,11,2990,1082
53,12,3428,1104
53,13,3860,1130
53,14,4330,1190
53,15,4860,1288
53,16,5428,1386
53,17,6024,1508
53,18,6584,1662
53,19,7080,1780
53,20,7476,1886
53,21,7742,2088
53,22,7938,2248
53,23,8094,2342
53,24,8182,2410
53,25,8220,2458
53,26,8236,2480
53,27,8272,2516
53,28,8308,2536
53,29,8320,2560
54,-1,10971,2352
54,0,246,316
54,1,1020,616
54,2,1882,836
54,3,2782,1060
54,4,3608,1222
54,5,4362,1520
54,6,5392,1782
54,7,6550,1916
54,8,7704,2040
54,9,8684,2166
54,10,9370,2272
54,11,10024,2324
54,12,10678,2440
54,13,11518,2562
54,14,12404,2678
54,15,13114,2834
54,16,13720,2910
54,17,14480,3058
54,18,15170,3138
54,19,15922,3314
54,20,16786,3502
54,21,17766,3626
54,22,18622,3730
54,23,19356,3918
54,24,19932,4122
54,25,20472,4202
54,26,20980,4284
54,27,21516,4400
54,28,21848,4590
54,29,21942,4702
55,-1,3645,1094
55,0,30,32
55,1,74,60
55,2,112,106
55,3,166,168
55,4,246,196
55,5,332,228
55,6,384,294
55,7,496,392
55,8,674,500
55,9,894,620
55,10,1122,748
55,11,1432,888
55,12,1784,1024
55,13,2196,1098
55,14,2662,1184
55,15,3126,1224
55,16,3558,1276
55,17,4006,1348
55,18,4478,1434
55,19,4982,1488
55,20,5328,1506
55,21,5670,1518
55,22,6018,1552
55,23,6352,1632
55,24,6654,1732
55,25,6924,1844
55,26,7116,1954
55,27,7216,2052
55,28,7262,2130
55,29,7290,2184
56,-1,14068,3156
56,0,102,74
56,1,178,130
56,2,316,222
56,3,540,306
56,4,936,552
56,5,1852,808
56,6,2820,1076
56,7,3760,1244
56,8,4606,1476
56,9,5428,1736
56,10,6180,1904
56,11,7106,2074
56,12,8240,2466
56,13,9488,2682
56,14,10788,2810
56,15,12172,2980
56,16,13444,3150
56,17,14614,3376
56,18,16020,3622
56,19,17762,3996
56,20,19600,4452
56,21,21508,4676
56,22,23324,4922
56,23,24642,5234
56,24,25540,5458
56,25,26388,5610
56,26,27318,5720
56,27,27822,5954
56,28,27978,6128
56,29,28136,6304
57,-1,11576,1724
57,0,122,72
57,1,452,234
57,2,1008,468
57,3,1760,566
57,4,2646,700
57,5,3430,788
57,6,4188,848
57,7,5024,902
57,8,6022,1132
57,9,7104,1284
57,10,8066,1352
57,11,9040,1424
57,12,10116,1530
57,13,11224,1654
57,14,12390,1736
57,15,13578,1796
57,16,14824,1858
57,17,16000,1916
57,18,17108,1998
57,19,18058,2118
57,20,18946,2222
57,21,19712,2300
57,22,20486,2398
57,23,21280,2518
57,24,21924,2712
57,25,22432,3004
57,26,22736,3194
57,27,22942,3270
57,28,23090,3360
57,29,23152,3446
58,-1,3544,1012
58,0,28,30
58,1,166,138
58,2,432,220
58,3,748,266
58,4,1026,320
58,5,1318,400
58,6,1576,474
58,7,1912,524
58,8,2332,590
58,9,2790,662
58,10,3258,702
58,11,3706,798
58,12,4038,942
58,13,4308,1036
58,14,4464,1122
58,15,4632,1208
58,16,4812,1244
58,17,4966,1266
58,18,5112,1294
58,19,5246,1332
58,20,5382,1378
58,21,5538,1448
58,22,5732,1528
58,23,5996,1572
58,24,6264,1628
58,25,6478,1698
58,26,6714,1766
58,27,6922,1824
58,28,7054,1934
58,29,7088,2020
59,-1,5056,1420
59,0,24,26
59,1,98,80
59,2,192,124
59,3,302,172
59,4,394,212
59,5,512,272
59,6,672,376
59,7,890,462
59,8,1138,502
59,9,1414,574
59,10,1770,678
59,11,2178,738
59,12,2604,766
59,13,3060,830
59,14,3496,934
59,15,4020,1184
59,16,4630,1406
59,17,5262,1566
59,18,5868,1660
59,19,6476,1800
59,20,7082,1910
59,21,7670,2024
59,22,8290,2116
59,23,8900,2218
59,24,9414,2364
59,25,9812,2522
59,26,9974,2662
59,27,10048,2750
59,28,10094,2792
59,29,10112,2836
60,-1,11942,3486
60,0,116,138
60,1,446,306
60,2,1138,446
60,3,1998,606
60,4,2878,910
60,5,3790,1274
60,6,4942,1570
60,7,5894,1834
60,8,7050,2380
60,9,7902,2632
60,10,8920,2782
60,11,10186,2928
60,12,11410,3166
60,13,12598,3400
60,14,13818,3710
60,15,14854,4012
60,16,15918,4464
60,17,16856,4648
60,18,17800,4858
60,19,18654,5110
60,20,19358,5260
60,21,19898,5644
60,22,20674,5906
60,23,21206,6170
60,24,21776,6276
60,25,22434,6418
60,26,22844,6634
60,27,23222,6762
60,28,23642,6834
60,29,23884,6970
61,-1,4342,1218
61,0,24,44
61,1,130,166
61,2,314,216
61,3,540,290
61,4,818,380
61,5,1172,448
61,6,1564,560
61,7,1964,692
61,8,2448,800
61,9,2928,904
61,10,3476,1018
61,11,4014,1154
61,12,4540,1286
61,13,4986,1428
61,14,5318,1536
61,15,5640,1646
61,16,5924,1730
61,17,6224,1806
61,18,6570,1846
61,19,6872,1906
61,20,7118,1970
61,21,7350,2002
61,22,7594,2042
61,23,7862,2070
61,24,8128,2120
61,25,8364,2190
61,26,8516,2262
61,27,8624,2332
61,28,8670,2400
61,29,8684,2432
62,-1,4146,1760
62,0,54,52
62,1,176,136
62,2,346,172
62,3,540,222
62,4,830,340
62,5,1142,514
62,6,1492,654
62,7,1812,784
62,8,2072,876
62,9,2300,964
62,10,2658,1160
62,11,3210,1404
62,12,3854,1688
62,13,4460,1870
62,14,5054,1970
62,15,5590,2104
62,16,6050,2240
62,17,6468,2394
62,18,6682,2504
62,19,6938,2600
62,20,7146,2712
62,21,7306,2792
62,22,7438,2902
62,23,7578,2972
62,24,7732,3056
62,25,7920,3186
62,26,8042,3294
62,27,8174,3388
62,28,8258,3462
62,29,8292,3518
64,-1,34194,5264
64,0,294,204
64,1,1214,538
64,2,2374,902
64,3,4078,1312
64,4,5680,1444
64,5,7002,1670
64,6,8218,1956
64,7,9290,2248
64,8,10626,2508
64,9,12158,2734
64,10,13892,2940
64,11,16000,3080
64,12,18260,3244
64,13,20604,3452
64,14,23036,3684
64,15,26814,4512
64,16,31226,4808
64,17,35660,5106
64,18,40536,5562
64,19,45016,6136
64,20,49098,6604
64,21,52844,7204
64,22,56464,7826
64,23,60080,8468
64,24,63170,8864
64,25,65296,9398
64,26,66502,9612
64,27,67674,9966
64,28,68122,10284
64,29,68388,10526
65,-1,5127,1490
65,0,18,26
65,1,78,100
65,2,240,202
65,3,458,396
65,4,992,610
65,5,1686,750
65,6,2486,888
65,7,3372,1042
65,8,4396,1196
65,9,5518,1284
65,10,6448,1380
65,11,7278,1506
65,12,8004,1656
65,13,8404,1848
65,14,8662,2026
65,15,8868,2130
65,16,9006,2234
65,17,9122,2332
65,18,9304,2454
65,19,9508,2516
65,20,9682,2582
65,21,9780,2630
65,22,9870,2704
65,23,9962,2730
65,24,10020,2778
65,25,10076,2806
65,26,10138,2844
65,27,10200,2880
65,28,10224,2928
65,29,10254,2978
66,-1,9130,2008
66,0,48,54
66,1,116,130
66,2,302,352
66,3,842,662
66,4,1762,932
66,5,2690,1016
66,6,3598,1048
66,7,4516,1156
66,8,5216,1322
66,9,6016,1542
66,10,6896,1748
66,11,7820,1962
66,12,8698,2202
66,13,9642,2498
66,14,10642,2744
66,15,11646,2894
66,16,12512,3106
66,17,13224,3196
66,18,13860,3250
66,19,14492,3302
66,20,15160,3356
66,21,15802,3418
66,22,16298,3482
66,23,16778,3538
66,24,17250,3602
66,25,17608,3722
66,26,17864,3826
66,27,18068,3890
66,28,18190,3932
66,29,18260,4014
67,-1,4089,874
67,0,36,38
67,1,88,66
67,2,148,90
67,3,200,124
67,4,216,162
67,5,302,250
67,6,418,296
67,7,576,382
67,8,850,520
67,9,1152,566
67,10,1480,608
67,11,1854,664
67,12,2250,716
67,13,2700,774
67,14,3148,820
67,15,3602,850
67,16,4074,880
67,17,4540,914
67,18,5002,1032
67,19,5490,1146
67,20,5998,1228
67,21,6464,1324
67,22,6850,1404
67,23,7208,1454
67,24,7490,1488
67,25,7736,1542
67,26,7938,1626
67,27,8084,1666
67,28,8160,1720
67,29,8178,1746
68,-1,8758,1634
68,0,54,48
68,1,168,142
68,2,362,284
68,3,606,364
68,4,952,398
68,5,1290,484
68,6,1722,662
68,7,2376,812
68,8,3124,876
68,9,3888,960
68,10,4692,1050
68,11,5556,1094
68,12,6460,1186
68,13,7500,1260
68,14,8550,1340
68,15,9512,1424
68,16,10494,1524
68,17,11458,1624
68,18,12376,1716
68,19,13240,1858
68,20,14000,2054
68,21,14674,2218
68,22,15358,2360
68,23,16102,2540
68,24,16648,2750
68,25,17056,2850
68,26,17326,3032
68,27,17426,3154
68,28,17488,3226
68,29,17516,3264
69,-1,16447,3404
69,0,118,116
69,1,392,318
69,2,814,548
69,3,1256,660
69,4,1832,830
69,5,2448,958
69,6,3268,1162
69,7,4312,1470
69,8,5396,1920
69,9,6714,2304
69,10,8294,2564
69,11,9848,2814
69,12,11220,2994
69,13,12726,3168
69,14,14348,3358
69,15,15962,3632
69,16,17670,3870
69,17,19804,4232
69,18,22270,4424
69,19,24730,4566
69,20,26696,4826
69,21,28360,5396
69,22,29472,5764
69,23,30376,6034
69,24,31142,6178
69,25,31802,6304
69,26,32244,6452
69,27,32630,6518
69,28,32832,6692
69,29,32894,6806
70,-1,9057,2008
70,0,86,86
70,1,264,256
70,2,648,446
70,3,1174,548
70,4,1708,596
70,5,2140,666
70,6,2668,900
70,7,3380,1146
70,8,4134,1282
70,9,4996,1464
70,10,6242,1588
70,11,7520,1694
70,12,8738,1810
70,13,9932,1960
70,14,11140,2184
70,15,12236,2482
70,16,13018,2718
70,17,13688,2892
70,18,14202,3014
70,19,14652,3082
70,20,15162,3146
70,21,15664,3228
70,22,16106,3294
70,23,16604,3388
70,24,17128,3526
70,25,17460,3696
70,26,17692,3852
70,27,17858,3894
70,28,18036,3926
70,29,18114,4014
71,-1,57171,9502
71,0,592,292
71,1,1432,520
71,2,2688,860
71,3,4120,1406
71,4,5896,2084
71,5,9740,3278
71,6,14948,4278
71,7,21062,5228
71,8,28060,5650
71,9,34878,6444
71,10,40496,7426
71,11,44948,8150
71,12,48726,8810
71,13,52234,9662
71,14,56088,10216
71,15,59586,10578
71,16,63548,10948
71,17,68456,11480
71,18,72546,11904
71,19,74428,12752
71,20,76788,13662
71,21,80892,14356
71,22,86862,15000
71,23,93124,15256
71,24,98914,16072
71,25,104204,16840
71,26,108364,17316
71,27,111182,18024
71,28,113580,18560
71,29,114342,19002
72,-1,4161,1270
72,0,52,46
72,1,160,92
72,2,264,206
72,3,310,266
72,4,376,342
72,5,512,414
72,6,728,538
72,7,1026,656
72,8,1352,822
72,9,1762,952
72,10,2148,1026
72,11,2522,1136
72,12,2864,1262
72,13,3198,1328
72,14,3568,1438
72,15,4006,1540
72,16,4478,1614
72,17,4974,1656
72,18,5484,1726
72,19,5954,1808
72,20,6412,1876
72,21,6796,1928
72,22,7190,2002
72,23,7520,2116
72,24,7812,2206
72,25,8046,2282
72,26,8188,2378
72,27,8266,2452
72,28,8302,2506
72,29,8322,2538
73,-1,3514,828
73,0,32,30
73,1,74,74
73,2,220,178
73,3,432,268
73,4,770,426
73,5,1208,492
73,6,1632,572
73,7,2064,638
73,8,2464,750
73,9,2842,806
73,10,3276,858
73,11,3636,882
73,12,4006,904
73,13,4368,944
73,14,4700,992
73,15,5000,1038
73,16,5260,1122
73,17,5494,1180
73,18,5742,1196
73,19,5984,1224
73,20,6234,1250
73,21,6474,1282
73,22,6636,1356
73,23,6778,1396
73,24,6880,1446
73,25,6926,1524
73,26,6948,1550
73,27,6984,1580
73,28,7012,1622
73,29,7028,1652
74,-1,7518,1660
74,0,34,36
74,1,154,118
74,2,254,176
74,3,452,292
74,4,826,458
74,5,1266,574
74,6,1726,602
74,7,2188,636
74,8,2606,670
74,9,3034,700
74,10,3526,760
74,11,4000,824
74,12,4522,978
74,13,5128,1088
74,14,5738,1200
74,15,6370,1340
74,16,7194,1544
74,17,8098,1732
74,18,9016,1936
74,19,9912,2146
74,20,10862,2252
74,21,11870,2322
74,22,12606,2358
74,23,13304,2432
74,24,13922,2542
74,25,14480,2736
74,26,14834,3042
74,27,14984,3196
74,28,15012,3282
74,29,15036,3314
75,-1,8235,2246
75,0,92,64
75,1,220,136
75,2,354,208
75,3,408,304
75,4,558,486
75,5,726,662
75,6,796,724
75,7,922,842
75,8,1228,962
75,9,1594,1142
75,10,1962,1374
75,11,2578,1598
75,12,3414,1884
75,13,4304,2148
75,14,5334,2430
75,15,6676,2562
75,16,8090,2664
75,17,9470,2850
75,18,10768,3024
75,19,11942,3256
75,20,12760,3492
75,21,13334,3710
75,22,13852,3808
75,23,14348,3892
75,24,14796,3986
75,25,15234,4070
75,26,15682,4098
75,27,16096,4222
75,28,16372,4378
75,29,16470,4486
76,-1,3149,968
76,0,32,48
76,1,142,102
76,2,286,136
76,3,534,216
76,4,726,282
76,5,846,348
76,6,992,422
76,7,1178,502
76,8,1400,616
76,9,1628,684
76,10,1862,728
76,11,2110,772
76,12,2364,850
76,13,2648,896
76,14,2962,930
76,15,3316,976
76,16,3708,1064
76,17,4150,1094
76,18,4582,1134
76,19,4942,1192
76,20,5224,1294
76,21,5430,1390
76,22,5600,1470
76,23,5756,1530
76,24,5856,1620
76,25,5998,1714
76,26,6108,1792
76,27,6188,1840
76,28,6258,1880
76,29,6298,1930
77,-1,51974,6206
77,0,294,178
77,1,874,318
77,2,1480,476
77,3,2458,854
77,4,4232,1250
77,5,6452,1494
77,6,8668,2080
77,7,11946,3194
77,8,16986,3956
77,9,22856,4290
77,10,29196,4474
77,11,35626,4816
77,12,42518,5242
77,13,49936,5444
77,14,57174,5756
77,15,64058,6074
77,16,71440,6446
77,17,79098,6954
77,18,85728,7776
77,19,90954,8688
77,20,94612,9554
77,21,96720,10182
77,22,98192,10472
77,23,99832,10768
77,24,101074,11248
77,25,101844,11704
77,26,102300,11848
77,27,103092,12038
77,28,103582,12226
77,29,103948,12408
78,-1,33722,4140
78,0,176,228
78,1,1398,636
78,2,3524,1020
78,3,6330,1322
78,4,9722,1536
78,5,13382,1836
78,6,17146,2168
78,7,20826,2324
78,8,24194,2426
78,9,27564,2588
78,10,31042,2940
78,11,34978,3492
78,12,38816,4026
78,13,42650,4412
78,14,46496,4718
78,15,50442,4786
78,16,53982,5296
78,17,56678,5972
78,18,58904,6510
78,19,60556,6730
78,20,61924,6888
78,21,63318,6974
78,22,64470,7222
78,23,65164,7522
78,24,65616,7644
78,25,66082,7702
78,26,66620,7758
78,27,67016,7918
78,28,67308,8098
78,29,67444,8278
79,-1,11913,2262
79,0,66,78
79,1,244,152
79,2,500,326
79,3,798,478
79,4,1034,548
79,5,1300,664
79,6,1836,932
79,7,2800,1420
79,8,4276,1652
79,9,5906,1780
79,10,7294,1854
79,11,8682,1906
79,12,9928,2050
79,13,11128,2284
79,14,12236,2450
79,15,13234,2590
79,16,14204,2650
79,17,15184,2706
79,18,16110,2794
79,19,17094,2944
79,20,18160,3058
79,21,19222,3188
79,22,20312,3356
79,23,21334,3528
79,24,22192,3734
79,25,22806,3946
79,26,23316,4114
79,27,23636,4350
79,28,23808,4490
79,29,23826,4522
80,-1,16568,2372
80,0,22,38
80,1,164,142
80,2,650,308
80,3,1134,458
80,4,1680,550
80,5,2228,676
80,6,2460,800
80,7,2656,962
80,8,3178,1378
80,9,4398,1756
80,10,6128,1928
80,11,7726,2046
80,12,9470,2264
80,13,11510,2430
80,14,13694,2570
80,15,15796,2666
80,16,17888,2784
80,17,20140,2980
80,18,22380,3200
80,19,24350,3284
80,20,26132,3450
80,21,27742,3626
80,22,29106,3890
80,23,30180,4010
80,24,31174,4202
80,25,31898,4376
80,26,32392,4460
80,27,32806,4554
80,28,33054,4676
80,29,33136,4742
81,-1,3769,1412
81,0,58,80
81,1,182,188
81,2,410,276
81,3,708,398
81,4,1012,624
81,5,1264,750
81,6,1492,818
81,7,1642,882
81,8,1822,964
81,9,2046,1084
81,10,2300,1206
81,11,2596,1440
81,12,2934,1554
81,13,3252,1592
81,14,3560,1632
81,15,3824,1750
81,16,4070,1812
81,17,4362,1900
81,18,4808,2030
81,19,5220,2088
81,20,5548,2180
81,21,5942,2276
81,22,6320,2344
81,23,6710,2428
81,24,7056,2494
81,25,7278,2638
81,26,7406,2722
81,27,7450,2762
81,28,7516,2796
81,29,7538,2822
82,-1,5288,1368
82,0,42,66
82,1,126,118
82,2,300,200
82,3,542,366
82,4,1000,484
82,5,1578,582
82,6,2244,642
82,7,2852,752
82,8,3364,946
82,9,3848,1086
82,10,4172,1218
82,11,4496,1296
82,12,4818,1354
82,13,5204,1440
82,14,5606,1580
82,15,6042,1658
82,16,6470,1710
82,17,6874,1766
82,18,7268,1824
82,19,7712,1904
82,20,8180,1984
82,21,8592,2010
82,22,8944,2128
82,23,9210,2224
82,24,9500,2296
82,25,9828,2362
82,26,10118,2430
82,27,10352,2524
82,28,10514,2646
82,29,10576,2728
83,-1,5472,1496
83,0,54,88
83,1,114,172
83,2,236,246
83,3,434,332
83,4,626,470
83,5,904,574
83,6,1116,668
83,7,1270,802
83,8,1598,962
83,9,2106,1144
83,10,2718,1234
83,11,3378,1278
83,12,4088,1376
83,13,4686,1472
83,14,5198,1546
83,15,5726,1598
83,16,6218,1634
83,17,6708,1680
83,18,7188,1786
83,19,7642,1904
83,20,8074,2032
83,21,8550,2184
83,22,9118,2400
83,23,9602,2558
83,24,9984,2628
83,25,10312,2738
83,26,10574,2816
83,27,10750,2892
83,28,10880,2948
83,29,10944,2986
84,-1,8272,2422
84,0,36,70
84,1,260,222
84,2,582,350
84,3,1146,486
84,4,1646,576
84,5,2168,686
84,6,2590,840
84,7,3148,928
84,8,3670,976
84,9,4198,1032
84,10,4752,1100
84,11,5450,1248
84,12,6276,1306
84,13,7080,1422
84,14,7770,1628
84,15,8316,1772
84,16,9022,1976
84,17,9868,2208
84,18,10750,2478
84,19,11610,2674
84,20,12528,2952
84,21,13510,3286
84,22,14316,3656
84,23,14774,3960
84,24,15244,4202
84,25,15786,4344
84,26,16106,4546
84,27,16336,4692
84,28,16500,4776
84,29,16544,4838
85,-1,3759,1058
85,0,10,22
85,1,34,66
85,2,96,102
85,3,264,214
85,4,478,280
85,5,806,404
85,6,1152,520
85,7,1490,596
85,8,1798,626
85,9,2046,674
85,10,2226,708
85,11,2452,770
85,12,2718,860
85,13,3018,956
85,14,3294,1040
85,15,3714,1186
85,16,4214,1248
85,17,4738,1298
85,18,5252,1340
85,19,5604,1400
85,20,5988,1442
85,21,6358,1482
85,22,6678,1554
85,23,6970,1652
85,24,7136,1792
85,25,7252,1884
85,26,7374,1978
85,27,7456,2060
85,28,7498,2090
85,29,7518,2114
86,-1,3163,752
86,0,36,40
86,1,118,104
86,2,292,222
86,3,488,280
86,4,682,374
86,5,976,452
86,6,1296,540
86,7,1636,590
86,8,1994,632
86,9,2336,696
86,10,2716,766
86,11,3134,798
86,12,3576,836
86,13,4034,902
86,14,4480,966
86,15,4848,1054
86,16,5166,1112
86,17,5440,1154
86,18,5586,1188
86,19,5716,1206
86,20,5848,1224
86,21,5984,1272
86,22,6100,1310
86,23,6186,1358
86,24,6228,1422
86,25,6254,1444
86,26,6280,1456
86,27,6302,1468
86,28,6318,1488
86,29,6326,1500
87,-1,3552,970
87,0,26,38
87,1,174,158
87,2,430,260
87,3,704,336
87,4,1038,374
87,5,1378,436
87,6,1756,468
87,7,2158,534
87,8,2586,592
87,9,2996,636
87,10,3384,668
87,11,3658,744
87,12,3940,776
87,13,4266,832
87,14,4496,858
87,15,4740,896
87,16,5036,974
87,17,5358,1048
87,18,5698,1106
87,19,6006,1178
87,20,6262,1290
87,21,6460,1398
87,22,6646,1488
87,23,6776,1596
87,24,6864,1690
87,25,6928,1776
87,26,6984,1840
87,27,7036,1874
87,28,7074,1904
87,29,7104,1936
88,-1,8030,2184
88,0,64,66
88,1,156,114
88,2,216,156
88,3,294,216
88,4,442,292
88,5,736,404
88,6,1176,596
88,7,1630,782
88,8,2236,1000
88,9,3072,1240
88,10,4186,1536
88,11,5434,1708
88,12,6720,1834
88,13,7880,2014
88,14,8918,2126
88,15,9890,2270
88,16,10754,2546
88,17,11448,2880
88,18,12196,3176
88,19,12626,3462
88,20,13020,3616
88,21,13492,3680
88,22,14014,3772
88,23,14540,3840
88,24,15062,3874
88,25,15568,3966
88,26,15784,4154
88,27,15870,4248
88,28,15972,4280
88,29,16060,4366
89,-1,8888,2084
89,0,88,120
89,1,380,340
89,2,858,590
89,3,1648,792
89,4,2626,1014
89,5,3638,1096
89,6,4676,1154
89,7,5618,1208
89,8,6488,1296
89,9,7412,1408
89,10,8324,1614
89,11,9200,1724
89,12,10012,1886
89,13,10694,2058
89,14,11426,2266
89,15,12072,2422
89,16,12550,2508
89,17,13080,2626
89,18,13636,2720
89,19,14058,2860
89,20,14404,2934
89,21,14802,3052
89,22,15298,3216
89,23,15880,3396
89,24,16446,3564
89,25,16912,3724
89,26,17286,3868
89,27,17566,3978
89,28,17736,4116
89,29,17776,4164
90,-1,7051,2078
90,0,84,106
90,1,270,192
90,2,482,276
90,3,704,360
90,4,1018,562
90,5,1598,688
90,6,2328,776
90,7,3040,984
90,8,3658,1048
90,9,4206,1240
90,10,4804,1384
90,11,5280,1468
90,12,5966,1636
90,13,6678,1774
90,14,7346,2004
90,15,7710,2270
90,16,7802,2376
90,17,7936,2518
90,18,8340,2770
90,19,8908,2864
90,20,9718,3032
90,21,10758,3184
90,22,11646,3324
90,23,12358,3534
90,24,12850,3668
90,25,13264,3826
90,26,13628,3938
90,27,13806,4010
90,28,13992,4090
90,29,14102,4154
91,-1,8340,2418
91,0,194,110
91,1,502,206
91,2,894,340
91,3,1396,538
91,4,2108,728
91,5,2810,926
91,6,3522,1084
91,7,4278,1220
91,8,5210,1492
91,9,5848,1638
91,10,6416,1726
91,11,6948,1820
91,12,7362,1908
91,13,7758,2026
91,14,8254,2250
91,15,8952,2364
91,16,9718,2522
91,17,10696,2772
91,18,11786,3052
91,19,12844,3364
91,20,13606,3546
91,21,14148,3696
91,22,14738,3832
91,23,15412,4050
91,24,15832,4250
91,25,16194,4350
91,26,16416,4562
91,27,16538,4658
91,28,16628,4768
91,29,16680,4834
92,-1,36805,4686
92,0,152,136
92,1,572,324
92,2,1408,548
92,3,2356,706
92,4,3316,922
92,5,4514,1248
92,6,6376,1674
92,7,8578,1810
92,8,10652,1942
92,9,13234,2304
92,10,16234,2818
92,11,19274,3412
92,12,22760,3846
92,13,26600,4148
92,14,30666,4314
92,15,35072,4558
92,16,39840,4808
92,17,44282,5066
92,18,48402,5212
92,19,52102,5432
92,20,55412,5798
92,21,58296,6186
92,22,61296,6546
92,23,64094,6894
92,24,66822,7148
92,25,69576,7602
92,26,71714,8258
92,27,72758,8834
92,28,73464,9150
92,29,73610,9368
93,-1,11650,2104
93,0,58,54
93,1,222,194
93,2,540,274
93,3,990,382
93,4,1584,560
93,5,2168,722
93,6,2932,880
93,7,3892,1044
93,8,4974,1158
93,9,6248,1430
93,10,7476,1568
93,11,8702,1618
93,12,9932,1678
93,13,11216,1764
93,14,12464,1846
93,15,13738,1908
93,16,14986,1996
93,17,16032,2150
93,18,17000,2288
93,19,18006,2452
93,20,18900,2712
93,21,19726,2972
93,22,20480,3110
93,23,21224,3324
93,24,21806,3598
93,25,22300,3730
93,26,22792,3876
93,27,23086,4016
93,28,23258,4130
93,29,23300,4202
94,-1,4930,1592
94,0,42,82
94,1,224,160
94,2,412,274
94,3,602,368
94,4,768,498
94,5,1020,668
94,6,1270,850
94,7,1686,1142
94,8,2232,1446
94,9,2946,1622
94,10,3740,1696
94,11,4494,1770
94,12,5124,1910
94,13,5646,2008
94,14,6094,2086
94,15,6566,2126
94,16,7022,2258
94,17,7428,2364
94,18,7806,2428
94,19,8166,2478
94,20,8486,2560
94,21,8760,2658
94,22,9060,2744
94,23,9280,2818
94,24,9418,2900
94,25,9502,2974
94,26,9588,3022
94,27,9682,3076
94,28,9798,3116
94,29,9860,3180
95,-1,3017,1160
95,0,24,48
95,1,142,192
95,2,312,298
95,3,594,420
95,4,886,490
95,5,1190,520
95,6,1500,606
95,7,1778,712
95,8,2034,872
95,9,2322,994
95,10,2606,1044
95,11,2904,1064
95,12,3208,1088
95,13,3514,1116
95,14,3812,1150
95,15,4150,1220
95,16,4526,1276
95,17,4838,1382
95,18,5032,1490
95,19,5216,1564
95,20,5378,1642
95,21,5462,1784
95,22,5580,1912
95,23,5714,2018
95,24,5774,2074
95,25,5826,2104
95,26,5902,2152
95,27,5960,2222
95,28,6006,2280
95,29,6034,2316
96,-1,4509,976
96,0,46,54
96,1,162,138
96,2,364,254
96,3,600,342
96,4,928,464
96,5,1320,562
96,6,1716,640
96,7,2148,686
96,8,2640,786
96,9,3146,856
96,10,3654,878
96,11,4186,926
96,12,4692,990
96,13,5176,1076
96,14,5610,1150
96,15,6042,1224
96,16,6464,1294
96,17,6872,1370
96,18,7278,1436
96,19,7636,1470
96,20,7976,1506
96,21,8310,1550
96,22,8512,1590
96,23,8682,1638
96,24,8796,1722
96,25,8888,1786
96,26,8932,1846
96,27,8972,1890
96,28,9000,1924
96,29,9018,1946
97,-1,3181,1072
97,0,40,34
97,1,108,94
97,2,190,196
97,3,284,226
97,4,414,284
97,5,662,446
97,6,1068,606
97,7,1586,722
97,8,2072,862
97,9,2554,934
97,10,3012,986
97,11,3436,1042
97,12,3822,1108
97,13,4180,1222
97,14,4532,1302
97,15,4860,1386
97,16,5094,1432
97,17,5330,1490
97,18,5550,1544
97,19,5734,1606
97,20,5876,1682
97,21,5950,1770
97,22,6000,1828
97,23,6056,1856
97,24,6116,1898
97,25,6182,1962
97,26,6238,2020
97,27,6292,2052
97,28,6336,2096
97,29,6362,2138
98,-1,7499,1480
98,0,48,62
98,1,174,184
98,2,432,388
98,3,910,568
98,4,1592,794
98,5,2320,998
98,6,3046,1122
98,7,3806,1276
98,8,4478,1434
98,9,5156,1490
98,10,5826,1514
98,11,6466,1560
98,12,7058,1636
98,13,7754,1734
98,14,8466,1784
98,15,9182,1828
98,16,9876,1868
98,17,10542,1960
98,18,11288,2084
98,19,12048,2184
98,20,12648,2284
98,21,13102,2374
98,22,13442,2428
98,23,13806,2468
98,24,14170,2504
98,25,14520,2566
98,26,14772,2692
98,27,14926,2836
98,28,14986,2936
98,29,14998,2958
99,-1,3826,1004
99,0,12,22
99,1,30,54
99,2,112,136
99,3,196,210
99,4,320,338
99,5,512,488
99,6,802,564
99,7,1174,644
99,8,1596,786
99,9,1990,876
99,10,2444,972
99,11,2968,1060
99,12,3476,1178
99,13,3948,1234
99,14,4422,1302
99,15,4854,1360
99,16,5264,1380
99,17,5658,1412
99,18,6014,1468
99,19,6328,1560
99,20,6620,1612
99,21,6898,1670
99,22,7126,1736
99,23,7306,1784
99,24,7424,1798
99,25,7518,1868
99,26,7584,1934
99,27,7618,1966
99,28,7642,1986
99,29,7652,2004
100,-1,18867,3914
100,0,116,96
100,1,426,196
100,2,888,388
100,3,1574,528
100,4,2432,820
100,5,3170,1122
100,6,4844,1640
100,7,6740,2122
100,8,8204,2590
100,9,9850,3064
100,10,11768,3386
100,11,14070,3610
100,12,16072,4032
100,13,18166,4522
100,14,20168,4868
100,15,21706,5076
100,16,23164,5264
100,17,24678,5492
100,18,26266,5698
100,19,27720,5878
100,20,29256,6158
100,21,30794,6408
100,22,32178,6666
100,23,33400,6958
100,24,34578,7188
100,25,35710,7344
100,26,36530,7496
100,27,37184,7624
100,28,37532,7714
100,29,37734,7818
101,-1,38823,6010
101,0,178,148
101,1,524,310
101,2,1122,602
101,3,2454,1030
101,4,4508,1660
101,5,7348,2368
101,6,10166,3000
101,7,12192,3780
101,8,15074,4352
101,9,18298,4888
101,10,22294,5260
101,11,26522,5398
101,12,30576,5546
101,13,34968,5708
101,14,39698,5978
101,15,44338,6250
101,16,49292,6632
101,17,54310,7070
101,18,59686,7592
101,19,64646,8504
101,20,68544,9182
101,21,71738,9916
101,22,74092,10288
101,23,75640,10846
101,24,76446,11352
101,25,76626,11492
101,26,76880,11680
101,27,77294,11804
101,28,77574,11906
101,29,77646,12018
102,-1,9124,1932
102,0,108,122
102,1,462,394
102,2,1002,702
102,3,2058,1126
102,4,3394,1302
102,5,4842,1420
102,6,6312,1500
102,7,7642,1610
102,8,8862,1728
102,9,9772,1876
102,10,10610,1996
102,11,11508,2080
102,12,12362,2194
102,13,13212,2312
102,14,13994,2486
102,15,14716,2596
102,16,15276,2738
102,17,15688,2804
102,18,15958,2884
102,19,16242,2938
102,20,16532,2978
102,21,16892,3054
102,22,17316,3138
102,23,17610,3292
102,24,17816,3442
102,25,17938,3542
102,26,18058,3634
102,27,18128,3706
102,28,18206,3798
102,29,18248,3862
103,-1,16847,3296
103,0,226,180
103,1,568,304
103,2,756,548
103,3,1328,916
103,4,2420,1334
103,5,3928,1698
103,6,5680,2000
103,7,7650,2334
103,8,9756,2656
103,9,11830,2744
103,10,14152,2946
103,11,16732,3144
103,12,19132,3448
103,13,21070,3790
103,14,22556,4148
103,15,23512,4452
103,16,24318,4646
103,17,25052,4914
103,18,25720,5006
103,19,26372,5142
103,20,27118,5334
103,21,28128,5480
103,22,29004,5634
103,23,29842,5694
103,24,30786,5834
103,25,31740,5940
103,26,32562,6142
103,27,33154,6288
103,28,33618,6470
103,29,33694,6590
104,-1,6077,1350
104,0,42,36
104,1,152,126
104,2,348,262
104,3,646,388
104,4,1044,466
104,5,1516,530
104,6,2036,626
104,7,2604,674
104,8,3182,694
104,9,3778,756
104,10,4408,816
104,11,5124,914
104,12,5938,1002
104,13,6756,1058
104,14,7598,1126
104,15,8378,1304
104,16,9088,1464
104,17,9636,1648
104,18,10070,1808
104,19,10454,2018
104,20,10782,2166
104,21,11008,2242
104,22,11270,2288
104,23,11556,2380
104,24,11744,2438
104,25,11886,2496
104,26,12016,2540
104,27,12072,2594
104,28,12104,2646
104,29,12154,2692
105,-1,4508,1240
105,0,44,54
105,1,140,106
105,2,272,170
105,3,552,314
105,4,892,394
105,5,1134,522
105,6,1362,726
105,7,1792,918
105,8,2322,1000
105,9,2808,1078
105,10,3248,1136
105,11,3690,1178
105,12,4136,1218
105,13,4592,1262
105,14,4954,1302
105,15,5350,1414
105,16,5854,1500
105,17,6332,1580
105,18,6828,1716
105,19,7232,1806
105,20,7612,1918
105,21,7942,2042
105,22,8206,2146
105,23,8382,2248
105,24,8530,2274
105,25,8704,2314
105,26,8840,2352
105,27,8942,2398
105,28,8986,2456
105,29,9016,2470
106,-1,3685,994
106,0,32,36
106,1,76,58
106,2,158,106
106,3,248,154
106,4,326,216
106,5,440,264
106,6,640,350
106,7,956,434
106,8,1246,480
106,9,1536,532
106,10,1846,568
106,11,2162,636
106,12,2568,726
106,13,2982,764
106,14,3466,852
106,15,3952,884
106,16,4398,976
106,17,4804,1052
106,18,5166,1112
106,19,5518,1164
106,20,5834,1238
106,21,6196,1326
106,22,6480,1458
106,23,6704,1620
106,24,6970,1760
106,25,7088,1808
106,26,7176,1854
106,27,7260,1888
106,28,7334,1946
106,29,7370,1980
107,-1,4262,1040
107,0,20,26
107,1,82,74
107,2,174,114
107,3,242,156
107,4,348,222
107,5,514,368
107,6,798,494
107,7,1144,572
107,8,1492,602
107,9,1800,634
107,10,2172,742
107,11,2702,878
107,12,3248,974
107,13,3762,1078
107,14,4280,1110
107,15,4814,1160
107,16,5416,1204
107,17,6000,1264
107,18,6538,1290
107,19,7056,1326
107,20,7524,1468
107,21,7762,1614
107,22,7938,1708
107,23,8078,1782
107,24,8220,1846
107,25,8346,1906
107,26,8454,1972
107,27,8510,2036
107,28,8518,2066
107,29,8524,2076
108,-1,8270,2130
108,0,142,130
108,1,440,190
108,2,842,288
108,3,1310,476
108,4,1816,728
108,5,2622,880
108,6,3468,1018
108,7,4320,1222
108,8,5228,1416
108,9,6174,1564
108,10,6976,1680
108,11,7696,1812
108,12,8208,1928
108,13,8696,2054
108,14,9132,2170
108,15,9576,2304
108,16,10014,2416
108,17,10712,2718
108,18,11508,2928
108,19,12284,3114
108,20,13102,3242
108,21,13892,3352
108,22,14612,3500
108,23,15214,3696
108,24,15706,3874
108,25,16076,4022
108,26,16300,4078
108,27,16416,4142
108,28,16494,4214
108,29,16540,4258
109,-1,3572,1052
109,0,64,78
109,1,180,154
109,2,352,270
109,3,558,414
109,4,790,526
109,5,1034,636
109,6,1386,808
109,7,1814,850
109,8,2224,968
109,9,2524,1072
109,10,2826,1190
109,11,3184,1244
109,12,3510,1288
109,13,3810,1316
109,14,4090,1350
109,15,4422,1390
109,16,4686,1428
109,17,4950,1464
109,18,5218,1510
109,19,5494,1558
109,20,5754,1606
109,21,6000,1684
109,22,6202,1764
109,23,6424,1826
109,24,6636,1894
109,25,6776,1950
109,26,6916,1980
109,27,7032,2020
109,28,7116,2050
109,29,7144,2102
110,-1,7436,1848
110,0,52,68
110,1,118,142
110,2,184,194
110,3,340,330
110,4,682,528
110,5,1110,676
110,6,1686,858
110,7,2324,980
110,8,3120,1278
110,9,4084,1432
110,10,5144,1506
110,11,5972,1552
110,12,6824,1676
110,13,7754,1770
110,14,8646,1810
110,15,9588,1854
110,16,10478,1910
110,17,11310,2000
110,18,12124,2108
110,19,12818,2342
110,20,13498,2580
110,21,13950,2878
110,22,14200,3110
110,23,14376,3248
110,24,14462,3338
110,25,14540,3402
110,26,14660,3482
110,27,14780,3596
110,28,14858,3664
110,29,14872,3694
111,-1,9389,2390
111,0,86,68
111,1,250,148
111,2,552,278
111,3,934,420
111,4,1378,644
111,5,1970,1002
111,6,2788,1312
111,7,3676,1484
111,8,4578,1614
111,9,5482,1784
111,10,6460,1922
111,11,7434,2000
111,12,8432,2122
111,13,9530,2284
111,14,10684,2506
111,15,12026,2798
111,16,13260,3042
111,17,14318,3290
111,18,15282,3546
111,19,16150,3708
111,20,16884,3866
111,21,17408,4006
111,22,17810,4072
111,23,18110,4216
111,24,18346,4358
111,25,18554,4490
111,26,18694,4630
111,27,18726,4688
111,28,18756,4738
111,29,18778,4778
112,-1,22378,3470
112,0,54,64
112,1,264,212
112,2,914,558
112,3,1878,804
112,4,2896,1074
112,5,4068,1276
112,6,5370,1454
112,7,6720,1528
112,8,8014,1712
112,9,9348,1880
112,10,10982,2160
112,11,13350,2574
112,12,15944,2892
112,13,18590,3342
112,14,21376,3746
112,15,23876,4246
112,16,26002,4522
112,17,28058,4772
112,18,30214,4944
112,19,32402,5094
112,20,34590,5346
112,21,36830,5642
112,22,38942,5842
112,23,40442,5980
112,24,41868,6152
112,25,42932,6408
112,26,43830,6522
112,27,44448,6690
112,28,44696,6866
112,29,44756,6938
113,-1,4098,1288
113,0,36,58
113,1,154,190
113,2,438,370
113,3,824,496
113,4,1360,662
113,5,1954,716
113,6,2524,846
113,7,2950,1006
113,8,3406,1078
113,9,3954,1144
113,10,4372,1344
113,11,4556,1492
113,12,4790,1542
113,13,5038,1586
113,14,5302,1650
113,15,5596,1724
113,16,5894,1790
113,17,6220,1844
113,18,6532,1886
113,19,6896,1920
113,20,7198,2054
113,21,7444,2158
113,22,7628,2244
113,23,7744,2282
113,24,7866,2318
113,25,7972,2366
113,26,8060,2422
113,27,8118,2492
113,28,8168,2542
113,29,8196,2570
114,-1,4442,1450
114,0,50,44
114,1,210,132
114,2,334,192
114,3,516,276
114,4,722,340
114,5,896,468
114,6,1164,588
114,7,1608,700
114,8,2134,768
114,9,2722,842
114,10,3308,916
114,11,3852,986
114,12,4330,1072
114,13,4770,1186
114,14,5190,1306
114,15,5514,1402
114,16,5762,1484
114,17,5982,1678
114,18,6234,1752
114,19,6592,1842
114,20,7014,1934
114,21,7396,2084
114,22,7706,2204
114,23,8026,2288
114,24,8314,2422
114,25,8486,2602
114,26,8622,2690
114,27,8718,2772
114,28,8846,2828
114,29,8884,2898
115,-1,7519,2006
115,0,190,216
115,1,744,346
115,2,1458,532
115,3,2410,626
115,4,3210,764
115,5,4042,920
115,6,4824,1104
115,7,5396,1194
115,8,5844,1350
115,9,6024,1524
115,10,6146,1608
115,11,6446,1800
115,12,6910,1994
115,13,7544,2160
115,14,8150,2280
115,15,8592,2464
115,16,9086,2550
115,17,9528,2700
115,18,10102,2776
115,19,10750,2846
115,20,11426,3042
115,21,12174,3178
115,22,12858,3336
115,23,13410,3508
115,24,13854,3612
115,25,14228,3654
115,26,14522,3736
115,27,14716,3800
115,28,14890,3854
115,29,15038,4002
116,-1,11023,1854
116,0,142,172
116,1,498,310
116,2,846,402
116,3,1018,498
116,4,1240,634
116,5,1696,756
116,6,2158,860
116,7,3002,1150
116,8,4272,1362
116,9,5606,1522
116,10,6526,1620
116,11,7444,1664
116,12,8348,1742
116,13,9424,1914
116,14,10754,2016
116,15,12098,2070
116,16,13382,2130
116,17,14640,2186
116,18,15774,2298
116,19,16902,2390
116,20,18086,2550
116,21,19296,2688
116,22,20244,2854
116,23,20994,2990
116,24,21482,3214
116,25,21814,3428
116,26,21950,3566
116,27,22002,3620
116,28,22024,3660
116,29,22046,3706
117,-1,5013,1180
117,0,14,26
117,1,120,92
117,2,204,176
117,3,366,282
117,4,640,352
117,5,944,390
117,6,1280,436
117,7,1648,474
117,8,2088,528
117,9,2566,600
117,10,3164,794
117,11,3864,1048
117,12,4592,1226
117,13,5330,1368
117,14,6092,1466
117,15,6584,1582
117,16,6990,1654
117,17,7414,1724
117,18,7822,1808
117,19,8218,1860
117,20,8580,1904
117,21,8924,1940
117,22,9222,1996
117,23,9514,2056
117,24,9710,2156
117,25,9846,2226
117,26,9950,2284
117,27,9990,2320
117,28,10014,2336
117,29,10026,2356
118,-1,4431,938
118,0,22,30
118,1,58,64
118,2,84,102
118,3,148,144
118,4,212,218
118,5,338,348
118,6,586,404
118,7,870,438
118,8,1210,526
118,9,1580,598
118,10,1944,650
118,11,2294,696
118,12,2666,728
118,13,3068,764
118,14,3482,806
118,15,3890,832
118,16,4280,854
118,17,4644,910
118,18,5112,982
118,19,5686,1022
118,20,6296,1062
118,21,6962,1148
118,22,7702,1212
118,23,8188,1414
118,24,8474,1536
118,25,8592,1662
118,26,8686,1742
118,27,8770,1780
118,28,8832,1832
118,29,8862,1870
119,-1,46704,5438
119,0,330,252
119,1,1278,540
119,2,2670,726
119,3,4170,924
119,4,6382,1332
119,5,9630,1710
119,6,13756,2104
119,7,18702,2254
119,8,23740,2518
119,9,29020,2684
119,10,34512,3004
119,11,40258,3548
119,12,46234,3826
119,13,51126,4342
119,14,56088,4698
119,15,61264,5000
119,16,65932,5414
119,17,70246,5990
119,18,73680,6242
119,19,77222,6568
119,20,80084,7198
119,21,82344,7664
119,22,84232,8448
119,23,86682,8658
119,24,88930,9156
119,25,90588,9800
119,26,91848,10152
119,27,92644,10470
119,28,93204,10692
119,29,93408,10872
120,-1,3459,1120
120,0,48,78
120,1,200,232
120,2,340,336
120,3,500,454
120,4,702,668
120,5,974,884
120,6,1392,1010
120,7,1874,1060
120,8,2306,1172
120,9,2702,1268
120,10,3080,1342
120,11,3342,1436
120,12,3616,1482
120,13,3852,1534
120,14,4080,1556
120,15,4326,1578
120,16,4596,1606
120,17,4870,1640
120,18,5116,1674
120,19,5376,1694
120,20,5654,1738
120,21,5920,1794
120,22,6172,1846
120,23,6410,1866
120,24,6622,1930
120,25,6762,2028
120,26,6802,2104
120,27,6844,2130
120,28,6890,2182
120,29,6918,2236
121,-1,114183,12952
121,0,486,330
121,1,1522,522
121,2,3320,1246
121,3,7720,2234
121,4,14150,2918
121,5,20688,3514
121,6,27576,4096
121,7,35244,4368
121,8,43432,4540
121,9,51146,4804
121,10,58618,5402
121,11,66880,6416
121,12,76622,7468
121,13,88242,8536
121,14,100334,9102
121,15,112782,10204
121,16,125818,11632
121,17,139246,13182
121,18,152432,14594
121,19,166446,15568
121,20,179930,16492
121,21,190958,18132
121,22,200446,19640
121,23,207866,21014
121,24,214296,22340
121,25,220380,23414
121,26,224546,24330
121,27,226878,25142
121,28,228146,25722
121,29,228366,25902
122,-1,50595,5602
122,0,292,220
122,1,898,486
122,2,2072,910
122,3,4042,1248
122,4,6338,1500
122,5,8656,1826
122,6,10970,2316
122,7,13284,2536
122,8,16498,2898
122,9,20348,3128
122,10,25196,3670
122,11,30442,4198
122,12,35522,4676
122,13,40790,4846
122,14,46208,5088
122,15,51404,5382
122,16,55984,5632
122,17,60806,5818
122,18,64878,6204
122,19,68404,6574
122,20,71980,6832
122,21,75670,7146
122,22,79522,7390
122,23,83752,7630
122,24,87916,8084
122,25,92350,8486
122,26,96256,9104
122,27,99274,10274
122,28,100698,10848
122,29,101190,11202
123,-1,4152,1098
123,0,28,42
123,1,86,112
123,2,222,224
123,3,458,348
123,4,792,458
123,5,1172,560
123,6,1592,654
123,7,2030,768
123,8,2496,846
123,9,2932,884
123,10,3316,942
123,11,3678,974
123,12,4056,1054
123,13,4490,1106
123,14,4952,1174
123,15,5420,1278
123,16,5916,1368
123,17,6416,1440
123,18,6852,1498
123,19,7166,1598
123,20,7396,1660
123,21,7620,1786
123,22,7804,1918
123,23,7910,1972
123,24,8002,2026
123,25,8094,2068
123,26,8172,2112
123,27,8238,2142
123,28,8290,2166
123,29,8304,2192
124,-1,10115,1994
124,0,58,84
124,1,242,236
124,2,580,364
124,3,1186,530
124,4,2100,730
124,5,2988,974
124,6,3774,1270
124,7,4768,1418
124,8,5650,1566
124,9,6634,1812
124,10,7546,2022
124,11,8470,2166
124,12,9534,2274
124,13,10688,2340
124,14,11780,2442
124,15,12760,2530
124,16,13530,2600
124,17,14396,2728
124,18,15212,2940
124,19,15802,3056
124,20,16402,3156
124,21,17084,3230
124,22,17740,3338
124,23,18270,3414
124,24,18714,3518
124,25,19006,3616
124,26,19472,3712
124,27,19940,3810
124,28,20176,3922
124,29,20230,3986
125,-1,3499,1270
125,0,38,52
125,1,96,124
125,2,292,310
125,3,612,418
125,4,1000,566
125,5,1506,686
125,6,1980,746
125,7,2370,896
125,8,2598,984
125,9,2802,1036
125,10,3048,1086
125,11,3306,1140
125,12,3498,1216
125,13,3652,1304
125,14,3800,1386
125,15,3994,1498
125,16,4230,1616
125,17,4470,1694
125,18,4774,1772
125,19,5138,1836
125,20,5526,1918
125,21,5768,2012
125,22,6016,2062
125,23,6242,2096
125,24,6436,2136
125,25,6548,2198
125,26,6754,2280
125,27,6888,2354
125,28,6976,2494
125,29,6998,2538
126,-1,3172,1046
126,0,8,18
126,1,34,54
126,2,90,118
126,3,188,174
126,4,366,284
126,5,588,408
126,6,856,524
126,7,1166,632
126,8,1484,774
126,9,1864,844
126,10,2264,930
126,11,2686,1018
126,12,3078,1080
126,13,3442,1152
126,14,3802,1244
126,15,4214,1346
126,16,4632,1420
126,17,4886,1484
126,18,5090,1546
126,19,5266,1602
126,20,5448,1674
126,21,5644,1732
126,22,5824,1800
126,23,5962,1862
126,24,6092,1908
126,25,6194,1954
126,26,6276,2000
126,27,6320,2050
126,28,6336,2072
126,29,6344,2088
127,-1,38040,5336
127,0,152,138
127,1,478,464
127,2,1066,714
127,3,2302,1104
127,4,3920,1406
127,5,5916,1616
127,6,8110,1854
127,7,10246,2098
127,8,11938,2288
127,9,13486,2516
127,10,15332,2994
127,11,17218,3406
127,12,19726,4180
127,13,24100,4706
127,14,28936,5022
127,15,34076,5356
127,16,39324,5682
127,17,44128,5854
127,18,49170,6142
127,19,54758,6330
127,20,59266,6952
127,21,61982,7278
127,22,64402,7610
127,23,66788,7802
127,24,68902,8100
127,25,71226,8528
127,26,73384,9404
127,27,74776,10014
127,28,75772,10452
127,29,76080,10666
128,-1,5052,1896
128,0,66,84
128,1,154,166
128,2,308,244
128,3,584,374
128,4,1022,588
128,5,1492,826
128,6,1950,942
128,7,2370,1050
128,8,2752,1204
128,9,3140,1376
128,10,3626,1640
128,11,4120,1822
128,12,4712,1940
128,13,5314,2072
128,14,5832,2222
128,15,6374,2406
128,16,6916,2552
128,17,7354,2696
128,18,7706,2884
128,19,8020,3060
128,20,8330,3160
128,21,8716,3296
128,22,9050,3386
128,23,9336,3448
128,24,9554,3520
128,25,9740,3612
128,26,9888,3652
128,27,9980,3694
128,28,10064,3728
128,29,10104,3790
129,-1,13929,3436
129,0,164,94
129,1,446,338
129,2,1204,758
129,3,1894,1084
129,4,2702,1490
129,5,3762,1900
129,6,5288,2242
129,7,7012,2394
129,8,8542,2666
129,9,9740,3038
129,10,10740,3388
129,11,11496,3578
129,12,12274,3768
129,13,13302,4088
129,14,14702,4398
129,15,16076,4658
129,16,17334,4954
129,17,18484,5192
129,18,19662,5250
129,19,20844,5354
129,20,21920,5650
129,21,22906,5942
129,22,23754,6088
129,23,24670,6162
129,24,25520,6206
129,25,26334,6362
129,26,27024,6476
129,27,27536,6610
129,28,27756,6774
129,29,27858,6868
130,-1,10117,2360
130,0,106,154
130,1,478,346
130,2,1012,504
130,3,1648,612
130,4,2352,662
130,5,2978,780
130,6,3466,1016
130,7,3708,1166
130,8,3878,1344
130,9,4162,1548
130,10,4492,1670
130,11,4944,1770
130,12,5516,1948
130,13,6328,2182
130,14,7406,2398
130,15,8492,2566
130,16,9576,2816
130,17,10796,3084
130,18,12096,3270
130,19,13424,3364
130,20,14736,3410
130,21,16070,3486
130,22,17344,3602
130,23,18406,3832
130,24,19068,4112
130,25,19552,4420
130,26,19780,4556
130,27,19978,4618
130,28,20164,4652
130,29,20234,4718
131,-1,3825,1174
131,0,56,76
131,1,250,244
131,2,514,318
131,3,806,428
131,4,1200,554
131,5,1732,694
131,6,2184,754
131,7,2622,800
131,8,3052,864
131,9,3356,906
131,10,3674,960
131,11,4012,1016
131,12,4332,1056
131,13,4638,1116
131,14,4960,1156
131,15,5290,1214
131,16,5582,1344
131,17,5862,1428
131,18,6122,1512
131,19,6326,1624
131,20,6530,1724
131,21,6634,1814
131,22,6742,1860
131,23,6878,1928
131,24,7102,2028
131,25,7296,2108
131,26,7460,2170
131,27,7584,2250
131,28,7628,2316
131,29,7650,2342
132,-1,19238,3512
132,0,324,206
132,1,780,364
132,2,1364,586
132,3,2378,938
132,4,4162,1296
132,5,6416,1588
132,6,8886,1848
132,7,11186,2138
132,8,13628,2380
132,9,15944,2620
132,10,18570,2828
132,11,21262,2938
132,12,23778,3232
132,13,26046,3432
132,14,27826,3746
132,15,29360,4124
132,16,30350,4582
132,17,30864,4912
132,18,31416,5102
132,19,32024,5314
132,20,32658,5570
132,21,33504,5686
132,22,34314,5756
132,23,35372,5916
132,24,36420,6028
132,25,37206,6188
132,26,37718,6456
132,27,37984,6744
132,28,38276,6902
132,29,38476,7020
133,-1,6478,2276
133,0,68,64
133,1,170,118
133,2,268,204
133,3,534,416
133,4,1024,640
133,5,1816,934
133,6,2824,1190
133,7,3914,1392
133,8,5080,1572
133,9,6212,1826
133,10,7170,2038
133,11,8128,2230
133,12,9008,2534
133,13,9568,2812
133,14,9930,3114
133,15,10082,3260
133,16,10154,3344
133,17,10268,3430
133,18,10450,3470
133,19,10638,3504
133,20,10786,3558
133,21,10924,3638
133,22,11146,3786
133,23,11416,3978
133,24,11868,4094
133,25,12320,4196
133,26,12688,4300
133,27,12868,4432
133,28,12934,4502
133,29,12956,4550
134,-1,3158,784
134,0,76,56
134,1,220,146
134,2,396,224
134,3,516,266
134,4,650,290
134,5,776,310
134,6,902,350
134,7,1054,402
134,8,1250,442
134,9,1438,474
134,10,1628,516
134,11,1842,574
134,12,2076,594
134,13,2324,642
134,14,2574,684
134,15,2822,720
134,16,3078,774
134,17,3336,818
134,18,3638,878
134,19,4004,910
134,20,4400,946
134,21,4798,986
134,22,5170,1056
134,23,5450,1176
134,24,5680,1290
134,25,5876,1362
134,26,6042,1418
134,27,6186,1462
134,28,6286,1518
134,29,6316,1566
136,-1,12760,2308
136,0,70,86
136,1,204,212
136,2,638,520
136,3,1496,722
136,4,2488,824
136,5,3504,892
136,6,4584,1028
136,7,5734,1208
136,8,6892,1378
136,9,8076,1480
136,10,9252,1590
136,11,10244,1744
136,12,11188,1848
136,13,12086,2038
136,14,13016,2272
136,15,14018,2374
136,16,15106,2542
136,17,16154,2640
136,18,17258,2778
136,19,18452,2924
136,20,19828,3008
136,21,21264,3096
136,22,22628,3366
136,23,23614,3664
136,24,24100,3974
136,25,24298,4102
136,26,24544,4216
136,27,24966,4326
136,28,25376,4472
136,29,25520,4606
137,-1,7525,1838
137,0,126,100
137,1,412,246
137,2,754,400
137,3,1238,536
137,4,1760,632
137,5,2118,740
137,6,2574,898
137,7,3172,1052
137,8,3784,1146
137,9,4442,1374
137,10,5328,1654
137,11,6338,1756
137,12,7268,1872
137,13,8150,1968
137,14,9102,2042
137,15,9932,2250
137,16,10562,2346
137,17,11112,2424
137,18,11698,2522
137,19,12440,2696
137,20,13032,2914
137,21,13518,3028
137,22,13936,3116
137,23,14090,3200
137,24,14210,3266
137,25,14386,3324
137,26,14618,3424
137,27,14856,3506
137,28,14996,3612
137,29,15050,3670
138,-1,5490,1460
138,0,42,62
138,1,274,270
138,2,670,374
138,3,1098,466
138,4,1584,552
138,5,2114,658
138,6,2674,744
138,7,3244,850
138,8,3736,966
138,9,4166,1118
138,10,4374,1184
138,11,4638,1274
138,12,5020,1376
138,13,5482,1446
138,14,5870,1478
138,15,6286,1540
138,16,6830,1640
138,17,7374,1696
138,18,7864,1782
138,19,8324,1856
138,20,8772,1930
138,21,9252,2026
138,22,9712,2124
138,23,10076,2260
138,24,10348,2384
138,25,10564,2562
138,26,10760,2720
138,27,10878,2790
138,28,10958,2870
138,29,10980,2918
139,-1,7685,2116
139,0,32,46
139,1,174,86
139,2,310,182
139,3,502,288
139,4,754,372
139,5,1134,498
139,6,1584,572
139,7,2022,702
139,8,2478,846
139,9,3084,1002
139,10,3812,1124
139,11,4610,1296
139,12,5352,1404
139,13,6172,1598
139,14,7134,1862
139,15,8206,2018
139,16,9332,2248
139,17,10402,2512
139,18,11274,2744
139,19,12082,2852
139,20,12864,2970
139,21,13730,3152
139,22,14402,3388
139,23,14712,3678
139,24,14818,3842
139,25,14982,3980
139,26,15132,4042
139,27,15252,4098
139,28,15346,4168
139,29,15370,4230
140,-1,690131,34202
140,0,4346,1130
140,1,19016,4544
140,2,52672,7146
140,3,88790,9412
140,4,129538,11278
140,5,177186,15804
140,6,242596,19740
140,7,325418,23228
140,8,422018,25632
140,9,525068,27068
140,10,619646,29740
140,11,695414,34778
140,12,758442,37730
140,13,818240,40162
140,14,872052,41968
140,15,921328,44630
140,16,960250,46536
140,17,1000112,47636
140,18,1033836,49100
140,19,1071060,51020
140,20,1106226,52906
140,21,1145726,54246
140,22,1188292,55810
140,23,1230124,57510
140,24,1272366,60020
140,25,1304456,61604
140,26,1331970,62572
140,27,1356774,64814
140,28,1375826,66792
140,29,1380262,68402
141,-1,9863,2086
141,0,100,100
141,1,444,188
141,2,848,272
141,3,1294,458
141,4,1708,644
141,5,2584,764
141,6,3490,826
141,7,4374,950
141,8,5102,1038
141,9,5710,1140
141,10,6674,1482
141,11,7772,1734
141,12,8722,2010
141,13,9542,2158
141,14,10218,2302
141,15,11144,2430
141,16,12108,2512
141,17,12968,2658
141,18,13952,2770
141,19,14912,3002
141,20,15764,3128
141,21,16596,3244
141,22,17150,3388
141,23,17660,3464
141,24,18144,3526
141,25,18640,3618
141,26,19136,3756
141,27,19510,3976
141,28,19662,4096
141,29,19726,4170
142,-1,3630,1492
142,0,22,30
142,1,70,90
142,2,140,216
142,3,320,330
142,4,566,434
142,5,856,556
142,6,1240,740
142,7,1702,874
142,8,2178,980
142,9,2672,1114
142,10,3154,1246
142,11,3578,1392
142,12,3978,1518
142,13,4356,1576
142,14,4722,1644
142,15,5006,1760
142,16,5292,1866
142,17,5590,2012
142,18,5828,2186
142,19,6114,2348
142,20,6322,2482
142,21,6506,2606
142,22,6636,2668
142,23,6770,2700
142,24,6894,2748
142,25,7012,2782
142,26,7118,2820
142,27,7208,2864
142,28,7248,2942
142,29,7260,2980
143,-1,3060,1284
143,0,48,68
143,1,168,188
143,2,292,358
143,3,502,566
143,4,936,720
143,5,1304,822
143,6,1588,900
143,7,1916,1034
143,8,2264,1156
143,9,2556,1318
143,10,2818,1364
143,11,3064,1400
143,12,3352,1480
143,13,3656,1560
143,14,3958,1628
143,15,4206,1664
143,16,4426,1722
143,17,4642,1794
143,18,4804,1854
143,19,4958,1920
143,20,5064,2016
143,21,5174,2062
143,22,5310,2114
143,23,5476,2188
143,24,5666,2300
143,25,5850,2366
143,26,5986,2460
143,27,6042,2500
143,28,6106,2528
143,29,6120,2566
144,-1,4710,1044
144,0,16,34
144,1,90,124
144,2,214,186
144,3,424,318
144,4,708,442
144,5,1006,540
144,6,1366,594
144,7,1766,642
144,8,2194,686
144,9,2616,722
144,10,3058,748
144,11,3540,790
144,12,4062,842
144,13,4648,930
144,14,5330,1022
144,15,6022,1116
144,16,6624,1216
144,17,7136,1322
144,18,7590,1382
144,19,7964,1462
144,20,8304,1524
144,21,8596,1624
144,22,8806,1716
144,23,8992,1780
144,24,9174,1852
144,25,9324,1938
144,26,9392,2028
144,27,9408,2056
144,28,9414,2074
144,29,9420,2086
145,-1,14470,3018
145,0,64,68
145,1,266,246
145,2,596,386
145,3,1050,550
145,4,1658,716
145,5,2326,878
145,6,2958,982
145,7,3430,1058
145,8,3922,1190
145,9,4560,1372
145,10,5250,1526
145,11,5998,1636
145,12,6974,1790
145,13,8146,1976
145,14,9620,2346
145,15,11534,2644
145,16,13728,2852
145,17,16054,2996
145,18,18388,3150
145,19,20462,3464
145,20,22138,3992
145,21,23250,4314
145,22,24130,4520
145,23,24766,4638
145,24,25580,4762
145,25,26424,4908
145,26,27362,5088
145,27,28376,5550
145,28,28816,5896
145,29,28940,6030
146,-1,90831,11300
146,0,1104,536
146,1,3438,910
146,2,5196,1118
146,3,6804,1704
146,4,7748,2142
146,5,11100,3348
146,6,15900,3822
146,7,21354,4412
146,8,28884,4986
146,9,36364,6206
146,10,45140,7528
146,11,56288,7938
146,12,68024,8218
146,13,80280,8546
146,14,92326,9334
146,15,101994,10130
146,16,110964,11322
146,17,123020,13312
146,18,133318,15440
146,19,138890,16486
146,20,143992,17034
146,21,148062,17356
146,22,151964,17930
146,23,156570,18578
146,24,163480,19236
146,25,170668,19678
146,26,176086,20468
146,27,178776,21216
146,28,180750,22068
146,29,181662,22598
147,-1,4055,1342
147,0,18,26
147,1,116,146
147,2,240,246
147,3,412,324
147,4,584,412
147,5,786,544
147,6,1098,682
147,7,1494,798
147,8,1920,904
147,9,2266,1028
147,10,2560,1158
147,11,2830,1270
147,12,3236,1402
147,13,3712,1488
147,14,4198,1644
147,15,4638,1786
147,16,5124,1902
147,17,5610,1998
147,18,5992,2140
147,19,6336,2222
147,20,6666,2260
147,21,6978,2280
147,22,7262,2358
147,23,7494,2432
147,24,7708,2490
147,25,7888,2550
147,26,7964,2596
147,27,8040,2614
147,28,8094,2650
147,29,8110,2682
148,-1,5761,1800
148,0,56,60
148,1,190,190
148,2,432,306
148,3,790,414
148,4,1144,530
148,5,1640,672
148,6,2160,864
148,7,2832,932
148,8,3566,1006
148,9,4360,1226
148,10,5252,1496
148,11,6040,1820
148,12,6750,1992
148,13,7382,2166
148,14,7934,2366
148,15,8464,2508
148,16,8906,2630
148,17,9258,2728
148,18,9542,2818
148,19,9874,2910
148,20,10178,2972
148,21,10376,3014
148,22,10574,3080
148,23,10756,3188
148,24,10944,3248
148,25,11120,3350
148,26,11318,3438
148,27,11432,3528
148,28,11496,3570
148,29,11522,3594
149,-1,60366,5426
149,0,868,524
149,1,3054,844
149,2,5366,992
149,3,7522,1200
149,4,9768,1578
149,5,12362,2494
149,6,15266,3068
149,7,18840,3336
149,8,21888,3626
149,9,25572,3932
149,10,28958,4212
149,11,32932,4496
149,12,37418,5116
149,13,42930,5668
149,14,48768,6050
149,15,55000,6216
149,16,61104,6354
149,17,67300,6536
149,18,73584,6744
149,19,79784,6962
149,20,85448,7262
149,21,91362,7728
149,22,97456,8208
149,23,103086,8574
149,24,107830,8912
149,25,111792,9156
149,26,115358,9582
149,27,118602,9856
149,28,120376,10494
149,29,120732,10850
150,-1,8949,2830
150,0,46,46
150,1,178,144
150,2,334,262
150,3,488,380
150,4,702,438
150,5,1096,554
150,6,1470,666
150,7,1788,748
150,8,2084,868
150,9,2546,1046
150,10,3422,1426
150,11,4636,1774
150,12,5766,2120
150,13,6612,2350
150,14,7400,2508
150,15,8312,2660
150,16,9438,2896
150,17,10398,3184
150,18,11310,3386
150,19,12052,3582
150,20,12842,3782
150,21,13744,4032
150,22,14870,4280
150,23,15946,4564
150,24,16712,4906
150,25,17280,5204
150,26,17604,5390
150,27,17800,5512
150,28,17882,5624
150,29,17898,5658
151,-1,3415,1094
151,0,38,44
151,1,108,112
151,2,206,200
151,3,392,304
151,4,626,360
151,5,848,394
151,6,1064,460
151,7,1276,518
151,8,1496,588
151,9,1658,722
151,10,1872,856
151,11,2234,1028
151,12,2658,1152
151,13,3116,1212
151,14,3594,1238
151,15,3928,1254
151,16,4256,1282
151,17,4564,1326
151,18,4868,1366
151,19,5170,1394
151,20,5484,1420
151,21,5800,1494
151,22,6098,1604
151,23,6358,1720
151,24,6538,1876
151,25,6670,2008
151,26,6758,2070
151,27,6800,2116
151,28,6818,2156
151,29,6830,2182
152,-1,42757,7606
152,0,792,388
152,1,2482,634
152,2,4606,1014
152,3,7122,1300
152,4,9900,1564
152,5,12660,2196
152,6,15388,2952
152,7,18256,3566
152,8,21970,3892
152,9,25392,4402
152,10,27908,4914
152,11,29606,5276
152,12,31068,5592
152,13,33250,5978
152,14,35798,6156
152,15,38842,6568
152,16,42814,7106
152,17,46868,7768
152,18,51016,8858
152,19,54630,9712
152,20,58678,10434
152,21,62320,11218
152,22,66438,11788
152,23,71008,12306
152,24,75198,12726
152,25,79328,13140
152,26,82200,13934
152,27,84316,14506
152,28,85252,15014
152,29,85514,15208
153,-1,3970,1112
153,0,12,24
153,1,30,48
153,2,70,76
153,3,126,130
153,4,276,242
153,5,520,306
153,6,828,340
153,7,1210,476
153,8,1628,570
153,9,2060,672
153,10,2478,732
153,11,2888,790
153,12,3292,862
153,13,3724,892
153,14,4142,930
153,15,4570,984
153,16,5046,1034
153,17,5540,1152
153,18,5970,1274
153,19,6334,1340
153,20,6648,1378
153,21,6910,1426
153,22,7122,1534
153,23,7236,1724
153,24,7378,1840
153,25,7542,1904
153,26,7676,1974
153,27,7804,2054
153,28,7904,2152
153,29,7940,2216
154,-1,3818,1186
154,0,24,40
154,1,134,108
154,2,256,152
154,3,404,278
154,4,656,364
154,5,970,506
154,6,1256,654
154,7,1558,810
154,8,1968,1006
154,9,2420,1146
154,10,2842,1254
154,11,3222,1308
154,12,3624,1366
154,13,4048,1418
154,14,4416,1478
154,15,4804,1500
154,16,5112,1590
154,17,5356,1642
154,18,5662,1692
154,19,5974,1720
154,20,6266,1760
154,21,6560,1830
154,22,6792,1946
154,23,7002,2030
154,24,7218,2060
154,25,7378,2144
154,26,7476,2224
154,27,7538,2258
154,28,7602,2310
154,29,7636,2368
155,-1,3510,1146
155,0,74,62
155,1,176,104
155,2,302,154
155,3,504,294
155,4,780,420
155,5,1126,486
155,6,1470,534
155,7,1814,574
155,8,2132,636
155,9,2400,670
155,10,2638,696
155,11,2870,732
155,12,3182,824
155,13,3542,1010
155,14,3930,1224
155,15,4322,1436
155,16,4692,1514
155,17,4982,1604
155,18,5202,1662
155,19,5388,1708
155,20,5554,1748
155,21,5778,1804
155,22,6058,1848
155,23,6348,1914
155,24,6560,1990
155,25,6748,2056
155,26,6904,2140
155,27,6980,2240
155,28,7014,2270
155,29,7020,2290
156,-1,5123,1596
156,0,42,66
156,1,168,204
156,2,404,338
156,3,756,404
156,4,1126,448
156,5,1448,548
156,6,1700,610
156,7,1904,700
156,8,2038,772
156,9,2182,854
156,10,2328,924
156,11,2514,1062
156,12,2844,1246
156,13,3340,1454
156,14,3948,1606
156,15,4706,1704
156,16,5448,1898
156,17,6142,2090
156,18,6688,2180
156,19,7208,2248
156,20,7728,2316
156,21,8198,2410
156,22,8616,2476
156,23,9016,2556
156,24,9376,2648
156,25,9684,2756
156,26,9944,2890
156,27,10138,3040
156,28,10198,3120
156,29,10246,3182
157,-1,5073,1420
157,0,56,88
157,1,220,176
157,2,468,214
157,3,672,266
157,4,812,284
157,5,914,374
157,6,990,448
157,7,1110,588
157,8,1292,776
157,9,1634,992
157,10,2146,1238
157,11,2662,1368
157,12,3208,1476
157,13,3770,1518
157,14,4326,1568
157,15,4926,1606
157,16,5538,1658
157,17,6144,1704
157,18,6762,1744
157,19,7364,1824
157,20,7898,1936
157,21,8368,2042
157,22,8750,2168
157,23,9116,2282
157,24,9478,2366
157,25,9744,2482
157,26,9932,2592
157,27,10036,2676
157,28,10098,2750
157,29,10146,2828
158,-1,7916,1572
158,0,26,54
158,1,122,116
158,2,236,208
158,3,502,280
158,4,814,368
158,5,1090,462
158,6,1496,650
158,7,2202,778
158,8,2966,904
158,9,3760,1032
158,10,4526,1170
158,11,5150,1298
158,12,5826,1428
158,13,6714,1558
158,14,7696,1658
158,15,8756,1744
158,16,9674,1882
158,17,10410,1988
158,18,11118,2064
158,19,11854,2146
158,20,12592,2248
158,21,13418,2390
158,22,13920,2524
158,23,14344,2652
158,24,14702,2730
158,25,15054,2834
158,26,15370,2928
158,27,15608,2982
158,28,15788,3074
158,29,15832,3142
159,-1,3404,1212
159,0,68,88
159,1,272,206
159,2,522,244
159,3,864,342
159,4,1300,428
159,5,1646,534
159,6,1978,622
159,7,2286,684
159,8,2656,746
159,9,3048,770
159,10,3414,826
159,11,3732,874
159,12,4012,978
159,13,4288,1092
159,14,4464,1214
159,15,4560,1270
159,16,4634,1332
159,17,4698,1378
159,18,4752,1398
159,19,4824,1446
159,20,4944,1518
159,21,5092,1574
159,22,5308,1712
159,23,5634,1804
159,24,5974,1904
159,25,6238,2038
159,26,6438,2158
159,27,6596,2244
159,28,6736,2332
159,29,6808,2408
160,-1,5696,1280
160,0,12,26
160,1,38,68
160,2,82,122
160,3,166,170
160,4,370,320
160,5,674,536
160,6,1102,736
160,7,1606,928
160,8,2158,1098
160,9,2808,1236
160,10,3470,1372
160,11,4196,1452
160,12,4976,1536
160,13,5736,1624
160,14,6444,1676
160,15,7124,1718
160,16,7772,1754
160,17,8344,1818
160,18,8884,1884
160,19,9388,1946
160,20,9744,1970
160,21,10084,2004
160,22,10388,2072
160,23,10678,2164
160,24,10922,2230
160,25,11132,2306
160,26,11264,2430
160,27,11320,2492
160,28,11362,2528
160,29,11392,2554
161,-1,3567,902
161,0,22,24
161,1,94,86
161,2,212,152
161,3,390,232
161,4,598,284
161,5,806,320
161,6,1036,344
161,7,1282,434
161,8,1556,530
161,9,1862,614
161,10,2176,704
161,11,2514,778
161,12,2926,848
161,13,3362,876
161,14,3812,900
161,15,4276,942
161,16,4764,978
161,17,5200,1062
161,18,5566,1140
161,19,5870,1224
161,20,6154,1312
161,21,6390,1412
161,22,6608,1516
161,23,6780,1564
161,24,6914,1616
161,25,6990,1664
161,26,7052,1704
161,27,7096,1744
161,28,7120,1780
161,29,7134,1798
162,-1,3054,1082
162,0,58,64
162,1,230,134
162,2,520,248
162,3,912,308
162,4,1386,394
162,5,1968,514
162,6,2576,636
162,7,2982,786
162,8,3284,864
162,9,3566,944
162,10,3880,1008
162,11,4250,1040
162,12,4620,1114
162,13,4916,1274
162,14,5098,1394
162,15,5198,1490
162,16,5264,1542
162,17,5288,1594
162,18,5358,1632
162,19,5434,1666
162,20,5534,1698
162,21,5610,1758
162,22,5670,1806
162,23,5720,1852
162,24,5796,1916
162,25,5904,1988
162,26,5964,2026
162,27,6038,2086
162,28,6086,2126
162,29,6108,2162
163,-1,4112,1348
163,0,108,100
163,1,328,234
163,2,606,312
163,3,928,352
163,4,1324,412
163,5,1612,454
163,6,1890,498
163,7,2194,530
163,8,2498,604
163,9,2852,664
163,10,3256,762
163,11,3630,900
163,12,4040,1024
163,13,4442,1102
163,14,4880,1190
163,15,5248,1290
163,16,5566,1352
163,17,5872,1414
163,18,6172,1486
163,19,6470,1680
163,20,6786,1854
163,21,7106,2016
163,22,7328,2118
163,23,7530,2216
163,24,7694,2314
163,25,7864,2404
163,26,8004,2490
163,27,8082,2548
163,28,8164,2628
163,29,8224,2688
164,-1,46288,5848
164,0,260,272
164,1,1286,708
164,2,2642,886
164,3,4466,1402
164,4,6992,1702
164,5,9988,2152
164,6,14102,2988
164,7,19202,3754
164,8,23890,4264
164,9,29048,4724
164,10,33932,5092
164,11,38624,5336
164,12,43914,5624
164,13,49126,5826
164,14,53754,6152
164,15,58416,6360
164,16,62762,6608
164,17,66538,7066
164,18,69564,7472
164,19,72140,7698
164,20,74600,7898
164,21,76918,8070
164,22,79428,8414
164,23,83090,9014
164,24,86712,9534
164,25,89802,10354
164,26,91196,11034
164,27,91964,11290
164,28,92468,11554
164,29,92576,11694
165,-1,6076,1376
165,0,52,78
165,1,314,198
165,2,584,284
165,3,798,336
165,4,1026,384
165,5,1442,578
165,6,2232,724
165,7,3186,826
165,8,4204,1010
165,9,5074,1110
165,10,5822,1196
165,11,6556,1260
165,12,7280,1310
165,13,8004,1386
165,14,8624,1482
165,15,9240,1534
165,16,9780,1756
165,17,10130,1892
165,18,10422,2004
165,19,10702,2076
165,20,11052,2218
165,21,11282,2332
165,22,11378,2378
165,23,11474,2436
165,24,11592,2474
165,25,11754,2514
165,26,11870,2576
165,27,12002,2656
165,28,12128,2712
165,29,12152,2748
166,-1,4302,1454
166,0,30,46
166,1,124,116
166,2,324,184
166,3,504,266
166,4,670,330
166,5,840,414
166,6,1108,612
166,7,1560,854
166,8,2140,968
166,9,2750,1040
166,10,3294,1110
166,11,3670,1320
166,12,4038,1446
166,13,4404,1598
166,14,4810,1708
166,15,5150,1822
166,16,5462,1910
166,17,5768,1988
166,18,6120,2052
166,19,6464,2116
166,20,6772,2164
166,21,7070,2228
166,22,7394,2304
166,23,7706,2380
166,24,7976,2504
166,25,8208,2640
166,26,8400,2746
166,27,8536,2840
166,28,8596,2880
166,29,8604,2906
167,-1,6326,1552
167,0,38,58
167,1,142,204
167,2,434,384
167,3,984,616
167,4,1672,764
167,5,2408,930
167,6,3274,1024
167,7,3932,1052
167,8,4564,1098
167,9,5146,1138
167,10,5732,1174
167,11,6306,1188
167,12,6874,1218
167,13,7442,1266
167,14,7946,1384
167,15,8390,1508
167,16,8842,1576
167,17,9272,1676
167,18,9648,1768
167,19,9972,1884
167,20,10266,1990
167,21,10608,2096
167,22,10944,2138
167,23,11236,2288
167,24,11520,2528
167,25,11904,2656
167,26,12234,2750
167,27,12492,2900
167,28,12632,3044
167,29,12652,3100
168,-1,5707,1364
168,0,48,72
168,1,340,282
168,2,840,498
168,3,1454,634
168,4,2122,692
168,5,2818,804
168,6,3606,920
168,7,4448,970
168,8,5122,1046
168,9,5804,1106
168,10,6492,1172
168,11,7156,1276
168,12,7764,1404
168,13,8334,1518
168,14,8866,1634
168,15,9338,1768
168,16,9730,1892
168,17,10088,2064
168,18,10366,2170
168,19,10568,2238
168,20,10732,2306
168,21,10858,2358
168,22,10976,2400
168,23,11078,2462
168,24,11158,2508
168,25,11250,2536
168,26,11348,2602
168,27,11386,2672
168,28,11398,2700
168,29,11414,2724
169,-1,12829,2504
169,0,70,98
169,1,306,292
169,2,790,534
169,3,1564,856
169,4,2696,1138
169,5,3914,1388
169,6,5240,1666
169,7,6538,1836
169,8,8096,2044
169,9,9812,2196
169,10,11602,2276
169,11,13368,2334
169,12,15166,2428
169,13,16796,2638
169,14,18224,2962
169,15,19300,3200
169,16,20216,3494
169,17,20962,3776
169,18,21620,4064
169,19,22120,4254
169,20,22596,4402
169,21,23030,4444
169,22,23470,4498
169,23,23980,4538
169,24,24462,4584
169,25,24876,4676
169,26,25196,4762
169,27,25468,4866
169,28,25620,4944
169,29,25658,5006
170,-1,5903,1236
170,0,18,34
170,1,96,92
170,2,202,118
170,3,310,178
170,4,476,326
170,5,758,490
170,6,1190,602
170,7,1734,688
170,8,2258,806
170,9,2790,886
170,10,3302,948
170,11,3774,992
170,12,4198,1048
170,13,4676,1128
170,14,5224,1190
170,15,5772,1230
170,16,6344,1274
170,17,6952,1324
170,18,7530,1398
170,19,8092,1444
170,20,8694,1504
170,21,9316,1604
170,22,9962,1628
170,23,10548,1778
170,24,10982,1898
170,25,11270,2074
170,26,11500,2222
170,27,11654,2318
170,28,11772,2410
170,29,11806,2468
171,-1,3614,1006
171,0,20,22
171,1,74,78
171,2,194,178
171,3,336,278
171,4,524,370
171,5,760,466
171,6,1036,540
171,7,1378,600
171,8,1744,642
171,9,2146,696
171,10,2544,726
171,11,2940,746
171,12,3324,780
171,13,3672,842
171,14,3988,908
171,15,4292,1004
171,16,4594,1092
171,17,4908,1200
171,18,5246,1292
171,19,5568,1358
171,20,5914,1428
171,21,6252,1568
171,22,6542,1688
171,23,6784,1752
171,24,6904,1794
171,25,7026,1826
171,26,7114,1868
171,27,7190,1926
171,28,7216,1986
171,29,7228,2010
172,-1,4069,1088
172,0,46,80
172,1,224,212
172,2,558,276
172,3,932,336
172,4,1356,410
172,5,1794,458
172,6,2278,506
172,7,2706,548
172,8,3068,590
172,9,3490,656
172,10,3942,708
172,11,4354,764
172,12,4688,812
172,13,4994,852
172,14,5252,912
172,15,5462,948
172,16,5686,1022
172,17,5946,1066
172,18,6196,1158
172,19,6398,1322
172,20,6630,1464
172,21,6828,1624
172,22,7066,1720
172,23,7332,1774
172,24,7614,1824
172,25,7830,1890
172,26,7968,1974
172,27,8066,2072
172,28,8126,2144
172,29,8138,2174
173,-1,4141,1752
173,0,52,60
173,1,160,168
173,2,332,278
173,3,586,416
173,4,850,586
173,5,1236,728
173,6,1788,870
173,7,2410,1010
173,8,3082,1100
173,9,3710,1300
173,10,4206,1438
173,11,4668,1594
173,12,5098,1766
173,13,5504,1954
173,14,5850,2104
173,15,6108,2288
173,16,6314,2452
173,17,6456,2542
173,18,6606,2630
173,19,6770,2706
173,20,6976,2834
173,21,7192,2948
173,22,7380,3054
173,23,7576,3140
173,24,7792,3230
173,25,8020,3298
173,26,8164,3386
173,27,8230,3450
173,28,8264,3480
173,29,8282,3502
174,-1,5181,1124
174,0,34,58
174,1,150,178
174,2,380,300
174,3,750,402
174,4,1158,432
174,5,1520,482
174,6,1852,538
174,7,2206,622
174,8,2634,678
174,9,3074,716
174,10,3550,796
174,11,4056,844
174,12,4550,918
174,13,5030,962
174,14,5520,1016
174,15,6040,1066
174,16,6598,1118
174,17,7136,1188
174,18,7708,1272
174,19,8318,1364
174,20,8848,1474
174,21,9296,1614
174,22,9536,1714
174,23,9752,1786
174,24,9946,1878
174,25,10096,1962
174,26,10218,2064
174,27,10310,2138
174,28,10358,2222
174,29,10362,2246
175,-1,3368,1226
175,0,24,30
175,1,96,120
175,2,342,334
175,3,598,514
175,4,870,720
175,5,1244,886
175,6,1736,970
175,7,2232,1028
175,8,2730,1098
175,9,3214,1210
175,10,3656,1326
175,11,4006,1464
175,12,4322,1612
175,13,4684,1694
175,14,5056,1822
175,15,5330,1908
175,16,5554,1980
175,17,5696,2014
175,18,5832,2030
175,19,5970,2040
175,20,6110,2056
175,21,6260,2086
175,22,6410,2144
175,23,6560,2214
175,24,6652,2308
175,25,6688,2354
175,26,6704,2386
175,27,6716,2412
175,28,6726,2430
175,29,6736,2448
176,-1,3130,892
176,0,76,84
176,1,298,228
176,2,584,304
176,3,906,382
176,4,1266,450
176,5,1666,576
176,6,2150,628
176,7,2580,706
176,8,2976,772
176,9,3330,858
176,10,3614,928
176,11,3828,966
176,12,4016,998
176,13,4160,1074
176,14,4262,1126
176,15,4384,1194
176,16,4468,1240
176,17,4582,1286
176,18,4764,1342
176,19,4974,1394
176,20,5200,1418
176,21,5424,1446
176,22,5602,1498
176,23,5788,1546
176,24,5958,1614
176,25,6042,1664
176,26,6100,1684
176,27,6178,1714
176,28,6244,1746
176,29,6260,1782
177,-1,5791,1134
177,0,40,42
177,1,152,132
177,2,346,204
177,3,554,272
177,4,716,336
177,5,874,400
177,6,1066,480
177,7,1306,592
177,8,1642,732
177,9,2132,840
177,10,2662,890
177,11,3192,924
177,12,3736,962
177,13,4322,1010
177,14,4956,1046
177,15,5566,1076
177,16,6138,1142
177,17,6688,1212
177,18,7224,1284
177,19,7780,1344
177,20,8302,1410
177,21,8846,1510
177,22,9426,1564
177,23,10034,1612
177,24,10618,1660
177,25,11062,1890
177,26,11268,2052
177,27,11432,2134
177,28,11554,2204
177,29,11582,2266
178,-1,30619,5308
178,0,260,264
178,1,1110,616
178,2,2876,1214
178,3,5216,1600
178,4,7442,1986
178,5,9716,2374
178,6,11630,2632
178,7,13716,2876
178,8,16230,3164
178,9,19202,3438
178,10,22402,3602
178,11,25764,3722
178,12,29056,3920
178,13,32128,4166
178,14,34810,4566
178,15,36890,4922
178,16,38582,5066
178,17,39872,5252
178,18,41294,5500
178,19,43026,5900
178,20,45190,6544
178,21,47476,7304
178,22,49234,7808
178,23,51168,8358
178,24,53540,8818
178,25,56226,9090
178,26,58886,9458
178,27,60512,10074
178,28,61112,10448
178,29,61238,10614
179,-1,16648,2582
179,0,106,132
179,1,362,292
179,2,620,364
179,3,1036,504
179,4,1518,644
179,5,2170,840
179,6,2692,932
179,7,3188,1028
179,8,3820,1218
179,9,4676,1484
179,10,5768,1738
179,11,7146,1936
179,12,8820,2196
179,13,10724,2358
179,14,12626,2418
179,15,14496,2474
179,16,16450,2538
179,17,18602,2732
179,18,20794,3100
179,19,22636,3440
179,20,24330,3542
179,21,26106,3626
179,22,27700,3752
179,23,29016,3990
179,24,30102,4194
179,25,31026,4326
179,26,31888,4450
179,27,32692,4644
179,28,33146,4966
179,29,33296,5162
180,-1,3367,1512
180,0,20,30
180,1,98,122
180,2,234,264
180,3,410,418
180,4,722,608
180,5,1174,796
180,6,1648,922
180,7,2030,1030
180,8,2344,1114
180,9,2600,1160
180,10,2834,1194
180,11,3122,1258
180,12,3460,1360
180,13,3890,1546
180,14,4244,1700
180,15,4624,1878
180,16,5024,2102
180,17,5272,2326
180,18,5504,2478
180,19,5726,2604
180,20,5916,2702
180,21,6096,2760
180,22,6270,2820
180,23,6390,2860
180,24,6476,2874
180,25,6552,2890
180,26,6624,2920
180,27,6682,2956
180,28,6716,2986
180,29,6734,3018
181,-1,12803,2108
181,0,150,138
181,1,502,384
181,2,1026,574
181,3,1796,684
181,4,2660,792
181,5,3504,960
181,6,4278,1090
181,7,5080,1298
181,8,5846,1378
181,9,6644,1476
181,10,7618,1606
181,11,8756,1694
181,12,9898,1814
181,13,11104,1952
181,14,12468,2044
181,15,13818,2148
181,16,15074,2284
181,17,16410,2420
181,18,17778,2574
181,19,19070,2788
181,20,20504,2928
181,21,21860,3024
181,22,22980,3234
181,23,23692,3408
181,24,24252,3632
181,25,24634,3878
181,26,24984,4000
181,27,25262,4062
181,28,25512,4122
181,29,25606,4210
182,-1,5387,1496
182,0,56,66
182,1,166,140
182,2,364,210
182,3,590,250
182,4,796,304
182,5,1126,360
182,6,1416,418
182,7,1710,512
182,8,1966,626
182,9,2150,892
182,10,2346,1078
182,11,2602,1240
182,12,2872,1346
182,13,3158,1436
182,14,3588,1538
182,15,4114,1658
182,16,4576,1784
182,17,5036,1918
182,18,5592,2082
182,19,6246,2198
182,20,7028,2276
182,21,7798,2334
182,22,8522,2372
182,23,9192,2426
182,24,9804,2516
182,25,10278,2726
182,26,10520,2860
182,27,10674,2914
182,28,10752,2952
182,29,10774,2990
183,-1,7884,1734
183,0,152,112
183,1,574,324
183,2,1128,416
183,3,1680,564
183,4,2220,646
183,5,2682,770
183,6,3006,894
183,7,3486,1016
183,8,4022,1082
183,9,4698,1240
183,10,5490,1544
183,11,6302,1792
183,12,7074,1928
183,13,7764,2120
183,14,8552,2236
183,15,9282,2326
183,16,9940,2414
183,17,10626,2474
183,18,11288,2562
183,19,11870,2642
183,20,12368,2718
183,21,12752,2818
183,22,13118,2876
183,23,13496,2956
183,24,13990,3014
183,25,14562,3066
183,26,15158,3122
183,27,15538,3254
183,28,15748,3414
183,29,15768,3464
184,-1,4143,928
184,0,28,44
184,1,130,104
184,2,320,218
184,3,650,288
184,4,1052,338
184,5,1436,400
184,6,1808,488
184,7,2176,534
184,8,2468,556
184,9,2762,664
184,10,3132,738
184,11,3538,796
184,12,4004,846
184,13,4506,882
184,14,5004,928
184,15,5420,1042
184,16,5750,1120
184,17,6064,1180
184,18,6386,1254
184,19,6718,1288
184,20,7038,1306
184,21,7368,1360
184,22,7656,1450
184,23,7856,1526
184,24,8042,1646
184,25,8116,1732
184,26,8186,1768
184,27,8230,1812
184,28,8270,1832
184,29,8286,1854
185,-1,5240,980
185,0,28,52
185,1,164,158
185,2,426,236
185,3,750,302
185,4,1098,334
185,5,1444,360
185,6,1830,408
185,7,2274,462
185,8,2830,548
185,9,3418,588
185,10,3958,636
185,11,4464,704
185,12,4938,758
185,13,5402,802
185,14,5866,870
185,15,6278,932
185,16,6594,996
185,17,6878,1024
185,18,7186,1104
185,19,7678,1168
185,20,8094,1246
185,21,8438,1312
185,22,8688,1340
185,23,8988,1372
185,24,9308,1396
185,25,9660,1496
185,26,9986,1598
185,27,10256,1734
185,28,10430,1862
185,29,10480,1954
186,-1,3344,972
186,0,44,56
186,1,106,84
186,2,240,158
186,3,420,188
186,4,608,242
186,5,844,326
186,6,1040,438
186,7,1228,538
186,8,1472,670
186,9,1772,722
186,10,2090,784
186,11,2380,828
186,12,2682,896
186,13,2984,980
186,14,3272,1068
186,15,3544,1120
186,16,3848,1272
186,17,4220,1320
186,18,4618,1400
186,19,4992,1464
186,20,5328,1500
186,21,5688,1534
186,22,6060,1574
186,23,6320,1678
186,24,6478,1742
186,25,6548,1786
186,26,6568,1836
186,27,6622,1866
186,28,6664,1900
186,29,6688,1942
187,-1,3100,1324
187,0,10,20
187,1,40,58
187,2,80,82
187,3,144,162
187,4,312,268
187,5,532,332
187,6,768,408
187,7,996,514
187,8,1212,592
187,9,1448,688
187,10,1700,822
187,11,1918,1002
187,12,2156,1114
187,13,2476,1226
187,14,2940,1352
187,15,3478,1420
187,16,3984,1538
187,17,4406,1654
187,18,4736,1760
187,19,5022,1892
187,20,5260,2000
187,21,5432,2114
187,22,5576,2244
187,23,5718,2322
187,24,5862,2374
187,25,5996,2438
187,26,6106,2518
187,27,6168,2596
187,28,6190,2624
187,29,6200,2644
188,-1,8330,1932
188,0,78,84
188,1,224,216
188,2,544,340
188,3,1016,534
188,4,1774,738
188,5,2702,930
188,6,3754,1050
188,7,4862,1236
188,8,6046,1436
188,9,7260,1630
188,10,8208,1786
188,11,9038,1908
188,12,9876,2028
188,13,10576,2202
188,14,11272,2334
188,15,11922,2546
188,16,12568,2692
188,17,13138,2866
188,18,13598,2990
188,19,14050,3078
188,20,14414,3218
188,21,14720,3332
188,22,15112,3394
188,23,15472,3470
188,24,15806,3540
188,25,16114,3604
188,26,16322,3674
188,27,16520,3710
188,28,16632,3794
188,29,16660,3862
189,-1,3378,1068
189,0,56,42
189,1,124,64
189,2,198,80
189,3,278,116
189,4,372,174
189,5,514,272
189,6,764,426
189,7,996,548
189,8,1170,652
189,9,1370,718
189,10,1584,790
189,11,1886,882
189,12,2218,1002
189,13,2626,1108
189,14,3076,1158
189,15,3486,1188
189,16,3864,1262
189,17,4224,1318
189,18,4574,1394
189,19,4924,1474
189,20,5276,1560
189,21,5620,1626
189,22,5942,1674
189,23,6210,1756
189,24,6408,1880
189,25,6524,1956
189,26,6618,1990
189,27,6694,2054
189,28,6732,2096
189,29,6756,2130
190,-1,3156,724
190,0,20,42
190,1,126,156
190,2,330,276
190,3,570,356
190,4,814,428
190,5,1148,500
190,6,1508,518
190,7,1884,540
190,8,2240,584
190,9,2618,628
190,10,3028,656
190,11,3310,680
190,12,3576,702
190,13,3852,724
190,14,4128,748
190,15,4402,768
190,16,4658,796
190,17,4906,842
190,18,5164,886
190,19,5408,922
190,20,5630,986
190,21,5826,1064
190,22,6000,1130
190,23,6118,1240
190,24,6176,1302
190,25,6214,1338
190,26,6248,1362
190,27,6268,1388
190,28,6296,1414
190,29,6312,1446
191,-1,3001,924
191,0,18,32
191,1,90,78
191,2,172,104
191,3,266,132
191,4,394,180
191,5,574,268
191,6,890,374
191,7,1160,496
191,8,1406,580
191,9,1674,630
191,10,1972,674
191,11,2236,730
191,12,2564,840
191,13,2998,1072
191,14,3504,1142
191,15,3826,1208
191,16,4088,1286
191,17,4376,1338
191,18,4646,1364
191,19,4888,1392
191,20,5116,1434
191,21,5310,1498
191,22,5490,1574
191,23,5588,1630
191,24,5658,1654
191,25,5748,1678
191,26,5838,1710
191,27,5914,1762
191,28,5972,1802
191,29,6002,1846
192,-1,24776,4142
192,0,116,112
192,1,278,252
192,2,714,534
192,3,1436,862
192,4,2418,1084
192,5,3590,1370
192,6,4660,1698
192,7,5846,1930
192,8,7572,2448
192,9,10220,3130
192,10,13210,3670
192,11,16412,3930
192,12,19510,4098
192,13,22734,4246
192,14,26090,4404
192,15,29280,4554
192,16,32360,4718
192,17,35182,5016
192,18,37512,5304
192,19,39666,5398
192,20,41786,5566
192,21,43600,5812
192,22,44794,6206
192,23,45842,6648
192,24,46914,7112
192,25,47996,7488
192,26,48678,7736
192,27,49196,7970
192,28,49466,8142
192,29,49552,8278
193,-1,3181,824
193,0,20,36
193,1,54,84
193,2,110,140
193,3,202,196
193,4,340,238
193,5,492,282
193,6,686,364
193,7,890,456
193,8,1050,538
193,9,1230,600
193,10,1430,636
193,11,1638,708
193,12,1884,776
193,13,2144,836
193,14,2432,900
193,15,2806,1014
193,16,3206,1066
193,17,3578,1092
193,18,3922,1128
193,19,4274,1176
193,20,4590,1238
193,21,4896,1284
193,22,5228,1332
193,23,5560,1378
193,24,5826,1428
193,25,6006,1492
193,26,6134,1522
193,27,6260,1550
193,28,6340,1604
193,29,6362,1646
194,-1,9724,2524
194,0,198,112
194,1,454,240
194,2,1052,522
194,3,1980,916
194,4,3432,1348
194,5,4910,1630
194,6,6164,1716
194,7,7422,1780
194,8,8700,1928
194,9,9736,2150
194,10,10820,2282
194,11,11880,2516
194,12,12614,2830
194,13,13118,2952
194,14,13546,3042
194,15,13946,3086
194,16,14376,3204
194,17,14790,3270
194,18,15166,3344
194,19,15432,3452
194,20,15636,3568
194,21,15878,3732
194,22,16344,3986
194,23,16986,4176
194,24,17462,4366
194,25,18062,4616
194,26,18626,4746
194,27,19146,4818
194,28,19354,4960
194,29,19448,5044
195,-1,3964,1208
195,0,46,46
195,1,114,98
195,2,216,222
195,3,406,304
195,4,644,410
195,5,980,522
195,6,1312,640
195,7,1654,790
195,8,2052,928
195,9,2464,1054
195,10,2962,1168
195,11,3488,1248
195,12,3986,1286
195,13,4470,1374
195,14,4880,1474
195,15,5206,1568
195,16,5504,1642
195,17,5816,1720
195,18,6196,1798
195,19,6562,1836
195,20,6944,1876
195,21,7280,2018
195,22,7460,2148
195,23,7596,2176
195,24,7660,2208
195,25,7732,2248
195,26,7822,2322
195,27,7870,2358
195,28,7906,2388
195,29,7928,2414
196,-1,4150,1442
196,0,36,28
196,1,118,92
196,2,280,162
196,3,398,324
196,4,566,500
196,5,756,558
196,6,902,636
196,7,1042,692
196,8,1180,790
196,9,1456,964
196,10,1792,1104
196,11,2202,1280
196,12,2778,1450
196,13,3482,1564
196,14,4160,1828
196,15,4680,2028
196,16,5126,2144
196,17,5466,2214
196,18,5772,2254
196,19,6018,2290
196,20,6286,2324
196,21,6574,2354
196,22,6862,2400
196,23,7128,2434
196,24,7420,2496
196,25,7678,2580
196,26,7944,2672
196,27,8148,2736
196,28,8280,2832
196,29,8300,2882
197,-1,22587,4690
197,0,80,92
197,1,316,194
197,2,776,462
197,3,1638,592
197,4,2504,796
197,5,3138,940
197,6,4022,1362
197,7,4818,1728
197,8,5740,1954
197,9,6678,2142
197,10,7760,2320
197,11,9154,2614
197,12,10944,2974
197,13,13256,3312
197,14,16014,3518
197,15,18856,3894
197,16,21704,4186
197,17,25108,4502
197,18,28594,4720
197,19,31990,5120
197,20,35290,5714
197,21,37676,6450
197,22,39542,7018
197,23,41026,7430
197,24,42098,7720
197,25,43058,8074
197,26,43696,8372
197,27,44338,8748
197,28,44870,9072
197,29,45174,9366
198,-1,7188,1754
198,0,52,44
198,1,156,152
198,2,340,312
198,3,678,450
198,4,1084,580
198,5,1500,704
198,6,1894,788
198,7,2364,914
198,8,2910,1130
198,9,3426,1384
198,10,4038,1666
198,11,4872,1836
198,12,5772,1958
198,13,6520,2114
198,14,7170,2162
198,15,7962,2272
198,16,8774,2328
198,17,9580,2400
198,18,10374,2450
198,19,11082,2582
198,20,11684,2636
198,21,12320,2682
198,22,12880,2780
198,23,13286,2882
198,24,13650,3036
198,25,13984,3232
198,26,14162,3382
198,27,14280,3422
198,28,14338,3474
198,29,14376,3502
199,-1,3282,1380
199,0,68,54
199,1,190,154
199,2,504,328
199,3,964,440
199,4,1482,480
199,5,1992,586
199,6,2394,714
199,7,2698,844
199,8,3092,996
199,9,3490,1156
199,10,3880,1284
199,11,4200,1430
199,12,4384,1514
199,13,4560,1548
199,14,4734,1610
199,15,4922,1694
199,16,5086,1778
199,17,5246,1830
199,18,5426,1912
199,19,5590,1974
199,20,5744,2068
199,21,5912,2132
199,22,6066,2270
199,23,6196,2382
199,24,6302,2480
199,25,6392,2592
199,26,6460,2648
199,27,6496,2696
199,28,6540,2726
199,29,6564,2758
200,-1,5032,1226
200,0,46,60
200,1,126,112
200,2,166,144
200,3,260,214
200,4,500,368
200,5,842,494
200,6,1224,572
200,7,1656,710
200,8,2198,866
200,9,2710,1070
200,10,3208,1238
200,11,3720,1374
200,12,4274,1446
200,13,4822,1492
200,14,5306,1570
200,15,5752,1602
200,16,6210,1638
200,17,6688,1704
200,18,7172,1732
200,19,7636,1812
200,20,8066,1898
200,21,8460,1942
200,22,8816,1996
200,23,9148,2098
200,24,9436,2152
200,25,9694,2248
200,26,9858,2340
200,27,9960,2370
200,28,10038,2414
200,29,10064,2450
201,-1,5330,1614
201,0,40,58
201,1,200,178
201,2,482,276
201,3,870,350
201,4,1296,456
201,5,1696,612
201,6,2106,748
201,7,2546,874
201,8,2982,962
201,9,3382,1038
201,10,3768,1134
201,11,4196,1218
201,12,4628,1340
201,13,5010,1454
201,14,5452,1562
201,15,5754,1726
201,16,6194,1868
201,17,6644,1958
201,18,7144,2008
201,19,7644,2084
201,20,8178,2144
201,21,8750,2234
201,22,9306,2416
201,23,9828,2686
201,24,10116,2856
201,25,10360,2920
201,26,10490,3042
201,27,10572,3106
201,28,10638,3178
201,29,10660,3224
202,-1,3436,1426
202,0,112,88
202,1,210,154
202,2,304,202
202,3,342,240
202,4,472,352
202,5,646,422
202,6,826,494
202,7,1068,632
202,8,1382,790
202,9,1626,950
202,10,1916,1086
202,11,2402,1208
202,12,2890,1326
202,13,3302,1442
202,14,3638,1574
202,15,3920,1684
202,16,4188,1750
202,17,4406,1810
202,18,4610,1850
202,19,4892,1928
202,20,5306,2032
202,21,5698,2136
202,22,5944,2286
202,23,6092,2404
202,24,6292,2456
202,25,6454,2544
202,26,6564,2602
202,27,6710,2712
202,28,6820,2806
202,29,6872,2850
203,-1,4189,1496
203,0,32,44
203,1,104,96
203,2,202,160
203,3,404,244
203,4,682,358
203,5,1042,480
203,6,1464,588
203,7,1898,702
203,8,2306,810
203,9,2704,934
203,10,3170,1082
203,11,3662,1288
203,12,4120,1382
203,13,4544,1458
203,14,4920,1528
203,15,5302,1652
203,16,5680,1818
203,17,6102,1966
203,18,6468,2096
203,19,6778,2230
203,20,7116,2374
203,21,7422,2448
203,22,7674,2524
203,23,7940,2610
203,24,8180,2762
203,25,8276,2844
203,26,8332,2906
203,27,8344,2942
203,28,8360,2966
203,29,8378,2982
204,-1,5925,1520
204,0,28,40
204,1,112,144
204,2,308,268
204,3,638,436
204,4,972,570
204,5,1332,714
204,6,1712,842
204,7,2148,976
204,8,2648,1154
204,9,3166,1328
204,10,3776,1472
204,11,4388,1604
204,12,5082,1694
204,13,5820,1756
204,14,6600,1788
204,15,7380,1830
204,16,8118,1890
204,17,8826,1934
204,18,9454,2040
204,19,9956,2200
204,20,10346,2276
204,21,10604,2414
204,22,10816,2488
204,23,11002,2570
204,24,11188,2696
204,25,11430,2826
204,26,11672,2856
204,27,11814,2980
204,28,11842,3016
204,29,11850,3038
205,-1,22487,3788
205,0,168,200
205,1,478,540
205,2,1166,1082
205,3,2762,1554
205,4,4220,1918
205,5,5726,2256
205,6,7482,2636
205,7,9544,2948
205,8,11718,3184
205,9,14112,3480
205,10,16652,3674
205,11,19342,3760
205,12,22024,3830
205,13,24506,3954
205,14,26892,4116
205,15,29084,4398
205,16,31128,4658
205,17,33210,4860
205,18,35168,5090
205,19,36944,5234
205,20,38426,5474
205,21,39672,5630
205,22,40900,5768
205,23,42084,5996
205,24,42972,6350
205,25,43678,6614
205,26,44262,6840
205,27,44732,7268
205,28,44924,7468
205,29,44974,7570
206,-1,5279,1388
206,0,60,62
206,1,262,180
206,2,568,368
206,3,904,560
206,4,1422,634
206,5,2072,744
206,6,2644,850
206,7,3324,1022
206,8,3984,1144
206,9,4622,1206
206,10,5222,1266
206,11,5790,1316
206,12,6342,1356
206,13,6862,1454
206,14,7316,1562
206,15,7758,1652
206,16,8054,1742
206,17,8316,1830
206,18,8558,1926
206,19,8800,1974
206,20,9066,2040
206,21,9320,2238
206,22,9596,2402
206,23,9822,2478
206,24,10024,2506
206,25,10222,2558
206,26,10376,2606
206,27,10480,2688
206,28,10536,2746
206,29,10558,2774
207,-1,4812,1706
207,0,52,44
207,1,206,160
207,2,450,378
207,3,876,526
207,4,1428,628
207,5,2020,696
207,6,2588,728
207,7,3140,830
207,8,3626,982
207,9,4010,1148
207,10,4272,1246
207,11,4488,1316
207,12,4820,1484
207,13,5252,1648
207,14,5806,1806
207,15,6406,1918
207,16,7008,2068
207,17,7500,2362
207,18,7846,2606
207,19,8120,2728
207,20,8402,2848
207,21,8684,2962
207,22,8862,3120
207,23,9042,3200
207,24,9206,3248
207,25,9332,3306
207,26,9448,3330
207,27,9538,3358
207,28,9598,3378
207,29,9624,3410
208,-1,3049,648
208,0,34,52
208,1,148,156
208,2,278,242
208,3,432,280
208,4,620,348
208,5,846,390
208,6,1066,408
208,7,1316,442
208,8,1570,498
208,9,1822,540
208,10,2098,584
208,11,2386,596
208,12,2678,614
208,13,2968,630
208,14,3244,642
208,15,3530,662
208,16,3802,682
208,17,4070,698
208,18,4322,724
208,19,4570,746
208,20,4804,782
208,21,5042,826
208,22,5282,876
208,23,5498,934
208,24,5692,986
208,25,5846,1052
208,26,5970,1112
208,27,6046,1198
208,28,6086,1274
208,29,6098,1294
209,-1,4914,1282
209,0,50,52
209,1,88,100
209,2,204,164
209,3,330,198
209,4,494,268
209,5,760,392
209,6,1120,466
209,7,1514,538
209,8,1924,570
209,9,2278,646
209,10,2632,778
209,11,3038,978
209,12,3568,1264
209,13,4206,1404
209,14,4890,1472
209,15,5502,1540
209,16,6118,1584
209,17,6744,1648
209,18,7258,1724
209,19,7752,1810
209,20,8184,1938
209,21,8488,2030
209,22,8730,2126
209,23,8956,2188
209,24,9148,2248
209,25,9390,2320
209,26,9580,2372
209,27,9708,2436
209,28,9792,2510
209,29,9828,2560
210,-1,322416,21268
210,0,2108,984
210,1,8520,2344
210,2,17988,3292
210,3,27702,4808
210,4,43624,6670
210,5,66186,7518
210,6,90798,9310
210,7,121874,11752
210,8,148102,15736
210,9,169910,18358
210,10,196144,19220
210,11,221170,20462
210,12,245592,21564
210,13,274094,22776
210,14,305852,23986
210,15,337422,25146
210,16,367812,25950
210,17,397906,26494
210,18,429494,27720
210,19,458668,29018
210,20,487204,30192
210,21,511770,31600
210,22,529516,33672
210,23,546336,34770
210,24,564898,36134
210,25,587932,37384
210,26,613232,38432
210,27,629058,40436
210,28,640590,41606
210,29,644832,42532
211,-1,4490,1592
211,0,38,46
211,1,148,162
211,2,388,380
211,3,824,596
211,4,1220,706
211,5,1646,848
211,6,2074,984
211,7,2550,1122
211,8,2998,1268
211,9,3442,1326
211,10,3852,1398
211,11,4244,1520
211,12,4692,1676
211,13,5200,1830
211,14,5664,2032
211,15,6088,2160
211,16,6456,2300
211,17,6742,2378
211,18,7024,2410
211,19,7316,2430
211,20,7588,2460
211,21,7840,2528
211,22,8112,2626
211,23,8322,2720
211,24,8482,2812
211,25,8650,2896
211,26,8802,3002
211,27,8890,3086
211,28,8960,3138
211,29,8980,3182
213,-1,13858,2918
213,0,62,70
213,1,216,152
213,2,348,234
213,3,614,452
213,4,842,618
213,5,1468,882
213,6,2288,1096
213,7,3254,1270
213,8,4112,1404
213,9,4858,1524
213,10,5888,1600
213,11,6874,1676
213,12,7794,1870
213,13,8626,2054
213,14,8978,2276
213,15,9272,2534
213,16,10034,2880
213,17,11220,3030
213,18,12792,3274
213,19,14702,3436
213,20,16706,3682
213,21,18844,3914
213,22,20822,4180
213,23,22514,4456
213,24,24242,4746
213,25,25710,4988
213,26,26784,5290
213,27,27284,5514
213,28,27624,5714
213,29,27716,5832
214,-1,17033,2086
214,0,30,40
214,1,120,122
214,2,286,190
214,3,612,288
214,4,1124,394
214,5,1814,562
214,6,2530,842
214,7,3550,1116
214,8,4784,1336
214,9,6192,1534
214,10,7632,1668
214,11,9104,1736
214,12,10666,1786
214,13,12208,1828
214,14,13766,1870
214,15,15292,1924
214,16,16760,2008
214,17,18264,2046
214,18,19842,2158
214,19,21532,2258
214,20,23288,2360
214,21,25208,2522
214,22,27082,2778
214,23,28926,2972
214,24,30704,3124
214,25,32184,3354
214,26,33230,3604
214,27,33778,3796
214,28,34012,4064
214,29,34066,4168
215,-1,489503,30900
215,0,5452,1102
215,1,13600,2540
215,2,37484,7878
215,3,82212,11508
215,4,125844,13252
215,5,173034,14064
215,6,221946,15660
215,7,280846,17854
215,8,331172,20156
215,9,369030,22020
215,10,406210,23208
215,11,441522,24126
215,12,477244,26240
215,13,510954,28052
215,14,555406,31606
215,15,609606,33788
215,16,663484,35482
215,17,714774,39522
215,18,748888,42406
215,19,775896,44132
215,20,806810,46152
215,21,840974,48054
215,22,874124,49164
215,23,902912,51776
215,24,918274,54890
215,25,934978,56672
215,26,952706,58408
215,27,966540,59446
215,28,976634,60518
215,29,979006,61788
216,-1,4369,1352
216,0,44,96
216,1,176,178
216,2,390,244
216,3,586,296
216,4,776,364
216,5,974,426
216,6,1196,534
216,7,1616,766
216,8,2290,1022
216,9,3170,1092
216,10,4002,1140
216,11,4774,1214
216,12,5420,1344
216,13,6078,1484
216,14,6466,1640
216,15,6804,1740
216,16,7070,1826
216,17,7318,1876
216,18,7518,1926
216,19,7704,1954
216,20,7874,1990
216,21,8006,2052
216,22,8146,2182
216,23,8288,2296
216,24,8422,2396
216,25,8506,2490
216,26,8578,2566
216,27,8662,2618
216,28,8712,2664
216,29,8738,2700
217,-1,30236,4378
217,0,292,326
217,1,1340,916
217,2,3278,1608
217,3,6214,2240
217,4,9270,2848
217,5,12476,3002
217,6,15566,3190
217,7,18564,3552
217,8,21820,3782
217,9,25732,3968
217,10,29408,4176
217,11,32830,4414
217,12,35628,4810
217,13,37840,5062
217,14,39786,5422
217,15,42482,5766
217,16,45026,5968
217,17,47268,6438
217,18,49264,6956
217,19,50654,7186
217,20,51920,7314
217,21,53078,7492
217,22,54116,7692
217,23,55454,7842
217,24,56630,7958
217,25,57706,8076
217,26,58684,8254
217,27,59664,8404
217,28,60290,8598
217,29,60472,8748
219,-1,7603,1924
219,0,10,22
219,1,86,72
219,2,272,132
219,3,514,192
219,4,788,238
219,5,998,334
219,6,1284,564
219,7,1768,872
219,8,2504,1044
219,9,3256,1168
219,10,3904,1300
219,11,4494,1486
219,12,4990,1648
219,13,5658,1868
219,14,6520,2136
219,15,7536,2258
219,16,8560,2368
219,17,9612,2442
219,18,10714,2472
219,19,11762,2532
219,20,12678,2630
219,21,13408,2790
219,22,13980,2958
219,23,14352,3226
219,24,14634,3436
219,25,14894,3578
219,26,15072,3666
219,27,15166,3766
219,28,15198,3824
219,29,15206,3844
220,-1,3878,1146
220,0,38,42
220,1,182,132
220,2,384,218
220,3,618,310
220,4,956,370
220,5,1362,462
220,6,1888,596
220,7,2520,682
220,8,3182,784
220,9,3834,860
220,10,4436,962
220,11,4998,1116
220,12,5442,1308
220,13,5708,1522
220,14,5884,1630
220,15,6060,1678
220,16,6164,1710
220,17,6296,1764
220,18,6466,1840
220,19,6654,1878
220,20,6846,1914
220,21,7046,1956
220,22,7212,1990
220,23,7328,2024
220,24,7420,2092
220,25,7512,2124
220,26,7608,2152
220,27,7684,2190
220,28,7736,2240
220,29,7756,2288
221,-1,12630,2386
221,0,212,184
221,1,714,310
221,2,1206,390
221,3,1658,508
221,4,2048,678
221,5,2344,748
221,6,2588,846
221,7,2772,910
221,8,2880,1068
221,9,3212,1254
221,10,3696,1494
221,11,4304,1676
221,12,5000,1820
221,13,5682,1978
221,14,6650,2248
221,15,8150,2518
221,16,9758,2682
221,17,11460,2828
221,18,12930,2968
221,19,14314,3070
221,20,15830,3150
221,21,17440,3226
221,22,19018,3322
221,23,20482,3570
221,24,21754,3786
221,25,22884,4028
221,26,23898,4156
221,27,24726,4340
221,28,25174,4656
221,29,25260,4770
222,-1,4804,1624
222,0,40,48
222,1,222,230
222,2,588,352
222,3,1060,412
222,4,1516,472
222,5,2140,626
222,6,2888,802
222,7,3548,996
222,8,4128,1072
222,9,4732,1194
222,10,5338,1290
222,11,5868,1394
222,12,6410,1534
222,13,6842,1764
222,14,7122,1998
222,15,7344,2166
222,16,7578,2308
222,17,7696,2444
222,18,7818,2536
222,19,7928,2618
222,20,8040,2666
222,21,8156,2736
222,22,8338,2814
222,23,8504,2844
222,24,8746,2900
222,25,9044,2964
222,26,9308,3022
222,27,9498,3114
222,28,9576,3186
222,29,9608,3246
223,-1,5385,1746
223,0,58,72
223,1,108,154
223,2,148,224
223,3,266,368
223,4,598,524
223,5,1062,606
223,6,1530,804
223,7,1938,974
223,8,2256,1070
223,9,2732,1230
223,10,3436,1386
223,11,4112,1580
223,12,4596,1738
223,13,5152,1864
223,14,5746,1922
223,15,6336,1986
223,16,6984,2056
223,17,7382,2236
223,18,7536,2350
223,19,7650,2404
223,20,7830,2514
223,21,8152,2588
223,22,8522,2624
223,23,8928,2714
223,24,9374,2826
223,25,9908,3008
223,26,10298,3184
223,27,10574,3274
223,28,10742,3434
223,29,10770,3490
224,-1,3285,1038
224,0,42,64
224,1,142,118
224,2,294,238
224,3,472,358
224,4,686,460
224,5,1024,590
224,6,1410,666
224,7,1784,778
224,8,2126,902
224,9,2500,1022
224,10,2864,1082
224,11,3198,1112
224,12,3522,1128
224,13,3830,1146
224,14,4168,1208
224,15,4406,1238
224,16,4670,1312
224,17,4946,1382
224,18,5236,1424
224,19,5526,1474
224,20,5776,1558
224,21,5950,1658
224,22,6086,1716
224,23,6196,1780
224,24,6278,1838
224,25,6358,1882
224,26,6448,1958
224,27,6520,2004
224,28,6552,2044
224,29,6570,2072
225,-1,9109,2098
225,0,114,122
225,1,428,180
225,2,778,254
225,3,1092,392
225,4,1748,548
225,5,2514,600
225,6,3266,662
225,7,3866,838
225,8,4648,1040
225,9,5330,1116
225,10,5990,1348
225,11,6706,1592
225,12,7152,1838
225,13,7612,1990
225,14,8228,2122
225,15,9066,2270
225,16,10028,2344
225,17,11142,2416
225,18,12294,2452
225,19,13310,2646
225,20,14032,2844
225,21,14584,2976
225,22,15160,3098
225,23,15730,3270
225,24,16458,3448
225,25,17044,3604
225,26,17538,3770
225,27,17928,3910
225,28,18170,4108
225,29,18218,4194
226,-1,16055,2378
226,0,46,82
226,1,280,216
226,2,494,302
226,3,1032,638
226,4,1798,918
226,5,2456,1006
226,6,3348,1130
226,7,4346,1274
226,8,5672,1548
226,9,7206,1738
226,10,8688,1846
226,11,10232,1972
226,12,11914,2086
226,13,13728,2238
226,14,15734,2456
226,15,17420,2620
226,16,19054,2766
226,17,20836,2886
226,18,22622,3090
226,19,24348,3170
226,20,26034,3326
226,21,27544,3584
226,22,28504,3798
226,23,29210,3898
226,24,29930,4128
226,25,30616,4300
226,26,31148,4380
226,27,31658,4510
226,28,32012,4640
226,29,32110,4752
227,-1,5038,1224
227,0,22,38
227,1,118,130
227,2,390,320
227,3,794,470
227,4,1132,574
227,5,1512,716
227,6,1906,866
227,7,2282,954
227,8,2678,1044
227,9,3174,1082
227,10,3706,1132
227,11,4228,1178
227,12,4770,1206
227,13,5190,1236
227,14,5588,1262
227,15,6002,1340
227,16,6368,1482
227,17,6742,1624
227,18,7170,1720
227,19,7648,1776
227,20,8148,1830
227,21,8612,1898
227,22,9008,1970
227,23,9346,2066
227,24,9576,2158
227,25,9782,2224
227,26,9956,2302
227,27,10038,2374
227,28,10068,2430
227,29,10076,2446
228,-1,8782,1826
228,0,42,48
228,1,134,136
228,2,414,344
228,3,832,486
228,4,1478,606
228,5,2200,650
228,6,2920,742
228,7,3916,950
228,8,5038,1158
228,9,6030,1362
228,10,7020,1516
228,11,8152,1652
228,12,9294,1728
228,13,10328,1878
228,14,11296,1998
228,15,12146,2156
228,16,12930,2224
228,17,13678,2380
228,18,14518,2510
228,19,15302,2646
228,20,15922,2800
228,21,16432,2898
228,22,16780,3106
228,23,16970,3238
228,24,17116,3314
228,25,17246,3350
228,26,17396,3412
228,27,17490,3506
228,28,17540,3604
228,29,17564,3648
229,-1,3161,926
229,0,18,32
229,1,48,62
229,2,82,102
229,3,192,182
229,4,360,258
229,5,644,378
229,6,994,418
229,7,1344,466
229,8,1640,522
229,9,1934,580
229,10,2246,662
229,11,2682,804
229,12,3156,864
229,13,3562,972
229,14,3918,1056
229,15,4232,1142
229,16,4500,1202
229,17,4822,1276
229,18,5132,1328
229,19,5422,1396
229,20,5658,1476
229,21,5814,1534
229,22,5954,1560
229,23,6064,1588
229,24,6148,1642
229,25,6222,1684
229,26,6260,1760
229,27,6306,1810
229,28,6318,1842
229,29,6322,1850
230,-1,5202,1214
230,0,44,74
230,1,98,118
230,2,162,190
230,3,390,304
230,4,740,380
230,5,1120,436
230,6,1572,482
230,7,2076,570
230,8,2606,630
230,9,3096,732
230,10,3564,810
230,11,3944,860
230,12,4342,922
230,13,4790,970
230,14,5206,1006
230,15,5586,1082
230,16,5950,1186
230,17,6312,1250
230,18,6734,1314
230,19,7192,1452
230,20,7680,1568
230,21,8186,1642
230,22,8644,1736
230,23,9106,1848
230,24,9482,1944
230,25,9816,2022
230,26,10096,2098
230,27,10260,2236
230,28,10344,2334
230,29,10404,2422
231,-1,10849,2358
231,0,210,216
231,1,732,506
231,2,1292,660
231,3,1988,890
231,4,3006,1188
231,5,4062,1418
231,6,5128,1642
231,7,6184,1808
231,8,7092,1906
231,9,7942,2070
231,10,8860,2334
231,11,9878,2546
231,12,10908,2628
231,13,11908,2690
231,14,12918,2772
231,15,13922,2918
231,16,14818,3038
231,17,15774,3170
231,18,16820,3376
231,19,17762,3636
231,20,18360,3838
231,21,18794,3986
231,22,19258,4132
231,23,19862,4220
231,24,20382,4380
231,25,20748,4452
231,26,21136,4484
231,27,21474,4550
231,28,21672,4664
231,29,21698,4714
232,-1,13653,3182
232,0,150,196
232,1,630,480
232,2,1082,724
232,3,1626,1032
232,4,2334,1526
232,5,3404,1920
232,6,4918,2122
232,7,6688,2262
232,8,8320,2410
232,9,9912,2596
232,10,11500,2842
232,11,12928,3064
232,12,14136,3262
232,13,15352,3510
232,14,16630,3744
232,15,18012,3908
232,16,19380,4068
232,17,20412,4238
232,18,21286,4436
232,19,22608,4662
232,20,23974,4978
232,21,24916,5296
232,22,25524,5568
232,23,25862,5816
232,24,26190,5882
232,25,26430,5940
232,26,26704,6062
232,27,26992,6158
232,28,27224,6272
232,29,27306,6360
233,-1,11531,2644
233,0,128,164
233,1,498,314
233,2,1016,518
233,3,1668,674
233,4,2450,792
233,5,3392,888
233,6,4498,974
233,7,5686,1088
233,8,6744,1342
233,9,7870,1580
233,10,8916,1754
233,11,9942,1942
233,12,10976,2262
233,13,11834,2562
233,14,12614,2702
233,15,13408,2954
233,16,14152,3212
233,17,14912,3420
233,18,15910,3682
233,19,17046,3956
233,20,17966,4176
233,21,18876,4376
233,22,19780,4496
233,23,20584,4610
233,24,21410,4772
233,25,22052,4898
233,26,22422,5042
233,27,22710,5108
233,28,22980,5192
233,29,23062,5284
234,-1,6170,1448
234,0,66,80
234,1,180,156
234,2,368,294
234,3,612,456
234,4,924,610
234,5,1288,664
234,6,1634,740
234,7,1894,888
234,8,2146,972
234,9,2474,1060
234,10,2928,1104
234,11,3478,1198
234,12,4146,1270
234,13,4880,1338
234,14,5616,1376
234,15,6396,1440
234,16,7080,1484
234,17,7746,1540
234,18,8364,1676
234,19,8922,1802
234,20,9492,1920
234,21,10006,2044
234,22,10402,2140
234,23,10834,2208
234,24,11196,2352
234,25,11510,2488
234,26,11742,2572
234,27,12044,2648
234,28,12264,2792
234,29,12340,2894
235,-1,38903,6004
235,0,648,330
235,1,1420,834
235,2,3258,1104
235,3,5846,1538
235,4,9608,2058
235,5,13886,2672
235,6,18256,3064
235,7,23012,3970
235,8,28880,4738
235,9,35360,5204
235,10,41598,5998
235,11,47650,6546
235,12,53166,7720
235,13,56574,8184
235,14,59912,8426
235,15,62892,8832
235,16,65544,8982
235,17,67542,9386
235,18,69378,9570
235,19,70290,9818
235,20,70838,9994
235,21,71432,10252
235,22,72316,10432
235,23,73040,10616
235,24,73724,10806
235,25,74550,11020
235,26,75542,11346
235,27,76676,11596
235,28,77416,11762
235,29,77806,12006
236,-1,8111,1724
236,0,78,84
236,1,236,190
236,2,540,296
236,3,834,382
236,4,1208,516
236,5,1782,682
236,6,2484,806
236,7,3284,930
236,8,4094,976
236,9,4952,1036
236,10,5932,1094
236,11,6994,1172
236,12,8080,1252
236,13,9182,1376
236,14,10256,1488
236,15,11268,1652
236,16,12136,1814
236,17,12996,2046
236,18,13704,2254
236,19,14296,2432
236,20,14654,2642
236,21,14956,2764
236,22,15230,2836
236,23,15474,2914
236,24,15650,3038
236,25,15886,3102
236,26,16046,3208
236,27,16118,3308
236,28,16196,3398
236,29,16222,3444
237,-1,38108,5944
237,0,508,396
237,1,1698,742
237,2,4476,1504
237,3,7856,1960
237,4,11020,2312
237,5,13514,3062
237,6,15986,3618
237,7,18760,4338
237,8,20522,4820
237,9,21878,5290
237,10,24256,5896
237,11,27858,6400
237,12,31498,6704
237,13,34520,7124
237,14,37878,7502
237,15,42318,7742
237,16,46738,8156
237,17,50500,8380
237,18,54524,8908
237,19,58028,9194
237,20,60658,9390
237,21,62912,9682
237,22,65514,10020
237,23,68850,10310
237,24,71604,10518
237,25,73566,10874
237,26,74702,11122
237,27,75628,11426
237,28,76002,11684
237,29,76216,11884
238,-1,7959,1368
238,0,42,36
238,1,122,80
238,2,258,174
238,3,462,256
238,4,762,320
238,5,1118,374
238,6,1534,426
238,7,2016,600
238,8,2648,762
238,9,3482,918
238,10,4420,1044
238,11,5386,1090
238,12,6374,1130
238,13,7390,1188
238,14,8418,1240
238,15,9438,1300
238,16,10384,1394
238,17,11300,1536
238,18,12168,1644
238,19,12856,1796
238,20,13494,1900
238,21,14056,2036
238,22,14460,2134
238,23,14918,2226
238,24,15334,2338
238,25,15630,2482
238,26,15758,2562
238,27,15866,2658
238,28,15906,2708
238,29,15918,2732
239,-1,14934,2364
239,0,68,64
239,1,348,184
239,2,778,298
239,3,1290,522
239,4,1870,680
239,5,2570,916
239,6,3430,1044
239,7,4384,1166
239,8,5462,1326
239,9,6524,1438
239,10,7566,1530
239,11,8686,1774
239,12,9838,2054
239,13,11388,2286
239,14,13180,2518
239,15,15138,2638
239,16,17174,2840
239,17,19432,3094
239,18,21788,3304
239,19,23724,3662
239,20,24736,3890
239,21,25566,3990
239,22,26354,4104
239,23,27142,4146
239,24,27894,4194
239,25,28620,4274
239,26,29202,4404
239,27,29596,4504
239,28,29796,4618
239,29,29868,4726
240,-1,4865,1450
240,0,26,30
240,1,66,64
240,2,152,98
240,3,266,150
240,4,412,226
240,5,632,304
240,6,886,388
240,7,1118,446
240,8,1326,512
240,9,1606,688
240,10,2026,856
240,11,2586,1078
240,12,3138,1256
240,13,3716,1412
240,14,4270,1490
240,15,4800,1608
240,16,5384,1724
240,17,6026,1796
240,18,6708,1908
240,19,7380,1990
240,20,8022,2098
240,21,8592,2222
240,22,9044,2424
240,23,9362,2538
240,24,9558,2660
240,25,9642,2768
240,26,9680,2834
240,27,9698,2856
240,28,9720,2874
240,29,9730,2898
241,-1,3419,1364
241,0,90,108
241,1,388,266
241,2,770,384
241,3,1210,566
241,4,1722,638
241,5,2336,744
241,6,2894,804
241,7,3368,886
241,8,3710,994
241,9,3974,1128
241,10,4210,1288
241,11,4460,1432
241,12,4658,1542
241,13,4874,1646
241,14,5070,1720
241,15,5264,1776
241,16,5404,1828
241,17,5538,1892
241,18,5682,1962
241,19,5830,2034
241,20,5944,2118
241,21,6082,2252
241,22,6200,2356
241,23,6312,2446
241,24,6418,2502
241,25,6602,2542
241,26,6758,2640
241,27,6802,2682
241,28,6832,2708
241,29,6838,2726
242,-1,7011,1652
242,0,62,78
242,1,294,196
242,2,690,302
242,3,1112,398
242,4,1654,584
242,5,2330,810
242,6,3042,970
242,7,3760,1104
242,8,4502,1252
242,9,5272,1438
242,10,6204,1580
242,11,7124,1678
242,12,8044,1762
242,13,8944,1850
242,14,9742,1900
242,15,10490,1992
242,16,11216,2054
242,17,11866,2146
242,18,12490,2248
242,19,12960,2464
242,20,13198,2642
242,21,13400,2778
242,22,13516,2906
242,23,13578,2956
242,24,13662,3042
242,25,13744,3088
242,26,13838,3112
242,27,13930,3182
242,28,14004,3264
242,29,14022,3302
243,-1,13358,2918
243,0,80,84
243,1,452,260
243,2,858,476
243,3,1610,832
243,4,2738,1220
243,5,4142,1492
243,6,5608,1764
243,7,7506,2066
243,8,9506,2412
243,9,11710,2778
243,10,13514,3034
243,11,14868,3262
243,12,16046,3498
243,13,17072,3678
243,14,17952,3780
243,15,18918,4036
243,16,20030,4218
243,17,21028,4356
243,18,21802,4436
243,19,22570,4516
243,20,23408,4634
243,21,24290,4760
243,22,24972,4986
243,23,25410,5230
243,24,25622,5376
243,25,25748,5438
243,26,25984,5502
243,27,26298,5580
243,28,26590,5714
243,29,26716,5828
244,-1,19017,2614
244,0,140,160
244,1,676,462
244,2,1408,580
244,3,2170,676
244,4,3046,762
244,5,3908,866
244,6,4804,1012
244,7,5866,1098
244,8,7050,1164
244,9,8404,1254
244,10,10054,1526
244,11,11934,1692
244,12,13724,1798
244,13,15420,1910
244,14,17180,2026
244,15,19136,2118
244,16,21062,2204
244,17,23154,2312
244,18,25346,2372
244,19,27460,2544
244,20,29672,2762
244,21,31740,3060
244,22,33422,3460
244,23,34958,3960
244,24,35946,4380
244,25,36722,4598
244,26,37418,4822
244,27,37812,5004
244,28,37960,5142
244,29,38034,5224
245,-1,3157,1012
245,0,12,24
245,1,48,72
245,2,118,150
245,3,290,226
245,4,608,348
245,5,952,396
245,6,1282,438
245,7,1566,492
245,8,1774,582
245,9,2030,652
245,10,2316,696
245,11,2626,728
245,12,2866,748
245,13,3120,790
245,14,3406,830
245,15,3704,882
245,16,4038,926
245,17,4406,964
245,18,4724,1062
245,19,4936,1182
245,20,5166,1284
245,21,5330,1398
245,22,5448,1484
245,23,5590,1586
245,24,5728,1694
245,25,5876,1754
245,26,6066,1834
245,27,6216,1904
245,28,6294,1980
245,29,6314,2022
246,-1,3060,942
246,0,52,50
246,1,102,88
246,2,176,138
246,3,280,212
246,4,436,312
246,5,652,378
246,6,838,454
246,7,1096,548
246,8,1374,604
246,9,1648,634
246,10,1958,672
246,11,2302,730
246,12,2648,772
246,13,3034,850
246,14,3454,922
246,15,3790,1056
246,16,4106,1140
246,17,4378,1180
246,18,4642,1208
246,19,4926,1282
246,20,5232,1318
246,21,5488,1404
246,22,5686,1512
246,23,5828,1626
246,24,5922,1710
246,25,5964,1742
246,26,6014,1768
246,27,6068,1800
246,28,6100,1848
246,29,6120,1882
247,-1,10352,2682
247,0,88,86
247,1,278,246
247,2,576,458
247,3,928,656
247,4,1524,878
247,5,2298,1016
247,6,3048,1122
247,7,3658,1282
247,8,4182,1480
247,9,4630,1648
247,10,5184,1812
247,11,5758,2004
247,12,6464,2244
247,13,7394,2498
247,14,8514,2694
247,15,9732,2818
247,16,10938,2946
247,17,12078,3206
247,18,13312,3474
247,19,14642,3784
247,20,15960,4054
247,21,17118,4220
247,22,18160,4354
247,23,19044,4498
247,24,19786,4664
247,25,20292,4880
247,26,20504,5050
247,27,20584,5192
247,28,20668,5310
247,29,20704,5360
248,-1,96521,14272
248,0,1012,640
248,1,5034,1902
248,2,11132,3300
248,3,18666,4672
248,4,28112,5580
248,5,38132,6672
248,6,48250,7810
248,7,60062,9110
248,8,71530,10760
248,9,80190,11680
248,10,87990,13136
248,11,94024,13868
248,12,100638,15020
248,13,107918,16034
248,14,118022,16730
248,15,127448,17512
248,16,135194,18878
248,17,142334,20612
248,18,150134,22596
248,19,157506,23274
248,20,163058,24052
248,21,167044,25214
248,22,170406,25748
248,23,175422,26204
248,24,181088,26690
248,25,185368,27132
248,26,188448,27456
248,27,190932,27746
248,28,192354,28112
248,29,193042,28542
249,-1,4831,1426
249,0,50,64
249,1,180,178
249,2,390,282
249,3,726,354
249,4,1158,420
249,5,1602,454
249,6,2018,520
249,7,2308,584
249,8,2594,680
249,9,2852,746
249,10,3148,836
249,11,3506,968
249,12,3878,1078
249,13,4346,1242
249,14,4890,1306
249,15,5426,1344
249,16,5964,1370
249,17,6510,1428
249,18,7008,1518
249,19,7462,1620
249,20,7952,1758
249,21,8392,1872
249,22,8750,2018
249,23,9010,2218
249,24,9220,2414
249,25,9376,2582
249,26,9496,2650
249,27,9586,2744
249,28,9642,2824
249,29,9662,2850
250,-1,3525,956
250,0,50,56
250,1,100,138
250,2,194,220
250,3,352,306
250,4,598,390
250,5,968,462
250,6,1444,582
250,7,2002,692
250,8,2610,770
250,9,3008,852
250,10,3418,888
250,11,3830,922
250,12,4240,962
250,13,4612,1034
250,14,4900,1130
250,15,5132,1180
250,16,5372,1212
250,17,5642,1228
250,18,5888,1282
250,19,6126,1402
250,20,6318,1468
250,21,6498,1520
250,22,6640,1590
250,23,6748,1656
250,24,6866,1720
250,25,6934,1786
250,26,6962,1822
250,27,7006,1846
250,28,7036,1884
250,29,7050,1910
251,-1,25105,4000
251,0,134,174
251,1,606,446
251,2,1510,784
251,3,2736,1324
251,4,4158,2008
251,5,6206,2616
251,6,9040,3074
251,7,12238,3232
251,8,15666,3436
251,9,19054,3644
251,10,22282,3916
251,11,25340,4014
251,12,28394,4136
251,13,31382,4242
251,14,34310,4396
251,15,36964,4700
251,16,39302,5010
251,17,41622,5274
251,18,43208,5860
251,19,44156,6270
251,20,45362,6600
251,21,46516,6968
251,22,47438,7212
251,23,47970,7312
251,24,48412,7388
251,25,48888,7516
251,26,49440,7630
251,27,49900,7768
251,28,50112,7912
251,29,50210,7996
252,-1,66671,7442
252,0,566,252
252,1,1354,574
252,2,3514,1286
252,3,7272,1782
252,4,11592,2516
252,5,14938,3108
252,6,18790,3742
252,7,24330,4666
252,8,30498,5074
252,9,36534,5312
252,10,42512,5658
252,11,48774,6090
252,12,54288,6388
252,13,58784,6814
252,14,63704,7170
252,15,69508,7622
252,16,76558,8400
252,17,84162,8816
252,18,90900,9156
252,19,98678,9638
252,20,105066,11102
252,21,109282,12132
252,22,113484,12544
252,23,117958,12920
252,24,121934,13214
252,25,125466,13418
252,26,128710,13610
252,27,131656,14048
252,28,133026,14564
252,29,133342,14878
253,-1,3378,1524
253,0,36,32
253,1,148,136
253,2,352,248
253,3,614,332
253,4,948,466
253,5,1400,672
253,6,1888,798
253,7,2204,922
253,8,2414,1032
253,9,2506,1108
253,10,2582,1204
253,11,2688,1324
253,12,2896,1386
253,13,3150,1422
253,14,3358,1502
253,15,3510,1578
253,16,3702,1654
253,17,3946,1700
253,18,4202,1734
253,19,4450,1806
253,20,4708,1902
253,21,5064,2016
253,22,5470,2184
253,23,5820,2416
253,24,6088,2532
253,25,6332,2642
253,26,6516,2776
253,27,6606,2866
253,28,6706,2966
253,29,6756,3040
254,-1,12805,3156
254,0,98,76
254,1,290,166
254,2,538,398
254,3,1068,680
254,4,2012,876
254,5,3316,1050
254,6,4734,1168
254,7,6064,1322
254,8,7354,1630
254,9,8352,1930
254,10,9262,2322
254,11,9920,2514
254,12,10664,2684
254,13,11582,2810
254,14,12458,3012
254,15,13426,3268
254,16,14422,3492
254,17,15600,3606
254,18,16948,3764
254,19,18124,3972
254,20,19102,4408
254,21,20380,4842
254,22,21626,4972
254,23,22680,5176
254,24,23650,5412
254,25,24346,5666
254,26,24960,5928
254,27,25432,6146
254,28,25550,6258
254,29,25610,6310
255,-1,4613,1694
255,0,20,30
255,1,100,94
255,2,270,200
255,3,568,344
255,4,940,432
255,5,1336,552
255,6,1724,738
255,7,2172,980
255,8,2660,1226
255,9,3230,1436
255,10,3708,1602
255,11,4106,1712
255,12,4486,1758
255,13,4868,1786
255,14,5258,1808
255,15,5642,1832
255,16,6044,1886
255,17,6456,1970
255,18,6766,2064
255,19,7050,2204
255,20,7400,2328
255,21,7796,2472
255,22,8148,2616
255,23,8440,2782
255,24,8632,2900
255,25,8802,3078
255,26,9024,3206
255,27,9182,3314
255,28,9214,3364
255,29,9226,3382
256,-1,7915,2058
256,0,22,36
256,1,94,114
256,2,216,174
256,3,382,296
256,4,698,426
256,5,1228,510
256,6,1802,618
256,7,2372,738
256,8,3180,1036
256,9,4078,1430
256,10,4846,1856
256,11,5712,2034
256,12,6592,2128
256,13,7440,2162
256,14,8260,2194
256,15,9116,2300
256,16,10002,2526
256,17,10868,2722
256,18,11696,2892
256,19,12616,3064
256,20,13572,3274
256,21,14288,3398
256,22,14866,3530
256,23,15318,3702
256,24,15588,3860
256,25,15706,3960
256,26,15752,4026
256,27,15794,4054
256,28,15812,4084
256,29,15830,4114
257,-1,11529,3144
257,0,86,128
257,1,412,232
257,2,902,424
257,3,1426,730
257,4,1990,1060
257,5,2714,1562
257,6,3768,2022
257,7,5142,2474
257,8,6810,2870
257,9,8514,3218
257,10,10270,3464
257,11,12064,3738
257,12,13848,4058
257,13,15574,4216
257,14,17100,4564
257,15,18340,4956
257,16,19298,5298
257,17,19904,5594
257,18,20340,5710
257,19,20690,5776
257,20,20994,5834
257,21,21274,5874
257,22,21546,5898
257,23,21824,5934
257,24,22138,5972
257,25,22432,6026
257,26,22716,6062
257,27,22926,6138
257,28,23030,6228
257,29,23058,6284
258,-1,5236,1642
258,0,88,146
258,1,426,316
258,2,768,452
258,3,1048,540
258,4,1332,642
258,5,1696,690
258,6,1992,828
258,7,2186,1022
258,8,2302,1136
258,9,2412,1210
258,10,2604,1284
258,11,2804,1324
258,12,3026,1438
258,13,3268,1542
258,14,3556,1602
258,15,3996,1728
258,16,4544,1824
258,17,5100,1934
258,18,5616,2130
258,19,6214,2252
258,20,6850,2304
258,21,7506,2354
258,22,8184,2404
258,23,8778,2492
258,24,9290,2610
258,25,9666,2870
258,26,10032,3038
258,27,10246,3140
258,28,10404,3232
258,29,10472,3278
259,-1,5185,1444
259,0,62,68
259,1,250,122
259,2,438,256
259,3,594,382
259,4,654,458
259,5,856,634
259,6,1260,868
259,7,1702,988
259,8,2048,1054
259,9,2418,1098
259,10,3020,1286
259,11,3876,1402
259,12,4750,1518
259,13,5496,1586
259,14,6086,1672
259,15,6648,1794
259,16,7126,1906
259,17,7624,2004
259,18,8136,2080
259,19,8490,2168
259,20,8776,2196
259,21,9062,2232
259,22,9362,2268
259,23,9600,2348
259,24,9830,2432
259,25,9992,2524
259,26,10170,2626
259,27,10250,2726
259,28,10324,2820
259,29,10370,2886
260,-1,5504,1540
260,0,64,50
260,1,156,80
260,2,262,122
260,3,432,208
260,4,684,370
260,5,986,482
260,6,1226,628
260,7,1516,872
260,8,1974,1106
260,9,2554,1274
260,10,3080,1434
260,11,3566,1556
260,12,4076,1648
260,13,4648,1742
260,14,5210,1848
260,15,5886,2018
260,16,6614,2172
260,17,7310,2292
260,18,7850,2412
260,19,8318,2440
260,20,8722,2494
260,21,9028,2560
260,22,9392,2616
260,23,9792,2672
260,24,10148,2714
260,25,10500,2756
260,26,10826,2896
260,27,10948,3008
260,28,10986,3048
260,29,11008,3072
261,-1,4961,1560
261,0,78,118
261,1,472,422
261,2,1114,646
261,3,1902,862
261,4,2580,1040
261,5,3220,1152
261,6,3734,1322
261,7,4076,1480
261,8,4308,1580
261,9,4552,1658
261,10,4828,1748
261,11,5148,1838
261,12,5488,1948
261,13,5902,2006
261,14,6266,2082
261,15,6568,2178
261,16,6898,2278
261,17,7272,2354
261,18,7694,2394
261,19,8064,2480
261,20,8382,2554
261,21,8744,2602
261,22,9060,2658
261,23,9256,2774
261,24,9392,2832
261,25,9482,2878
261,26,9574,2948
261,27,9716,2978
261,28,9854,3022
261,29,9922,3118
262,-1,4852,1092
262,0,10,22
262,1,64,82
262,2,170,166
262,3,360,250
262,4,640,334
262,5,968,376
262,6,1316,466
262,7,1706,562
262,8,2180,648
262,9,2694,728
262,10,3320,854
262,11,4016,936
262,12,4758,1024
262,13,5476,1096
262,14,6114,1198
262,15,6696,1254
262,16,7200,1344
262,17,7618,1426
262,18,8052,1536
262,19,8392,1636
262,20,8660,1732
262,21,8852,1842
262,22,8980,1882
262,23,9106,1918
262,24,9272,1950
262,25,9406,1998
262,26,9522,2060
262,27,9626,2094
262,28,9684,2160
262,29,9704,2182
264,-1,5981,1762
264,0,32,46
264,1,88,114
264,2,174,210
264,3,308,300
264,4,522,404
264,5,764,524
264,6,1098,698
264,7,1524,938
264,8,2136,1206
264,9,2946,1386
264,10,3652,1524
264,11,4344,1602
264,12,5040,1698
264,13,5666,1860
264,14,6278,1980
264,15,6874,2050
264,16,7454,2130
264,17,8056,2198
264,18,8646,2270
264,19,9240,2366
264,20,9792,2508
264,21,10396,2654
264,22,10916,2844
264,23,11302,2986
264,24,11578,3158
264,25,11728,3306
264,26,11822,3372
264,27,11894,3424
264,28,11930,3478
264,29,11962,3520
265,-1,5957,1742
265,0,40,54
265,1,168,132
265,2,292,232
265,3,404,400
265,4,668,620
265,5,1104,826
265,6,1694,966
265,7,2252,1162
265,8,2844,1388
265,9,3544,1514
265,10,4284,1618
265,11,5038,1736
265,12,5770,1832
265,13,6560,1884
265,14,7358,1998
265,15,8026,2180
265,16,8544,2392
265,17,8962,2538
265,18,9374,2640
265,19,9812,2718
265,20,10262,2810
265,21,10642,2936
265,22,10912,3030
265,23,11138,3112
265,24,11344,3180
265,25,11538,3252
265,26,11696,3290
265,27,11812,3354
265,28,11880,3424
265,29,11914,3478
266,-1,3186,1160
266,0,18,32
266,1,54,60
266,2,142,144
266,3,318,216
266,4,558,316
266,5,822,420
266,6,1106,460
266,7,1358,504
266,8,1632,554
266,9,1896,620
266,10,2170,728
266,11,2532,760
266,12,2906,852
266,13,3286,914
266,14,3650,958
266,15,4010,1040
266,16,4354,1150
266,17,4674,1250
266,18,5018,1350
266,19,5302,1452
266,20,5476,1622
266,21,5640,1758
266,22,5802,1868
266,23,5900,1924
266,24,6012,1980
266,25,6122,2046
266,26,6240,2118
266,27,6316,2220
266,28,6354,2276
266,29,6372,2314
267,-1,3044,858
267,0,8,16
267,1,54,80
267,2,146,148
267,3,328,226
267,4,600,344
267,5,936,450
267,6,1188,496
267,7,1472,534
267,8,1774,580
267,9,2110,632
267,10,2452,668
267,11,2762,702
267,12,3064,732
267,13,3352,816
267,14,3628,856
267,15,3890,906
267,16,4150,934
267,17,4414,944
267,18,4680,962
267,19,4956,1006
267,20,5216,1082
267,21,5408,1200
267,22,5594,1304
267,23,5740,1412
267,24,5878,1480
267,25,5970,1560
267,26,6020,1622
267,27,6052,1658
267,28,6072,1690
267,29,6088,1712
268,-1,3098,1136
268,0,28,48
268,1,102,86
268,2,206,146
268,3,402,264
268,4,680,336
268,5,932,424
268,6,1222,524
268,7,1488,642
268,8,1812,790
268,9,2162,858
268,10,2506,914
268,11,2856,976
268,12,3160,1096
268,13,3410,1192
268,14,3664,1250
268,15,3948,1334
268,16,4220,1372
268,17,4490,1394
268,18,4792,1438
268,19,5050,1494
268,20,5234,1584
268,21,5408,1730
268,22,5586,1874
268,23,5728,1958
268,24,5848,2010
268,25,5964,2044
268,26,6036,2110
268,27,6118,2164
268,28,6182,2236
268,29,6196,2270
269,-1,10226,2110
269,0,32,42
269,1,194,172
269,2,594,378
269,3,1116,656
269,4,2014,884
269,5,3020,1142
269,6,4260,1350
269,7,5626,1502
269,8,7118,1630
269,9,8476,1760
269,10,9640,1922
269,11,10758,2104
269,12,11562,2304
269,13,12346,2476
269,14,13218,2664
269,15,14198,2774
269,16,14968,2926
269,17,15572,3036
269,18,16102,3174
269,19,16722,3316
269,20,17310,3426
269,21,17924,3548
269,22,18436,3666
269,23,18918,3714
269,24,19336,3790
269,25,19728,3902
269,26,19976,4022
269,27,20184,4070
269,28,20362,4118
269,29,20452,4212
270,-1,3737,1270
270,0,18,32
270,1,72,98
270,2,210,212
270,3,416,302
270,4,646,364
270,5,924,444
270,6,1236,546
270,7,1508,754
270,8,1804,854
270,9,2130,916
270,10,2462,996
270,11,2816,1066
270,12,3176,1124
270,13,3502,1244
270,14,3780,1364
270,15,4180,1496
270,16,4642,1562
270,17,5104,1594
270,18,5538,1672
270,19,5806,1720
270,20,6030,1804
270,21,6260,1894
270,22,6452,1980
270,23,6672,2050
270,24,6904,2126
270,25,7112,2218
270,26,7292,2318
270,27,7398,2426
270,28,7456,2496
270,29,7474,2536
271,-1,7151,1478
271,0,92,98
271,1,378,226
271,2,682,264
271,3,1046,318
271,4,1434,364
271,5,1796,428
271,6,2324,610
271,7,2956,724
271,8,3686,882
271,9,4364,990
271,10,5002,1068
271,11,5628,1200
271,12,6180,1304
271,13,6680,1384
271,14,7170,1438
271,15,7746,1502
271,16,8386,1600
271,17,9088,1760
271,18,9806,1862
271,19,10450,1938
271,20,11098,1992
271,21,11594,2132
271,22,11996,2240
271,23,12484,2316
271,24,12994,2370
271,25,13466,2516
271,26,13778,2660
271,27,14004,2782
271,28,14194,2864
271,29,14302,2948
272,-1,5749,1746
272,0,36,50
272,1,230,204
272,2,512,270
272,3,822,318
272,4,1162,354
272,5,1528,396
272,6,1932,450
272,7,2352,546
272,8,2858,640
272,9,3418,824
272,10,3936,934
272,11,4328,1012
272,12,4798,1136
272,13,5258,1248
272,14,5716,1356
272,15,6180,1518
272,16,6688,1682
272,17,7194,1826
272,18,7720,1988
272,19,8286,2246
272,20,8864,2424
272,21,9346,2646
272,22,9770,2798
272,23,10196,2920
272,24,10598,3026
272,25,10942,3088
272,26,11236,3192
272,27,11398,3340
272,28,11474,3444
272,29,11498,3488
273,-1,6638,1966
273,0,26,42
273,1,62,94
273,2,244,230
273,3,504,370
273,4,974,578
273,5,1512,752
273,6,2118,832
273,7,2796,970
273,8,3428,1172
273,9,4086,1372
273,10,4728,1500
273,11,5284,1658
273,12,5766,1864
273,13,6468,2106
273,14,7108,2204
273,15,7754,2264
273,16,8302,2344
273,17,8804,2444
273,18,9382,2696
273,19,10142,2852
273,20,10702,2938
273,21,11200,3032
273,22,11604,3272
273,23,11932,3430
273,24,12160,3502
273,25,12380,3570
273,26,12666,3614
273,27,12954,3728
273,28,13192,3844
273,29,13276,3926
274,-1,7981,1780
274,0,72,94
274,1,234,192
274,2,562,294
274,3,1066,372
274,4,1622,460
274,5,2294,628
274,6,3086,792
274,7,3934,888
274,8,4948,1008
274,9,5926,1138
274,10,6892,1190
274,11,7870,1350
274,12,8826,1500
274,13,9750,1698
274,14,10466,1986
274,15,10906,2130
274,16,11392,2218
274,17,11860,2370
274,18,12366,2458
274,19,12876,2532
274,20,13368,2658
274,21,13816,2860
274,22,14314,3002
274,23,14798,3062
274,24,15212,3130
274,25,15590,3194
274,26,15774,3346
274,27,15864,3446
274,28,15918,3478
274,29,15962,3548
275,-1,225918,16186
275,0,1646,502
275,1,3792,1000
275,2,6468,1566
275,3,8176,2112
275,4,17678,4108
275,5,33392,5580
275,6,53020,7662
275,7,74756,8304
275,8,95342,8816
275,9,113794,9258
275,10,132206,9788
275,11,150522,11526
275,12,170758,13068
275,13,190200,14666
275,14,209076,15364
275,15,230576,16490
275,16,252670,17954
275,17,273390,18848
275,18,295704,19854
275,19,316996,20576
275,20,340780,21906
275,21,361638,22776
275,22,380796,23986
275,23,397114,24502
275,24,414680,25752
275,25,431254,26718
275,26,442282,28860
275,27,446644,30390
275,28,450094,31596
275,29,451836,32370
276,-1,4246,1176
276,0,28,38
276,1,160,174
276,2,370,310
276,3,586,430
276,4,810,506
276,5,1072,580
276,6,1480,672
276,7,1946,750
276,8,2358,790
276,9,2746,832
276,10,3110,898
276,11,3502,976
276,12,3864,1038
276,13,4344,1134
276,14,4806,1218
276,15,5172,1270
276,16,5528,1336
276,17,5786,1436
276,18,5982,1518
276,19,6130,1564
276,20,6282,1594
276,21,6486,1660
276,22,6816,1774
276,23,7236,1882
276,24,7658,1968
276,25,7962,2084
276,26,8154,2144
276,27,8336,2200
276,28,8458,2290
276,29,8492,2348
277,-1,21057,5150
277,0,110,110
277,1,534,402
277,2,1330,736
277,3,2544,1128
277,4,4228,1648
277,5,6016,2108
277,6,7312,2780
277,7,8598,3406
277,8,10120,4008
277,9,12018,4422
277,10,13912,4762
277,11,15892,4926
277,12,17906,5042
277,13,20116,5350
277,14,22654,5678
277,15,25324,6124
277,16,28158,6524
277,17,30094,7202
277,18,31580,7628
277,19,33140,7824
277,20,34644,7930
277,21,36148,8144
277,22,37508,8476
277,23,38694,8818
277,24,39630,9246
277,25,40468,9734
277,26,41112,9902
277,27,41566,10018
277,28,41948,10174
277,29,42114,10296
278,-1,3877,978
278,0,16,22
278,1,50,88
278,2,142,180
278,3,246,230
278,4,352,278
278,5,464,316
278,6,628,400
278,7,872,480
278,8,1138,548
278,9,1442,648
278,10,1782,802
278,11,2238,880
278,12,2728,938
278,13,3234,992
278,14,3760,1018
278,15,4268,1058
278,16,4722,1130
278,17,5132,1238
278,18,5530,1340
278,19,5932,1442
278,20,6320,1532
278,21,6674,1600
278,22,6964,1680
278,23,7226,1742
278,24,7430,1808
278,25,7586,1826
278,26,7710,1888
278,27,7734,1922
278,28,7744,1940
278,29,7754,1952
279,-1,6801,1306
279,0,114,126
279,1,414,218
279,2,844,292
279,3,1352,350
279,4,1864,394
279,5,2358,450
279,6,2908,566
279,7,3520,654
279,8,4192,828
279,9,4800,958
279,10,5440,1014
279,11,6118,1054
279,12,6772,1132
279,13,7420,1246
279,14,8056,1346
279,15,8700,1414
279,16,9236,1528
279,17,9750,1638
279,18,10190,1720
279,19,10682,1752
279,20,11232,1806
279,21,11774,1846
279,22,12306,1904
279,23,12772,2002
279,24,13120,2170
279,25,13330,2320
279,26,13424,2450
279,27,13492,2526
279,28,13550,2558
279,29,13602,2604
280,-1,4972,1466
280,0,62,76
280,1,172,148
280,2,268,232
280,3,486,442
280,4,834,674
280,5,1306,808
280,6,1846,864
280,7,2414,916
280,8,2996,1002
280,9,3584,1098
280,10,4084,1216
280,11,4386,1284
280,12,4684,1414
280,13,5034,1548
280,14,5406,1630
280,15,5812,1722
280,16,6230,1802
280,17,6614,1954
280,18,7044,2038
280,19,7486,2104
280,20,7898,2164
280,21,8292,2250
280,22,8630,2346
280,23,8856,2446
280,24,9128,2562
280,25,9392,2640
280,26,9568,2738
280,27,9718,2786
280,28,9870,2848
280,29,9944,2928
281,-1,6475,1670
281,0,32,60
281,1,198,188
281,2,488,334
281,3,896,436
281,4,1308,532
281,5,1772,648
281,6,2308,862
281,7,2968,1074
281,8,3864,1204
281,9,4786,1308
281,10,5628,1508
281,11,6378,1668
281,12,7186,1758
281,13,7966,1832
281,14,8660,1968
281,15,9368,2140
281,16,10066,2276
281,17,10684,2402
281,18,11240,2550
281,19,11738,2676
281,20,12080,2772
281,21,12328,2896
281,22,12498,2996
281,23,12598,3066
281,24,12684,3118
281,25,12748,3160
281,26,12810,3206
281,27,12870,3242
281,28,12930,3300
281,29,12950,3338
282,-1,4784,1162
282,0,28,32
282,1,86,92
282,2,160,150
282,3,246,190
282,4,334,220
282,5,434,276
282,6,556,330
282,7,680,514
282,8,1056,698
282,9,1572,852
282,10,2220,1056
282,11,2916,1144
282,12,3646,1242
282,13,4420,1346
282,14,4932,1402
282,15,5452,1458
282,16,5982,1542
282,17,6550,1634
282,18,7064,1678
282,19,7520,1768
282,20,7948,1858
282,21,8302,1936
282,22,8598,1978
282,23,8862,2008
282,24,9118,2096
282,25,9312,2172
282,26,9400,2224
282,27,9476,2264
282,28,9528,2292
282,29,9568,2314
283,-1,75236,8296
283,0,458,432
283,1,2790,1432
283,2,8642,2250
283,3,16766,2756
283,4,26606,3300
283,5,37524,3542
283,6,47930,4118
283,7,57002,4772
283,8,64720,5586
283,9,73282,6342
283,10,82436,6792
283,11,91152,7350
283,12,100324,7964
283,13,107968,8576
283,14,113950,9154
283,15,119424,10010
283,16,122478,10640
283,17,124848,10986
283,18,128244,11702
283,19,131550,12408
283,20,134248,13286
283,21,136596,13950
283,22,138928,14250
283,23,141102,14506
283,24,143704,14772
283,25,146472,15100
283,26,148556,15664
283,27,149602,16172
283,28,150250,16416
283,29,150472,16588
284,-1,3678,952
284,0,60,58
284,1,204,106
284,2,382,130
284,3,580,164
284,4,818,236
284,5,1078,316
284,6,1416,426
284,7,1790,500
284,8,2216,562
284,9,2666,608
284,10,3152,636
284,11,3650,676
284,12,4184,726
284,13,4712,780
284,14,5134,916
284,15,5476,1018
284,16,5758,1104
284,17,6056,1214
284,18,6296,1274
284,19,6452,1326
284,20,6612,1382
284,21,6760,1450
284,22,6872,1552
284,23,6950,1640
284,24,7030,1712
284,25,7128,1754
284,26,7216,1774
284,27,7296,1798
284,28,7342,1858
284,29,7356,1898
285,-1,6020,1666
285,0,60,56
285,1,134,114
285,2,208,220
285,3,390,334
285,4,758,462
285,5,1250,584
285,6,1854,740
285,7,2514,890
285,8,3130,1164
285,9,3550,1346
285,10,4038,1582
285,11,4676,1730
285,12,5348,1820
285,13,5990,1910
285,14,6622,1976
285,15,7214,2040
285,16,7784,2108
285,17,8336,2160
285,18,8978,2250
285,19,9620,2328
285,20,10238,2428
285,21,10734,2560
285,22,11172,2694
285,23,11512,2950
285,24,11668,3080
285,25,11770,3176
285,26,11864,3218
285,27,11988,3270
285,28,12028,3312
285,29,12040,3330
286,-1,19154,4368
286,0,136,84
286,1,608,250
286,2,1592,530
286,3,2770,780
286,4,3468,1196
286,5,4456,1572
286,6,5792,1986
286,7,7780,2360
286,8,9740,2778
286,9,11228,3470
286,10,12758,3932
286,11,14328,4368
286,12,15688,4620
286,13,16890,4770
286,14,18190,4976
286,15,19408,5116
286,16,20726,5220
286,17,22216,5360
286,18,23792,5482
286,19,25558,5744
286,20,27558,6064
286,21,29602,6300
286,22,31464,6560
286,23,32974,7158
286,24,34168,7426
286,25,35124,7714
286,26,36270,7936
286,27,37386,8194
286,28,38122,8572
286,29,38308,8730
287,-1,8762,1692
287,0,164,150
287,1,496,298
287,2,978,436
287,3,1692,684
287,4,2642,836
287,5,3596,950
287,6,4522,1020
287,7,5460,1092
287,8,6486,1200
287,9,7422,1332
287,10,8428,1408
287,11,9422,1516
287,12,10424,1614
287,13,11398,1716
287,14,12302,1756
287,15,13202,1882
287,16,13892,2060
287,17,14368,2232
287,18,14842,2384
287,19,15300,2528
287,20,15788,2668
287,21,16260,2792
287,22,16608,2912
287,23,16876,3002
287,24,16940,3086
287,25,17046,3148
287,26,17228,3182
287,27,17398,3252
287,28,17508,3346
287,29,17524,3380
288,-1,31101,4560
288,0,362,188
288,1,1014,412
288,2,1938,526
288,3,2840,640
288,4,3530,820
288,5,4002,1046
288,6,4698,1412
288,7,5652,1840
288,8,6406,2100
288,9,7196,2446
288,10,8214,3030
288,11,10828,4080
288,12,14310,4290
288,13,17832,4478
288,14,21202,4682
288,15,24636,5166
288,16,28158,5446
288,17,31570,5626
288,18,34764,5832
288,19,37920,5984
288,20,41466,6194
288,21,45116,6382
288,22,48368,6676
288,23,51194,6924
288,24,53972,7168
288,25,56874,7660
288,26,59110,7986
288,27,60804,8424
288,28,61852,8842
288,29,62202,9114
289,-1,3225,732
289,0,26,28
289,1,64,60
289,2,128,88
289,3,218,108
289,4,326,186
289,5,560,376
289,6,918,498
289,7,1302,546
289,8,1678,578
289,9,2074,618
289,10,2468,650
289,11,2878,702
289,12,3258,764
289,13,3646,816
289,14,4050,858
289,15,4416,888
289,16,4754,926
289,17,5090,960
289,18,5386,1006
289,19,5624,1068
289,20,5824,1168
289,21,5918,1218
289,22,6012,1250
289,23,6092,1288
289,24,6180,1310
289,25,6282,1332
289,26,6366,1372
289,27,6422,1400
289,28,6444,1446
289,29,6450,1462
290,-1,11703,2272
290,0,108,160
290,1,658,642
290,2,1888,1010
290,3,3328,1310
290,4,4810,1540
290,5,6372,1752
290,6,7864,1968
290,7,9130,2124
290,8,10248,2240
290,9,11180,2404
290,10,12150,2534
290,11,13042,2700
290,12,13900,2802
290,13,14758,2884
290,14,15610,3062
290,15,16440,3206
290,16,17212,3248
290,17,18042,3370
290,18,18824,3480
290,19,19442,3588
290,20,20068,3646
290,21,20698,3696
290,22,21382,3770
290,23,22022,3858
290,24,22554,3960
290,25,23086,4160
290,26,23218,4364
290,27,23266,4440
290,28,23376,4488
290,29,23406,4542
291,-1,6594,1912
291,0,50,54
291,1,160,142
291,2,462,330
291,3,980,486
291,4,1586,596
291,5,2110,684
291,6,2672,758
291,7,3296,1024
291,8,4010,1282
291,9,4812,1548
291,10,5770,1658
291,11,6644,1716
291,12,7350,1890
291,13,8032,2034
291,14,8716,2186
291,15,9258,2312
291,16,9670,2424
291,17,10044,2540
291,18,10374,2678
291,19,10654,2774
291,20,10884,2816
291,21,11200,2936
291,22,11602,2996
291,23,12086,3042
291,24,12536,3260
291,25,12862,3466
291,26,13052,3690
291,27,13120,3768
291,28,13152,3794
291,29,13188,3818
292,-1,3827,1522
292,0,62,70
292,1,250,152
292,2,502,236
292,3,804,350
292,4,1072,458
292,5,1240,678
292,6,1428,796
292,7,1664,916
292,8,1882,1068
292,9,2078,1240
292,10,2308,1396
292,11,2614,1518
292,12,3008,1624
292,13,3554,1766
292,14,4048,1920
292,15,4516,2002
292,16,4920,2180
292,17,5226,2290
292,18,5530,2330
292,19,5818,2378
292,20,6144,2422
292,21,6490,2478
292,22,6826,2560
292,23,7074,2656
292,24,7238,2780
292,25,7360,2844
292,26,7458,2902
292,27,7560,2936
292,28,7620,2978
292,29,7654,3040
293,-1,42297,4806
293,0,164,154
293,1,578,328
293,2,994,500
293,3,1434,660
293,4,2262,870
293,5,3798,1162
293,6,6368,1618
293,7,9752,1906
293,8,13200,2198
293,9,17082,2534
293,10,21152,2892
293,11,26368,3324
293,12,31968,3560
293,13,37016,3782
293,14,41996,3962
293,15,46512,4160
293,16,50808,4442
293,17,54952,4954
293,18,58856,5680
293,19,62420,6062
293,20,65916,6310
293,21,69360,6588
293,22,72652,6900
293,23,75942,7302
293,24,79112,7816
293,25,81492,8436
293,26,83342,8972
293,27,84198,9314
293,28,84540,9526
293,29,84594,9610
294,-1,22321,3424
294,0,44,52
294,1,180,186
294,2,518,460
294,3,1190,794
294,4,2256,1304
294,5,3546,1516
294,6,5026,1704
294,7,6716,1968
294,8,8356,2232
294,9,9928,2516
294,10,11674,2698
294,11,13650,2884
294,12,15774,3018
294,13,17936,3146
294,14,20078,3286
294,15,22456,3544
294,16,25006,3702
294,17,27530,3862
294,18,30126,4014
294,19,32760,4242
294,20,35182,4556
294,21,37356,4760
294,22,39250,5020
294,23,40822,5302
294,24,42098,5740
294,25,43062,6016
294,26,43770,6286
294,27,44218,6494
294,28,44554,6708
294,29,44642,6846
295,-1,4477,1244
295,0,22,50
295,1,118,150
295,2,340,276
295,3,610,388
295,4,886,472
295,5,1164,550
295,6,1510,662
295,7,1904,782
295,8,2386,882
295,9,2912,946
295,10,3444,1038
295,11,3970,1158
295,12,4470,1246
295,13,4980,1346
295,14,5484,1412
295,15,5986,1480
295,16,6486,1568
295,17,6922,1668
295,18,7314,1758
295,19,7662,1852
295,20,7878,1956
295,21,8070,2062
295,22,8234,2132
295,23,8394,2186
295,24,8546,2244
295,25,8698,2282
295,26,8830,2346
295,27,8910,2416
295,28,8944,2458
295,29,8954,2486
296,-1,85984,8992
296,0,880,460
296,1,4920,1224
296,2,9782,2062
296,3,15710,2468
296,4,22434,2970
296,5,29082,3628
296,6,37358,4180
296,7,48064,4776
296,8,59714,5596
296,9,72760,6550
296,10,85868,7610
296,11,98292,8262
296,12,111110,8876
296,13,124006,9628
296,14,133892,11244
296,15,139658,11962
296,16,145078,12306
296,17,149908,12886
296,18,153946,13256
296,19,157434,13954
296,20,159896,14642
296,21,161768,15230
296,22,162516,15546
296,23,163656,16002
296,24,165702,16494
296,25,168036,16772
296,26,169368,17280
296,27,170462,17512
296,28,171516,17716
296,29,171968,17982
297,-1,9424,2608
297,0,136,148
297,1,448,408
297,2,994,640
297,3,1698,790
297,4,2584,856
297,5,3586,930
297,6,4518,1292
297,7,5530,1664
297,8,6490,1950
297,9,7376,2302
297,10,8278,2606
297,11,9456,2870
297,12,10582,3002
297,13,11690,3132
297,14,12730,3298
297,15,13590,3652
297,16,14090,3906
297,17,14570,4080
297,18,15178,4220
297,19,15934,4294
297,20,16596,4418
297,21,17104,4554
297,22,17470,4694
297,23,17804,4768
297,24,17976,4854
297,25,18116,4910
297,26,18314,4966
297,27,18480,5046
297,28,18738,5120
297,29,18848,5208
298,-1,14344,2434
298,0,120,122
298,1,636,284
298,2,1266,438
298,3,2178,622
298,4,3320,806
298,5,4510,940
298,6,5932,1192
298,7,7128,1352
298,8,8338,1462
298,9,9576,1616
298,10,10944,1924
298,11,12580,2128
298,12,13980,2304
298,13,15162,2432
298,14,16124,2670
298,15,17008,2836
298,16,18004,3044
298,17,19330,3200
298,18,20782,3336
298,19,22128,3512
298,20,23308,3684
298,21,24420,3870
298,22,25286,4008
298,23,26132,4110
298,24,26894,4280
298,25,27512,4506
298,26,27864,4594
298,27,28234,4678
298,28,28566,4768
298,29,28688,4866
299,-1,19810,3890
299,0,100,102
299,1,376,294
299,2,976,554
299,3,1880,720
299,4,3032,854
299,5,4300,1022
299,6,5494,1298
299,7,6692,1512
299,8,8150,1750
299,9,10052,2024
299,10,11970,2386
299,11,14266,3066
299,12,17144,3318
299,13,19900,3716
299,14,22112,4060
299,15,23644,4404
299,16,24986,4634
299,17,25934,4796
299,18,26662,4956
299,19,27648,5214
299,20,29158,5504
299,21,30806,5646
299,22,32476,5768
299,23,33976,6124
299,24,35852,6594
299,25,37600,6934
299,26,38662,7288
299,27,39244,7478
299,28,39534,7672
299,29,39620,7774
300,-1,21388,4276
300,0,168,208
300,1,574,518
300,2,1430,786
300,3,2648,1168
300,4,3986,1440
300,5,5570,1684
300,6,7814,2178
300,7,10278,2532
300,8,12540,2894
300,9,14646,3336
300,10,16400,3864
300,11,17940,4148
300,12,19226,4278
300,13,20808,4570
300,14,22248,4896
300,15,23876,5092
300,16,25554,5186
300,17,27254,5300
300,18,28814,5388
300,19,30362,5518
300,20,32024,5738
300,21,33992,5940
300,22,35994,6058
300,23,37770,6314
300,24,39214,6530
300,25,40434,6976
300,26,41392,7474
300,27,42212,8026
300,28,42536,8386
300,29,42776,8548
301,-1,3583,1134
301,0,48,84
301,1,216,238
301,2,498,378
301,3,904,536
301,4,1378,634
301,5,1874,744
301,6,2318,886
301,7,2740,970
301,8,3048,1030
301,9,3376,1102
301,10,3690,1168
301,11,3990,1232
301,12,4292,1296
301,13,4606,1350
301,14,4922,1390
301,15,5208,1446
301,16,5468,1510
301,17,5724,1582
301,18,5994,1634
301,19,6260,1712
301,20,6486,1822
301,21,6692,1916
301,22,6840,1984
301,23,6940,2056
301,24,7016,2106
301,25,7080,2156
301,26,7118,2194
301,27,7136,2218
301,28,7160,2252
301,29,7166,2266
302,-1,26327,4482
302,0,266,152
302,1,652,484
302,2,1382,872
302,3,2962,1242
302,4,5104,1562
302,5,7520,2012
302,6,10570,2510
302,7,13566,2720
302,8,16402,2994
302,9,19224,3350
302,10,21916,3690
302,11,24620,3934
302,12,27336,4286
302,13,30506,4644
302,14,33982,4896
302,15,37376,5184
302,16,40678,5448
302,17,43358,6182
302,18,45194,6698
302,19,46640,6994
302,20,47840,7176
302,21,48954,7314
302,22,49830,7616
302,23,50640,7802
302,24,51306,8082
302,25,51594,8296
302,26,51894,8486
302,27,52258,8648
302,28,52526,8796
302,29,52654,8962
303,-1,4246,1032
303,0,20,30
303,1,72,88
303,2,138,140
303,3,234,214
303,4,394,284
303,5,632,368
303,6,930,450
303,7,1314,506
303,8,1710,626
303,9,2074,694
303,10,2458,756
303,11,2912,810
303,12,3452,854
303,13,3998,922
303,14,4474,1026
303,15,4880,1100
303,16,5236,1192
303,17,5572,1230
303,18,5894,1342
303,19,6236,1496
303,20,6644,1614
303,21,7054,1694
303,22,7468,1790
303,23,7740,1836
303,24,7964,1870
303,25,8182,1906
303,26,8326,1948
303,27,8438,1986
303,28,8478,2036
303,29,8492,2060
304,-1,9218,1586
304,0,102,124
304,1,466,370
304,2,1048,524
304,3,1814,634
304,4,2518,770
304,5,3304,874
304,6,4246,932
304,7,5262,1004
304,8,6202,1098
304,9,7134,1212
304,10,8182,1386
304,11,9320,1586
304,12,9948,1774
304,13,10572,1852
304,14,11230,1904
304,15,11904,1972
304,16,12678,2052
304,17,13468,2088
304,18,14254,2138
304,19,14998,2208
304,20,15664,2274
304,21,16366,2414
304,22,16910,2524
304,23,17308,2624
304,24,17662,2770
304,25,17924,2868
304,26,18150,2948
304,27,18312,3022
304,28,18392,3116
304,29,18436,3166
305,-1,4703,1322
305,0,20,44
305,1,92,98
305,2,218,168
305,3,408,198
305,4,660,278
305,5,1000,394
305,6,1346,478
305,7,1668,590
305,8,2040,762
305,9,2496,864
305,10,2836,910
305,11,3182,970
305,12,3562,1016
305,13,3930,1056
305,14,4330,1126
305,15,4740,1166
305,16,5148,1202
305,17,5578,1280
305,18,6016,1352
305,19,6508,1474
305,20,6980,1610
305,21,7554,1676
305,22,8098,1740
305,23,8544,1896
305,24,8844,2140
305,25,9022,2282
305,26,9184,2398
305,27,9312,2498
305,28,9376,2586
305,29,9406,2640
306,-1,9065,2096
306,0,94,62
306,1,212,170
306,2,558,448
306,3,976,618
306,4,1430,750
306,5,1742,910
306,6,2080,1020
306,7,2348,1144
306,8,2760,1310
306,9,3340,1390
306,10,3832,1566
306,11,4186,1682
306,12,4604,1750
306,13,5106,1784
306,14,5736,1904
306,15,6380,1956
306,16,7012,2050
306,17,7818,2178
306,18,8792,2278
306,19,9836,2332
306,20,10800,2426
306,21,11786,2544
306,22,12950,2660
306,23,14092,2916
306,24,15310,3112
306,25,16400,3416
306,26,17196,3662
306,27,17760,3892
306,28,18030,4086
306,29,18130,4186
307,-1,4623,1290
307,0,44,54
307,1,122,114
307,2,246,184
307,3,432,246
307,4,660,300
307,5,858,342
307,6,940,430
307,7,1030,504
307,8,1184,594
307,9,1410,716
307,10,1650,792
307,11,1930,892
307,12,2300,984
307,13,2702,1062
307,14,3118,1126
307,15,3574,1230
307,16,4138,1298
307,17,4678,1340
307,18,5244,1364
307,19,5800,1436
307,20,6380,1526
307,21,6994,1602
307,22,7548,1730
307,23,8016,1866
307,24,8462,2024
307,25,8764,2184
307,26,8900,2284
307,27,8992,2380
307,28,9158,2472
307,29,9246,2572
308,-1,22315,3314
308,0,100,156
308,1,734,416
308,2,1760,540
308,3,2882,822
308,4,3900,1096
308,5,5186,1296
308,6,6594,1458
308,7,8120,1632
308,8,9688,1750
308,9,11458,1968
308,10,13216,2058
308,11,14896,2160
308,12,16438,2256
308,13,17908,2308
308,14,19196,2484
308,15,20460,2686
308,16,21634,2926
308,17,23052,3190
308,18,24676,3570
308,19,26528,3926
308,20,28742,4382
308,21,31402,4676
308,22,34262,4798
308,23,37032,5054
308,24,39578,5334
308,25,41986,5570
308,26,43494,5952
308,27,44232,6368
308,28,44546,6550
308,29,44630,6624
309,-1,3724,1198
309,0,16,28
309,1,74,120
309,2,216,214
309,3,410,344
309,4,700,516
309,5,1090,662
309,6,1546,804
309,7,1980,932
309,8,2322,1128
309,9,2648,1270
309,10,2996,1374
309,11,3376,1472
309,12,3818,1526
309,13,4250,1548
309,14,4668,1574
309,15,5086,1600
309,16,5522,1628
309,17,5942,1666
309,18,6308,1726
309,19,6532,1780
309,20,6710,1838
309,21,6868,1902
309,22,6980,2012
309,23,7088,2112
309,24,7182,2178
309,25,7250,2222
309,26,7322,2244
309,27,7392,2292
309,28,7432,2352
309,29,7448,2388
310,-1,6475,1378
310,0,22,38
310,1,146,182
310,2,470,312
310,3,926,438
310,4,1446,518
310,5,1958,560
310,6,2446,656
310,7,2924,830
310,8,3304,874
310,9,3690,926
310,10,4142,1016
310,11,4710,1088
310,12,5322,1122
310,13,5918,1156
310,14,6526,1196
310,15,7154,1260
310,16,7696,1308
310,17,8234,1376
310,18,8792,1410
310,19,9344,1448
310,20,9908,1516
310,21,10428,1688
310,22,10992,1820
310,23,11464,1974
310,24,11840,2126
310,25,12244,2260
310,26,12556,2450
310,27,12772,2606
310,28,12922,2704
310,29,12950,2752
311,-1,3157,966
311,0,38,46
311,1,102,94
311,2,242,190
311,3,446,228
311,4,612,286
311,5,834,458
311,6,1088,584
311,7,1394,714
311,8,1710,852
311,9,2060,962
311,10,2352,1090
311,11,2602,1154
311,12,2852,1214
311,13,3120,1248
311,14,3392,1272
311,15,3664,1300
311,16,3946,1354
311,17,4206,1384
311,18,4472,1408
311,19,4696,1450
311,20,4924,1482
311,21,5182,1520
311,22,5436,1546
311,23,5654,1590
311,24,5822,1624
311,25,5964,1646
311,26,6112,1698
311,27,6256,1806
311,28,6298,1896
311,29,6314,1930
312,-1,3085,674
312,0,36,40
312,1,84,94
312,2,174,146
312,3,300,208
312,4,450,280
312,5,644,318
312,6,852,346
312,7,1062,372
312,8,1294,408
312,9,1540,426
312,10,1760,460
312,11,1992,494
312,12,2236,546
312,13,2518,606
312,14,2820,634
312,15,3102,662
312,16,3380,682
312,17,3646,712
312,18,3944,738
312,19,4264,772
312,20,4560,832
312,21,4800,880
312,22,5050,918
312,23,5290,980
312,24,5512,1032
312,25,5742,1056
312,26,5946,1114
312,27,6030,1238
312,28,6108,1282
312,29,6170,1334
313,-1,6964,1324
313,0,100,78
313,1,326,166
313,2,702,364
313,3,1278,564
313,4,1900,712
313,5,2616,812
313,6,3302,890
313,7,4000,944
313,8,4718,998
313,9,5516,1066
313,10,6330,1104
313,11,7188,1160
313,12,7970,1252
313,13,8508,1298
313,14,9058,1400
313,15,9618,1428
313,16,10188,1470
313,17,10740,1616
313,18,11300,1728
313,19,11830,1808
313,20,12286,1920
313,21,12630,1976
313,22,13012,2044
313,23,13332,2134
313,24,13544,2328
313,25,13706,2444
313,26,13808,2518
313,27,13878,2576
313,28,13914,2620
313,29,13928,2646
314,-1,4230,924
314,0,12,26
314,1,54,90
314,2,172,186
314,3,380,244
314,4,578,298
314,5,826,396
314,6,1080,486
314,7,1410,536
314,8,1682,566
314,9,1988,612
314,10,2314,678
314,11,2730,792
314,12,3170,840
314,13,3628,878
314,14,4140,938
314,15,4634,1006
314,16,5106,1050
314,17,5580,1092
314,18,6018,1140
314,19,6388,1188
314,20,6754,1242
314,21,7074,1280
314,22,7396,1316
314,23,7650,1402
314,24,7834,1490
314,25,8024,1574
314,26,8216,1658
314,27,8338,1718
314,28,8424,1770
314,29,8460,1846
315,-1,3253,872
315,0,10,24
315,1,48,56
315,2,106,112
315,3,200,146
315,4,312,210
315,5,542,326
315,6,850,438
315,7,1252,536
315,8,1692,578
315,9,2164,620
315,10,2648,662
315,11,3124,722
315,12,3554,800
315,13,3820,862
315,14,4042,946
315,15,4234,988
315,16,4422,1010
315,17,4618,1042
315,18,4830,1094
315,19,5018,1138
315,20,5184,1156
315,21,5346,1202
315,22,5528,1278
315,23,5730,1330
315,24,5932,1372
315,25,6124,1430
315,26,6282,1490
315,27,6416,1574
315,28,6488,1696
315,29,6506,1742
316,-1,67545,9292
316,0,474,252
316,1,2450,920
316,2,6080,1994
316,3,10662,3360
316,4,15290,4948
316,5,20140,6116
316,6,26092,6628
316,7,32354,7182
316,8,38996,7940
316,9,46648,8442
316,10,55836,8932
316,11,65894,9310
316,12,75684,9642
316,13,85312,10090
316,14,93202,11084
316,15,100078,11640
316,16,105296,12508
316,17,109572,13426
316,18,112520,13984
316,19,115218,14810
316,20,117728,15690
316,21,119804,16196
316,22,122302,16410
316,23,124694,16812
316,24,127434,17272
316,25,130050,17554
316,26,131884,17748
316,27,133460,18000
316,28,134698,18346
316,29,135090,18580
317,-1,11326,2632
317,0,104,122
317,1,562,358
317,2,1328,534
317,3,2232,690
317,4,3362,942
317,5,4506,1178
317,6,5856,1442
317,7,7392,1638
317,8,8982,1902
317,9,10580,2108
317,10,12126,2264
317,11,13374,2440
317,12,14316,2620
317,13,15052,2798
317,14,15510,2994
317,15,15802,3094
317,16,16114,3280
317,17,16720,3422
317,18,17352,3482
317,19,18052,3564
317,20,18738,3656
317,21,19426,3772
317,22,20028,4012
317,23,20472,4170
317,24,20848,4310
317,25,21280,4540
317,26,21868,4706
317,27,22330,4924
317,28,22552,5126
317,29,22652,5260
318,-1,37829,6418
318,0,256,322
318,1,960,768
318,2,1992,1026
318,3,2950,1186
318,4,4954,1972
318,5,7808,2462
318,6,10404,2774
318,7,13022,3138
318,8,15984,3558
318,9,20092,4222
318,10,24552,4582
318,11,29306,5098
318,12,34062,5558
318,13,38016,6222
318,14,42410,6836
318,15,47362,7366
318,16,52840,8088
318,17,57136,9002
318,18,60224,9618
318,19,62752,10038
318,20,64570,10340
318,21,65908,10620
318,22,67816,10964
318,23,70050,11362
318,24,72096,11900
318,25,73520,12210
318,26,74552,12342
318,27,75142,12534
318,28,75498,12664
318,29,75658,12834
319,-1,5752,1456
319,0,68,92
319,1,318,160
319,2,572,248
319,3,804,292
319,4,1094,382
319,5,1516,480
319,6,2002,526
319,7,2360,662
319,8,2696,788
319,9,2994,868
319,10,3286,946
319,11,3646,1012
319,12,3970,1078
319,13,4334,1212
319,14,4782,1320
319,15,5248,1390
319,16,5648,1474
319,17,6126,1554
319,18,6450,1702
319,19,6866,1848
319,20,7286,1934
319,21,7730,2044
319,22,8186,2106
319,23,8702,2236
319,24,9366,2300
319,25,10032,2362
319,26,10668,2478
319,27,11106,2650
319,28,11422,2820
319,29,11504,2910
320,-1,3252,848
320,0,34,56
320,1,138,164
320,2,298,324
320,3,616,580
320,4,1036,676
320,5,1500,740
320,6,1862,794
320,7,2232,828
320,8,2600,848
320,9,2946,882
320,10,3290,892
320,11,3620,908
320,12,3960,940
320,13,4318,956
320,14,4660,994
320,15,4968,1056
320,16,5254,1114
320,17,5484,1178
320,18,5694,1242
320,19,5864,1292
320,20,5996,1354
320,21,6102,1384
320,22,6186,1438
320,23,6254,1504
320,24,6326,1548
320,25,6388,1572
320,26,6448,1624
320,27,6484,1664
320,28,6498,1682
320,29,6504,1694
321,-1,4307,964
321,0,16,38
321,1,48,92
321,2,168,164
321,3,412,310
321,4,800,438
321,5,1318,546
321,6,1886,618
321,7,2534,658
321,8,3174,712
321,9,3802,804
321,10,4398,884
321,11,4980,926
321,12,5524,970
321,13,5882,1038
321,14,6236,1090
321,15,6590,1116
321,16,6904,1180
321,17,7186,1264
321,18,7372,1354
321,19,7514,1420
321,20,7694,1512
321,21,7882,1596
321,22,8032,1654
321,23,8148,1718
321,24,8290,1764
321,25,8424,1788
321,26,8532,1834
321,27,8586,1882
321,28,8604,1910
321,29,8614,1926
322,-1,4652,990
322,0,12,24
322,1,90,144
322,2,266,286
322,3,494,444
322,4,876,602
322,5,1326,712
322,6,1818,796
322,7,2386,842
322,8,3012,918
322,9,3680,1010
322,10,4350,1050
322,11,5028,1074
322,12,5500,1126
322,13,5908,1178
322,14,6322,1204
322,15,6698,1262
322,16,7034,1290
322,17,7368,1316
322,18,7686,1356
322,19,7996,1378
322,20,8302,1412
322,21,8542,1486
322,22,8742,1582
322,23,8958,1668
322,24,9096,1782
322,25,9182,1862
322,26,9222,1902
322,27,9260,1928
322,28,9288,1952
322,29,9304,1976
323,-1,3157,1194
323,0,68,52
323,1,208,138
323,2,342,268
323,3,506,316
323,4,702,368
323,5,984,434
323,6,1250,496
323,7,1592,606
323,8,1890,642
323,9,2156,692
323,10,2476,782
323,11,2790,820
323,12,3128,884
323,13,3446,1016
323,14,3716,1096
323,15,4080,1216
323,16,4464,1318
323,17,4702,1434
323,18,4824,1540
323,19,4890,1604
323,20,4946,1656
323,21,5014,1760
323,22,5164,1884
323,23,5364,1974
323,24,5580,2038
323,25,5822,2102
323,26,6066,2160
323,27,6268,2292
323,28,6298,2364
323,29,6314,2386
324,-1,8731,1508
324,0,48,74
324,1,184,184
324,2,422,382
324,3,982,606
324,4,1598,810
324,5,2244,1036
324,6,3006,1170
324,7,3856,1258
324,8,4750,1352
324,9,5686,1446
324,10,6624,1532
324,11,7434,1664
324,12,8174,1726
324,13,8860,1804
324,14,9502,1878
324,15,10140,1908
324,16,10778,1940
324,17,11410,2018
324,18,12010,2086
324,19,12594,2136
324,20,13232,2214
324,21,13882,2248
324,22,14506,2274
324,23,15144,2328
324,24,15690,2432
324,25,16212,2538
324,26,16708,2664
324,27,17084,2780
324,28,17352,2882
324,29,17462,3014
325,-1,13159,2688
325,0,92,60
325,1,188,100
325,2,390,236
325,3,746,392
325,4,1162,526
325,5,1700,686
325,6,2324,804
325,7,2976,934
325,8,3712,1044
325,9,4490,1258
325,10,5322,1464
325,11,6402,1712
325,12,7458,1924
325,13,8674,2180
325,14,10180,2394
325,15,11962,2652
325,16,13936,2786
325,17,15942,2840
325,18,17832,2956
325,19,19468,3074
325,20,20736,3376
325,21,21748,3686
325,22,22784,3970
325,23,23688,4184
325,24,24594,4406
325,25,25154,4658
325,26,25590,4780
325,27,25934,4984
325,28,26232,5218
325,29,26318,5366
326,-1,7429,1880
326,0,68,72
326,1,196,160
326,2,418,312
326,3,760,418
326,4,1134,542
326,5,1560,710
326,6,2148,884
326,7,2648,980
326,8,3200,1116
326,9,3906,1396
326,10,4830,1676
326,11,5522,1840
326,12,6262,2044
326,13,7042,2252
326,14,7842,2406
326,15,8628,2514
326,16,9386,2604
326,17,10102,2666
326,18,10782,2756
326,19,11408,2898
326,20,12030,3000
326,21,12610,3108
326,22,13166,3218
326,23,13658,3294
326,24,14072,3438
326,25,14394,3534
326,26,14634,3604
326,27,14768,3692
326,28,14834,3714
326,29,14858,3758
327,-1,5045,1682
327,0,32,50
327,1,144,210
327,2,498,492
327,3,952,734
327,4,1526,926
327,5,2260,1100
327,6,2942,1240
327,7,3508,1420
327,8,3842,1462
327,9,4216,1504
327,10,4600,1560
327,11,4940,1734
327,12,5286,1850
327,13,5672,1904
327,14,6048,2004
327,15,6408,2114
327,16,6830,2224
327,17,7214,2364
327,18,7518,2442
327,19,7782,2478
327,20,8050,2508
327,21,8306,2556
327,22,8520,2684
327,23,8738,2786
327,24,9014,2914
327,25,9344,3002
327,26,9654,3062
327,27,9932,3138
327,28,10062,3312
327,29,10090,3362
328,-1,4610,1180
328,0,30,46
328,1,102,126
328,2,352,266
328,3,860,386
328,4,1494,476
328,5,2220,524
328,6,2916,648
328,7,3464,782
328,8,3930,862
328,9,4402,938
328,10,4760,1044
328,11,5140,1124
328,12,5524,1230
328,13,5858,1340
328,14,6076,1392
328,15,6256,1428
328,16,6430,1464
328,17,6590,1518
328,18,6758,1598
328,19,6956,1702
328,20,7284,1790
328,21,7570,1860
328,22,7806,1922
328,23,8044,2016
328,24,8344,2068
328,25,8646,2098
328,26,8900,2152
328,27,9100,2238
328,28,9192,2300
328,29,9220,2358
329,-1,6825,1424
329,0,32,48
329,1,124,84
329,2,258,190
329,3,560,330
329,4,980,472
329,5,1506,588
329,6,2134,698
329,7,2776,768
329,8,3404,800
329,9,4024,850
329,10,4762,966
329,11,5532,1016
329,12,6264,1044
329,13,6974,1108
329,14,7674,1146
329,15,8358,1190
329,16,9036,1240
329,17,9802,1320
329,18,10500,1474
329,19,11150,1684
329,20,11670,2010
329,21,12082,2236
329,22,12450,2340
329,23,12790,2472
329,24,13042,2584
329,25,13210,2640
329,26,13392,2674
329,27,13540,2724
329,28,13630,2798
329,29,13650,2846
330,-1,57617,5416
330,0,284,150
330,1,916,438
330,2,1528,732
330,3,2670,1142
330,4,4196,1446
330,5,6242,1610
330,6,8800,1974
330,7,11838,2356
330,8,15280,2690
330,9,18730,2866
330,10,22414,3086
330,11,27496,3764
330,12,33462,3944
330,13,39428,4152
330,14,45676,4376
330,15,52684,4816
330,16,59416,5424
330,17,67026,5846
330,18,74856,6016
330,19,81768,6544
330,20,87502,6774
330,21,92930,6958
330,22,97744,7394
330,23,102252,7964
330,24,106362,8332
330,25,109920,9046
330,26,112488,9662
330,27,113982,10352
330,28,114920,10594
330,29,115234,10830
331,-1,4366,1108
331,0,48,54
331,1,200,106
331,2,326,178
331,3,470,268
331,4,816,448
331,5,1270,558
331,6,1640,620
331,7,1988,678
331,8,2330,738
331,9,2672,792
331,10,3022,838
331,11,3382,888
331,12,3738,926
331,13,4064,950
331,14,4418,1006
331,15,4848,1074
331,16,5324,1166
331,17,5790,1206
331,18,6198,1264
331,19,6562,1310
331,20,6912,1408
331,21,7232,1516
331,22,7540,1632
331,23,7892,1706
331,24,8206,1850
331,25,8402,1968
331,26,8546,2028
331,27,8656,2104
331,28,8700,2158
331,29,8732,2208
332,-1,8699,2436
332,0,166,116
332,1,434,270
332,2,662,356
332,3,1058,500
332,4,1362,586
332,5,1584,712
332,6,1970,840
332,7,2470,940
332,8,2992,1022
332,9,3562,1190
332,10,4002,1312
332,11,4342,1408
332,12,4722,1592
332,13,5220,1808
332,14,5754,1886
332,15,6352,1994
332,16,7032,2074
332,17,7684,2138
332,18,8286,2264
332,19,8822,2460
332,20,9368,2624
332,21,10264,2828
332,22,11638,3082
332,23,13152,3392
332,24,14760,3690
332,25,15988,4098
332,26,16758,4382
332,27,17090,4596
332,28,17306,4752
332,29,17398,4868
333,-1,81299,8398
333,0,420,266
333,1,1984,474
333,2,4422,1188
333,3,7834,1992
333,4,13056,2878
333,5,19694,3912
333,6,26936,4786
333,7,36310,5774
333,8,47388,6400
333,9,58170,6848
333,10,69542,7746
333,11,80174,8356
333,12,88932,9038
333,13,96022,9462
333,14,102084,9676
333,15,108286,10062
333,16,114402,10426
333,17,120482,11044
333,18,128058,11272
333,19,134780,11910
333,20,139424,12830
333,21,142530,13298
333,22,145018,13600
333,23,147750,13888
333,24,150254,14100
333,25,153110,14526
333,26,156696,15062
333,27,160178,15786
333,28,162184,16420
333,29,162598,16794
334,-1,3248,1118
334,0,36,72
334,1,156,152
334,2,302,266
334,3,530,386
334,4,866,502
334,5,1358,586
334,6,1808,676
334,7,2232,766
334,8,2606,842
334,9,2914,876
334,10,3166,924
334,11,3486,1076
334,12,3934,1120
334,13,4398,1210
334,14,4766,1326
334,15,5032,1462
334,16,5186,1576
334,17,5218,1632
334,18,5280,1672
334,19,5372,1746
334,20,5398,1804
334,21,5490,1882
334,22,5658,1936
334,23,5886,1970
334,24,6052,1994
334,25,6216,2022
334,26,6350,2076
334,27,6424,2132
334,28,6474,2184
334,29,6496,2234
335,-1,9060,2040
335,0,138,134
335,1,324,320
335,2,820,540
335,3,1532,732
335,4,2334,858
335,5,3134,900
335,6,3964,934
335,7,4800,972
335,8,5594,1074
335,9,6312,1260
335,10,7290,1606
335,11,8486,1828
335,12,9614,2042
335,13,10650,2276
335,14,11736,2586
335,15,12776,2854
335,16,13566,3052
335,17,14180,3236
335,18,14882,3354
335,19,15398,3446
335,20,15834,3508
335,21,16236,3550
335,22,16666,3584
335,23,17052,3632
335,24,17356,3728
335,25,17610,3808
335,26,17858,3894
335,27,18016,3962
335,28,18082,4020
335,29,18120,4076
336,-1,6384,1954
336,0,172,204
336,1,414,446
336,2,872,598
336,3,1460,690
336,4,2070,746
336,5,2730,804
336,6,3380,876
336,7,4070,928
336,8,4878,1044
336,9,5828,1306
336,10,6592,1594
336,11,7370,1894
336,12,8220,2188
336,13,8810,2384
336,14,9286,2456
336,15,9656,2636
336,16,10088,2784
336,17,10364,2942
336,18,10626,3048
336,19,10804,3090
336,20,10970,3148
336,21,11154,3240
336,22,11384,3330
336,23,11610,3388
336,24,11904,3486
336,25,12112,3584
336,26,12338,3682
336,27,12592,3726
336,28,12748,3850
336,29,12768,3906
337,-1,3005,964
337,0,78,98
337,1,258,192
337,2,552,276
337,3,784,320
337,4,928,420
337,5,1104,520
337,6,1350,612
337,7,1636,712
337,8,1908,764
337,9,2192,802
337,10,2488,848
337,11,2820,910
337,12,3158,930
337,13,3468,986
337,14,3742,1050
337,15,3982,1162
337,16,4218,1242
337,17,4462,1298
337,18,4690,1370
337,19,4896,1414
337,20,5080,1498
337,21,5228,1540
337,22,5372,1566
337,23,5500,1642
337,24,5622,1716
337,25,5728,1788
337,26,5822,1824
337,27,5902,1858
337,28,5970,1882
337,29,6010,1924
338,-1,11793,2276
338,0,98,78
338,1,320,156
338,2,560,204
338,3,812,352
338,4,1320,522
338,5,2138,700
338,6,3024,768
338,7,3908,878
338,8,4954,1042
338,9,6182,1172
338,10,7170,1226
338,11,8180,1318
338,12,9390,1500
338,13,10736,1716
338,14,12268,1890
338,15,13684,2118
338,16,14902,2262
338,17,16084,2370
338,18,17296,2626
338,19,18392,2868
338,20,19358,3126
338,21,20244,3232
338,22,21090,3386
338,23,21862,3524
338,24,22450,3778
338,25,22824,3978
338,26,23034,4240
338,27,23274,4342
338,28,23534,4478
338,29,23586,4550
339,-1,4482,1694
339,0,60,68
339,1,162,118
339,2,382,240
339,3,588,352
339,4,846,438
339,5,1092,520
339,6,1424,630
339,7,1690,692
339,8,1960,734
339,9,2112,832
339,10,2190,906
339,11,2290,990
339,12,2514,1044
339,13,2748,1120
339,14,2952,1232
339,15,3156,1354
339,16,3424,1476
339,17,3732,1604
339,18,4086,1760
339,19,4594,1844
339,20,5226,2020
339,21,5968,2330
339,22,6780,2452
339,23,7556,2690
339,24,8178,3048
339,25,8542,3160
339,26,8710,3252
339,27,8828,3290
339,28,8912,3326
339,29,8964,3378
340,-1,6419,1650
340,0,44,46
340,1,252,192
340,2,670,372
340,3,1118,422
340,4,1552,458
340,5,2032,500
340,6,2550,572
340,7,3128,668
340,8,3776,714
340,9,4458,790
340,10,5078,946
340,11,5708,1060
340,12,6318,1152
340,13,6870,1334
340,14,7356,1544
340,15,7806,1760
340,16,8218,1860
340,17,8764,1978
340,18,9344,2160
340,19,9714,2340
340,20,9958,2420
340,21,10232,2548
340,22,10548,2672
340,23,11006,2744
340,24,11478,2804
340,25,11964,2876
340,26,12366,2962
340,27,12690,3126
340,28,12786,3250
340,29,12838,3296
341,-1,3229,976
341,0,54,68
341,1,186,158
341,2,348,314
341,3,562,514
341,4,776,620
341,5,1036,772
341,6,1270,892
341,7,1534,986
341,8,1830,1082
341,9,2060,1124
341,10,2310,1154
341,11,2580,1176
341,12,2846,1190
341,13,3120,1210
341,14,3400,1244
341,15,3698,1260
341,16,3994,1276
341,17,4314,1310
341,18,4648,1324
341,19,4970,1368
341,20,5254,1422
341,21,5494,1486
341,22,5718,1554
341,23,5924,1598
341,24,6096,1650
341,25,6236,1700
341,26,6330,1768
341,27,6394,1848
341,28,6444,1906
341,29,6458,1946
342,-1,5097,1152
342,0,44,76
342,1,230,238
342,2,518,400
342,3,914,452
342,4,1336,480
342,5,1752,552
342,6,2242,644
342,7,2790,706
342,8,3362,750
342,9,3934,854
342,10,4390,962
342,11,4930,1048
342,12,5350,1102
342,13,5748,1136
342,14,6128,1172
342,15,6466,1254
342,16,6788,1362
342,17,7068,1446
342,18,7344,1526
342,19,7566,1570
342,20,7766,1600
342,21,8012,1652
342,22,8340,1718
342,23,8728,1792
342,24,9118,1818
342,25,9556,1860
342,26,9894,2004
342,27,10046,2158
342,28,10146,2236
342,29,10194,2300
343,-1,17768,4064
343,0,214,222
343,1,844,678
343,2,1814,1070
343,3,3070,1360
343,4,4932,1880
343,5,6938,2246
343,6,8628,2544
343,7,10100,2728
343,8,11580,3002
343,9,13212,3266
343,10,14594,3510
343,11,15856,3900
343,12,17088,4378
343,13,18116,4744
343,14,19460,4992
343,15,21220,5222
343,16,23318,5396
343,17,25788,5618
343,18,28356,5816
343,19,30042,6444
343,20,30810,6966
343,21,31382,7182
343,22,32130,7422
343,23,32862,7500
343,24,33550,7562
343,25,34314,7654
343,26,34842,7756
343,27,35294,7864
343,28,35474,8058
343,29,35536,8124
344,-1,4357,1760
344,0,38,38
344,1,86,86
344,2,240,238
344,3,476,416
344,4,776,548
344,5,1106,674
344,6,1522,788
344,7,1914,890
344,8,2274,944
344,9,2664,982
344,10,3052,1032
344,11,3470,1078
344,12,3934,1142
344,13,4430,1344
344,14,4912,1480
344,15,5378,1674
344,16,5802,1804
344,17,6238,2004
344,18,6650,2312
344,19,7014,2576
344,20,7302,2752
344,21,7616,2882
344,22,7922,3012
344,23,8202,3106
344,24,8392,3244
344,25,8486,3334
344,26,8584,3412
344,27,8652,3460
344,28,8696,3492
344,29,8714,3516
345,-1,4571,1754
345,0,70,58
345,1,404,228
345,2,790,372
345,3,966,602
345,4,1172,728
345,5,1424,910
345,6,1764,1098
345,7,2316,1294
345,8,3026,1388
345,9,3682,1556
345,10,4324,1690
345,11,4608,1886
345,12,4914,1984
345,13,5164,2018
345,14,5370,2100
345,15,5460,2176
345,16,5610,2304
345,17,5880,2376
345,18,6246,2468
345,19,6566,2518
345,20,6812,2582
345,21,7050,2624
345,22,7326,2700
345,23,7686,2826
345,24,8098,2916
345,25,8484,3044
345,26,8760,3190
345,27,8966,3338
345,28,9114,3464
345,29,9142,3506
346,-1,3330,1280
346,0,84,98
346,1,234,272
346,2,464,398
346,3,720,452
346,4,1064,520
346,5,1460,646
346,6,1908,844
346,7,2256,988
346,8,2520,1162
346,9,2746,1254
346,10,3022,1296
346,11,3334,1352
346,12,3614,1378
346,13,3870,1450
346,14,4114,1506
346,15,4386,1560
346,16,4648,1644
346,17,4942,1734
346,18,5220,1874
346,19,5402,1996
346,20,5560,2084
346,21,5690,2134
346,22,5832,2214
346,23,5976,2248
346,24,6162,2278
346,25,6350,2360
346,26,6510,2454
346,27,6578,2510
346,28,6636,2532
346,29,6660,2556
347,-1,6201,1344
347,0,44,42
347,1,130,90
347,2,210,140
347,3,312,190
347,4,436,238
347,5,624,312
347,6,988,392
347,7,1412,546
347,8,1752,616
347,9,2128,692
347,10,2536,776
347,11,2956,904
347,12,3492,1020
347,13,4086,1100
347,14,4668,1178
347,15,5270,1312
347,16,5864,1432
347,17,6540,1508
347,18,7268,1540
347,19,7988,1574
347,20,8712,1664
347,21,9450,1796
347,22,10068,1936
347,23,10640,2000
347,24,11150,2122
347,25,11536,2238
347,26,11910,2356
347,27,12230,2494
347,28,12376,2644
347,29,12402,2686
348,-1,7511,1606
348,0,40,52
348,1,212,164
348,2,598,316
348,3,1220,470
348,4,1866,580
348,5,2516,688
348,6,3216,796
348,7,3874,870
348,8,4508,932
348,9,5122,996
348,10,5684,1064
348,11,6230,1190
348,12,6908,1354
348,13,7666,1482
348,14,8402,1628
348,15,9070,1772
348,16,9844,1940
348,17,10692,2128
348,18,11510,2236
348,19,12224,2416
348,20,12778,2610
348,21,13234,2688
348,22,13644,2780
348,23,13996,2836
348,24,14328,2884
348,25,14648,2956
348,26,14870,3064
348,27,14984,3132
348,28,14998,3174
348,29,15022,3208
349,-1,4144,1488
349,0,32,50
349,1,128,98
349,2,224,132
349,3,334,200
349,4,470,296
349,5,676,342
349,6,890,380
349,7,1138,418
349,8,1440,490
349,9,1786,604
349,10,2242,760
349,11,2806,858
349,12,3406,984
349,13,4010,1156
349,14,4632,1332
349,15,5158,1628
349,16,5684,1898
349,17,6078,2078
349,18,6430,2230
349,19,6768,2290
349,20,7086,2326
349,21,7374,2396
349,22,7590,2466
349,23,7750,2572
349,24,7898,2694
349,25,8016,2780
349,26,8118,2834
349,27,8206,2874
349,28,8270,2932
349,29,8288,2974
350,-1,3711,1444
350,0,30,44
350,1,136,90
350,2,228,168
350,3,284,226
350,4,400,302
350,5,538,366
350,6,704,426
350,7,838,494
350,8,916,552
350,9,1038,590
350,10,1208,644
350,11,1392,706
350,12,1618,806
350,13,1854,960
350,14,2040,1128
350,15,2264,1266
350,16,2580,1402
350,17,2918,1486
350,18,3270,1542
350,19,3704,1720
350,20,4364,1890
350,21,4994,2038
350,22,5550,2186
350,23,6080,2368
350,24,6436,2564
350,25,6790,2634
350,26,7086,2690
350,27,7288,2758
350,28,7402,2846
350,29,7422,2886
351,-1,7888,2012
351,0,18,32
351,1,54,64
351,2,152,160
351,3,354,334
351,4,658,460
351,5,1082,558
351,6,1584,680
351,7,2314,828
351,8,3136,900
351,9,4050,1046
351,10,5024,1182
351,11,6010,1298
351,12,7030,1482
351,13,7980,1674
351,14,8750,1982
351,15,9430,2258
351,16,10170,2528
351,17,10930,2744
351,18,11570,2944
351,19,12200,3060
351,20,12824,3188
351,21,13382,3274
351,22,13892,3380
351,23,14328,3502
351,24,14800,3578
351,25,15218,3630
351,26,15472,3782
351,27,15644,3916
351,28,15736,3978
351,29,15776,4020
352,-1,7174,1474
352,0,24,36
352,1,122,96
352,2,328,174
352,3,642,302
352,4,1220,480
352,5,1936,640
352,6,2772,744
352,7,3578,880
352,8,4174,964
352,9,4664,1120
352,10,5142,1236
352,11,5586,1334
352,12,6076,1408
352,13,6656,1450
352,14,7270,1508
352,15,7866,1598
352,16,8522,1676
352,17,9146,1726
352,18,9728,1768
352,19,10354,1846
352,20,11000,1928
352,21,11662,2012
352,22,12186,2166
352,23,12660,2276
352,24,13084,2420
352,25,13446,2552
352,26,13774,2630
352,27,14064,2732
352,28,14294,2846
352,29,14348,2946
353,-1,3145,1120
353,0,22,32
353,1,70,76
353,2,148,114
353,3,252,162
353,4,506,296
353,5,890,420
353,6,1358,606
353,7,1812,748
353,8,2172,880
353,9,2426,976
353,10,2662,1040
353,11,2860,1144
353,12,3102,1224
353,13,3384,1262
353,14,3684,1284
353,15,4010,1332
353,16,4366,1414
353,17,4738,1446
353,18,5082,1500
353,19,5368,1588
353,20,5592,1678
353,21,5784,1778
353,22,5884,1890
353,23,5932,1952
353,24,5978,1972
353,25,6036,2006
353,26,6106,2068
353,27,6216,2130
353,28,6272,2196
353,29,6290,2234
354,-1,9501,1710
354,0,44,52
354,1,310,242
354,2,898,510
354,3,1852,728
354,4,2924,894
354,5,4010,1008
354,6,5110,1188
354,7,6160,1376
354,8,7120,1454
354,9,8032,1498
354,10,8932,1586
354,11,9786,1640
354,12,10574,1734
354,13,11412,1808
354,14,12192,1910
354,15,12942,1960
354,16,13532,1996
354,17,14112,2084
354,18,14804,2162
354,19,15534,2302
354,20,16232,2502
354,21,16850,2746
354,22,17356,2886
354,23,17752,2982
354,24,18070,3008
354,25,18380,3084
354,26,18610,3180
354,27,18822,3290
354,28,18972,3354
354,29,19002,3418
355,-1,14008,2854
355,0,80,60
355,1,548,430
355,2,1746,972
355,3,3298,1204
355,4,4884,1390
355,5,6362,1564
355,6,7964,1712
355,7,9718,1876
355,8,11462,2160
355,9,13376,2346
355,10,15518,2458
355,11,17592,2596
355,12,19358,2894
355,13,20846,3110
355,14,22006,3356
355,15,22840,3578
355,16,23604,3718
355,17,24214,3996
355,18,24698,4246
355,19,25174,4360
355,20,25624,4442
355,21,25944,4664
355,22,26144,4894
355,23,26418,4994
355,24,26536,5064
355,25,26756,5206
355,26,27140,5348
355,27,27558,5478
355,28,27870,5594
355,29,28016,5704
356,-1,14434,3532
356,0,256,128
356,1,610,252
356,2,1162,394
356,3,1996,536
356,4,2580,748
356,5,3380,900
356,6,4346,994
356,7,5158,1112
356,8,5940,1278
356,9,6790,1364
356,10,7604,1556
356,11,8888,1740
356,12,10446,2050
356,13,11648,2414
356,14,12676,2886
356,15,13536,3234
356,16,13962,3466
356,17,14180,3614
356,18,14666,3838
356,19,15562,4252
356,20,16920,4568
356,21,18634,5002
356,22,20598,5408
356,23,22580,5692
356,24,24698,5982
356,25,26486,6240
356,26,27738,6592
356,27,28474,6796
356,28,28822,6970
356,29,28868,7056
357,-1,7164,1734
357,0,46,62
357,1,184,114
357,2,348,198
357,3,700,468
357,4,1386,726
357,5,2214,994
357,6,3136,1200
357,7,4074,1324
357,8,5028,1472
357,9,5862,1604
357,10,6644,1706
357,11,7380,1838
357,12,8174,1948
357,13,8948,2052
357,14,9576,2202
357,15,10134,2332
357,16,10640,2436
357,17,11148,2536
357,18,11548,2648
357,19,11942,2728
357,20,12334,2772
357,21,12712,2810
357,22,13064,2882
357,23,13412,2970
357,24,13716,3042
357,25,13944,3088
357,26,14092,3238
357,27,14212,3318
357,28,14306,3416
357,29,14328,3466
359,-1,3728,1182
359,0,82,72
359,1,234,132
359,2,376,168
359,3,524,204
359,4,706,278
359,5,918,382
359,6,1168,496
359,7,1478,564
359,8,1854,624
359,9,2236,704
359,10,2620,768
359,11,3044,888
359,12,3508,1092
359,13,4026,1198
359,14,4538,1260
359,15,4864,1320
359,16,5180,1408
359,17,5478,1480
359,18,5758,1570
359,19,5990,1656
359,20,6232,1730
359,21,6490,1808
359,22,6736,1878
359,23,6966,1958
359,24,7158,2070
359,25,7288,2178
359,26,7368,2230
359,27,7422,2292
359,28,7446,2338
359,29,7456,2362
360,-1,4014,1456
360,0,22,28
360,1,50,68
360,2,128,146
360,3,300,222
360,4,490,302
360,5,634,356
360,6,862,460
360,7,1128,586
360,8,1512,794
360,9,1986,1024
360,10,2544,1204
360,11,3076,1390
360,12,3518,1586
360,13,3848,1726
360,14,4082,1840
360,15,4316,1906
360,16,4580,1982
360,17,4876,2068
360,18,5218,2164
360,19,5608,2218
360,20,5980,2264
360,21,6314,2324
360,22,6624,2418
360,23,6932,2528
360,24,7182,2592
360,25,7398,2628
360,26,7606,2656
360,27,7816,2720
360,28,7978,2812
360,29,8028,2906
361,-1,34087,4168
361,0,108,92
361,1,318,218
361,2,940,492
361,3,2394,744
361,4,4422,1080
361,5,6944,1592
361,6,9900,2080
361,7,12672,2424
361,8,15542,2884
361,9,18568,3382
361,10,22294,3818
361,11,25748,3956
361,12,28852,4104
361,13,31588,4258
361,14,34048,4388
361,15,36848,4570
361,16,39856,4662
361,17,43092,4768
361,18,46490,4978
361,19,50028,5248
361,20,53988,5452
361,21,57596,5848
361,22,60318,6348
361,23,62866,6858
361,24,64688,7344
361,25,65722,7622
361,26,66574,7776
361,27,67438,7872
361,28,67960,8120
361,29,68174,8334
362,-1,5171,1814
362,0,84,74
362,1,288,250
362,2,664,448
362,3,1226,534
362,4,1772,618
362,5,2198,678
362,6,2664,790
362,7,3244,900
362,8,3774,1062
362,9,4244,1230
362,10,4776,1414
362,11,5212,1540
362,12,5572,1700
362,13,5928,1844
362,14,6242,1974
362,15,6592,2078
362,16,6882,2180
362,17,7198,2278
362,18,7482,2322
362,19,7786,2404
362,20,8140,2498
362,21,8450,2546
362,22,8796,2658
362,23,9118,2776
362,24,9438,2922
362,25,9716,3074
362,26,9904,3208
362,27,10092,3386
362,28,10260,3514
362,29,10342,3622
363,-1,8158,2098
363,0,56,98
363,1,300,258
363,2,640,406
363,3,1086,512
363,4,1594,602
363,5,2248,758
363,6,3062,950
363,7,4000,1076
363,8,4902,1244
363,9,5896,1432
363,10,6758,1750
363,11,7532,2076
363,12,8444,2384
363,13,9456,2448
363,14,10430,2508
363,15,11156,2584
363,16,11846,2678
363,17,12400,2826
363,18,12924,2946
363,19,13328,3110
363,20,13636,3240
363,21,14064,3412
363,22,14546,3588
363,23,14912,3704
363,24,15204,3800
363,25,15570,3848
363,26,15952,3972
363,27,16186,4110
363,28,16272,4150
363,29,16316,4188
364,-1,17724,2430
364,0,58,68
364,1,278,168
364,2,446,274
364,3,652,390
364,4,1198,632
364,5,2142,1018
364,6,3308,1248
364,7,4870,1368
364,8,6548,1438
364,9,8166,1508
364,10,9862,1654
364,11,11452,1834
364,12,13250,2076
364,13,15276,2344
364,14,17282,2584
364,15,19184,2742
364,16,20894,2830
364,17,22770,2992
364,18,24606,3158
364,19,26256,3402
364,20,27544,3540
364,21,28548,3664
364,22,29588,3756
364,23,30860,3822
364,24,32136,3906
364,25,33270,4058
364,26,34210,4274
364,27,34998,4500
364,28,35338,4736
364,29,35448,4858
365,-1,7803,1946
365,0,56,78
365,1,374,232
365,2,858,462
365,3,1336,554
365,4,1878,640
365,5,2496,766
365,6,3110,978
365,7,3766,1142
365,8,4406,1246
365,9,4976,1378
365,10,5418,1474
365,11,5882,1564
365,12,6514,1722
365,13,7364,1836
365,14,8292,1910
365,15,9268,2042
365,16,10158,2326
365,17,10890,2592
365,18,11664,2792
365,19,12296,2988
365,20,12966,3146
365,21,13480,3230
365,22,13950,3378
365,23,14386,3438
365,24,14780,3512
365,25,15086,3586
365,26,15310,3680
365,27,15486,3750
365,28,15568,3834
365,29,15606,3890
366,-1,3708,1276
366,0,30,50
366,1,126,94
366,2,258,120
366,3,430,190
366,4,690,318
366,5,920,436
366,6,1172,548
366,7,1498,698
366,8,1912,822
366,9,2358,902
366,10,2814,922
366,11,3282,962
366,12,3780,998
366,13,4224,1092
366,14,4610,1160
366,15,4926,1316
366,16,5236,1456
366,17,5508,1546
366,18,5792,1650
366,19,6046,1762
366,20,6276,1932
366,21,6486,2026
366,22,6682,2094
366,23,6888,2180
366,24,7078,2270
366,25,7200,2374
366,26,7266,2416
366,27,7350,2474
366,28,7404,2522
366,29,7416,2546
367,-1,164892,15174
367,0,1776,1076
367,1,9158,2532
367,2,23354,4264
367,3,37980,7390
367,4,56296,9604
367,5,75106,10292
367,6,94058,11036
367,7,115382,12434
367,8,134924,13756
367,9,151904,14240
367,10,166992,14888
367,11,182716,15332
367,12,199432,15756
367,13,214536,16770
367,14,227440,17480
367,15,239362,18448
367,16,253144,19390
367,17,267984,20204
367,18,280756,21932
367,19,290770,22610
367,20,300610,23618
367,21,306516,25304
367,22,309866,26120
367,23,313366,26384
367,24,316932,27132
367,25,321588,27974
367,26,324288,28588
367,27,326294,29082
367,28,329044,29916
367,29,329784,30346
368,-1,3638,1008
368,0,20,30
368,1,34,58
368,2,82,104
368,3,150,160
368,4,256,244
368,5,364,340
368,6,608,474
368,7,900,560
368,8,1208,640
368,9,1546,736
368,10,1894,810
368,11,2230,904
368,12,2622,1032
368,13,3048,1124
368,14,3524,1184
368,15,3958,1228
368,16,4352,1278
368,17,4728,1334
368,18,5094,1370
368,19,5462,1404
368,20,5776,1446
368,21,6048,1508
368,22,6282,1546
368,23,6494,1636
368,24,6648,1702
368,25,6800,1780
368,26,6970,1882
368,27,7124,1942
368,28,7220,1966
368,29,7276,2010
369,-1,4636,1516
369,0,54,62
369,1,166,160
369,2,376,288
369,3,662,366
369,4,1018,468
369,5,1428,528
369,6,1830,594
369,7,2230,714
369,8,2688,814
369,9,3092,916
369,10,3442,1038
369,11,3694,1132
369,12,4014,1238
369,13,4336,1308
369,14,4602,1372
369,15,4816,1452
369,16,5020,1528
369,17,5254,1632
369,18,5586,1804
369,19,5938,1986
369,20,6290,2094
369,21,6684,2200
369,22,7152,2288
369,23,7664,2320
369,24,8176,2360
369,25,8612,2514
369,26,8936,2698
369,27,9134,2860
369,28,9230,2962
369,29,9272,3026
370,-1,8171,2628
370,0,144,188
370,1,504,388
370,2,854,630
370,3,1270,884
370,4,2142,1128
370,5,3080,1436
370,6,4180,1744
370,7,5190,1888
370,8,6100,2142
370,9,7002,2328
370,10,7926,2496
370,11,8894,2702
370,12,9910,2898
370,13,10918,3106
370,14,12086,3282
370,15,13256,3596
370,16,13810,3878
370,17,14128,4082
370,18,14430,4212
370,19,14604,4360
370,20,14708,4458
370,21,14812,4516
370,22,14932,4582
370,23,15082,4654
370,24,15246,4798
370,25,15440,4902
370,26,15784,4986
370,27,16112,5030
370,28,16306,5192
370,29,16342,5252
371,-1,3703,1224
371,0,44,68
371,1,272,170
371,2,518,348
371,3,812,444
371,4,1130,518
371,5,1454,564
371,6,1724,678
371,7,1980,728
371,8,2266,764
371,9,2608,828
371,10,2996,918
371,11,3362,958
371,12,3694,1054
371,13,4046,1154
371,14,4464,1290
371,15,4988,1400
371,16,5480,1572
371,17,5758,1734
371,18,5960,1810
371,19,6152,1868
371,20,6280,1910
371,21,6418,1970
371,22,6598,2012
371,23,6794,2076
371,24,6978,2136
371,25,7110,2190
371,26,7218,2270
371,27,7320,2342
371,28,7374,2406
371,29,7406,2446
372,-1,4457,1316
372,0,50,58
372,1,172,164
372,2,332,322
372,3,630,526
372,4,1022,696
372,5,1402,842
372,6,1884,966
372,7,2404,1128
372,8,2860,1278
372,9,3354,1366
372,10,3830,1436
372,11,4318,1526
372,12,4796,1592
372,13,5288,1648
372,14,5774,1700
372,15,6206,1754
372,16,6580,1812
372,17,6894,1860
372,18,7142,1908
372,19,7346,1980
372,20,7506,2072
372,21,7658,2130
372,22,7824,2160
372,23,8016,2202
372,24,8276,2274
372,25,8510,2346
372,26,8694,2442
372,27,8790,2526
372,28,8866,2578
372,29,8914,2626
373,-1,17582,3648
373,0,118,136
373,1,508,308
373,2,1048,440
373,3,1844,792
373,4,2894,1106
373,5,4228,1404
373,6,5684,1550
373,7,7200,1752
373,8,8574,1838
373,9,9944,1910
373,10,11208,2018
373,11,12330,2254
373,12,13438,2522
373,13,14356,2686
373,14,15370,2990
373,15,16588,3320
373,16,17962,3674
373,17,19728,4062
373,18,21986,4356
373,19,24214,4540
373,20,26336,4702
373,21,28420,4836
373,22,30418,5118
373,23,32010,5548
373,24,33336,6000
373,25,34242,6444
373,26,34744,6772
373,27,34924,7022
373,28,35062,7182
373,29,35164,7294
374,-1,5375,1210
374,0,80,64
374,1,176,170
374,2,412,362
374,3,784,478
374,4,1288,530
374,5,1720,594
374,6,2172,640
374,7,2574,698
374,8,3016,746
374,9,3472,792
374,10,3890,870
374,11,4280,982
374,12,4706,1076
374,13,5160,1126
374,14,5648,1152
374,15,6134,1222
374,16,6576,1338
374,17,6960,1414
374,18,7402,1524
374,19,7890,1580
374,20,8380,1654
374,21,8824,1712
374,22,9230,1788
374,23,9630,1918
374,24,9972,2050
374,25,10248,2158
374,26,10472,2236
374,27,10640,2300
374,28,10724,2370
374,29,10750,2418
375,-1,5240,1300
375,0,36,50
375,1,278,248
375,2,708,378
375,3,1194,472
375,4,1688,610
375,5,2226,752
375,6,2954,874
375,7,3736,906
375,8,4554,1026
375,9,5268,1234
375,10,5676,1358
375,11,6066,1490
375,12,6388,1602
375,13,6616,1662
375,14,6826,1718
375,15,7042,1788
375,16,7310,1852
375,17,7590,1938
375,18,7878,1976
375,19,8160,2028
375,20,8462,2046
375,21,8762,2080
375,22,9064,2108
375,23,9364,2134
375,24,9658,2186
375,25,9946,2234
375,26,10184,2318
375,27,10350,2434
375,28,10458,2542
375,29,10480,2596
376,-1,27427,4670
376,0,236,246
376,1,1316,796
376,2,3208,1168
376,3,5046,1562
376,4,6654,1674
376,5,8412,1762
376,6,10258,1860
376,7,12560,2298
376,8,15704,2704
376,9,18756,2936
376,10,21652,3128
376,11,24330,3362
376,12,26666,3568
376,13,29014,3750
376,14,31796,4018
376,15,34918,4288
376,16,38018,4750
376,17,41092,5016
376,18,43812,5222
376,19,46556,5542
376,20,48880,6004
376,21,50684,6768
376,22,51818,7342
376,23,52474,7782
376,24,53056,8162
376,25,53434,8512
376,26,53768,8740
376,27,54260,8960
376,28,54636,9126
376,29,54854,9332
377,-1,3928,1058
377,0,76,74
377,1,266,182
377,2,544,338
377,3,866,508
377,4,1322,598
377,5,1804,654
377,6,2316,734
377,7,2824,780
377,8,3162,834
377,9,3452,908
377,10,3740,972
377,11,4012,1088
377,12,4334,1220
377,13,4676,1312
377,14,4980,1408
377,15,5176,1474
377,16,5354,1496
377,17,5572,1550
377,18,5796,1612
377,19,6046,1648
377,20,6338,1680
377,21,6618,1718
377,22,6876,1756
377,23,7134,1784
377,24,7366,1806
377,25,7536,1894
377,26,7668,2002
377,27,7748,2038
377,28,7820,2066
377,29,7856,2110
378,-1,3946,1458
378,0,24,36
378,1,76,78
378,2,166,128
378,3,270,182
378,4,438,238
378,5,634,288
378,6,848,402
378,7,1082,548
378,8,1368,690
378,9,1714,926
378,10,2150,1128
378,11,2614,1304
378,12,2944,1536
378,13,3260,1706
378,14,3632,1908
378,15,3928,1992
378,16,4158,2036
378,17,4370,2092
378,18,4664,2124
378,19,4884,2170
378,20,5182,2216
378,21,5482,2246
378,22,5814,2314
378,23,6184,2348
378,24,6556,2432
378,25,6944,2478
378,26,7316,2576
378,27,7588,2686
378,28,7804,2802
378,29,7892,2906
379,-1,4300,1554
379,0,90,82
379,1,248,146
379,2,464,260
379,3,854,446
379,4,1210,562
379,5,1592,690
379,6,1936,786
379,7,2268,880
379,8,2670,996
379,9,3098,1152
379,10,3588,1322
379,11,4084,1502
379,12,4636,1606
379,13,5216,1704
379,14,5782,1794
379,15,6316,1938
379,16,6682,2162
379,17,6988,2372
379,18,7250,2522
379,19,7484,2612
379,20,7688,2678
379,21,7876,2706
379,22,8020,2748
379,23,8146,2808
379,24,8282,2848
379,25,8398,2886
379,26,8484,2952
379,27,8546,3028
379,28,8586,3084
379,29,8600,3106
380,-1,11283,2646
380,0,38,44
380,1,70,90
380,2,120,162
380,3,372,346
380,4,932,728
380,5,1910,1082
380,6,3204,1254
380,7,4692,1456
380,8,6202,1590
380,9,7778,1802
380,10,8986,1998
380,11,10104,2116
380,12,11186,2148
380,13,12318,2286
380,14,13466,2442
380,15,14542,2588
380,16,15530,2700
380,17,16424,2824
380,18,17326,2964
380,19,18138,3258
380,20,18704,3524
380,21,19284,3794
380,22,19770,4052
380,23,20160,4252
380,24,20596,4288
380,25,21050,4398
380,26,21618,4644
380,27,22152,4912
380,28,22480,5136
380,29,22566,5288
381,-1,3464,1410
381,0,66,66
381,1,154,130
381,2,338,236
381,3,650,354
381,4,864,420
381,5,1124,504
381,6,1306,574
381,7,1540,658
381,8,1822,706
381,9,2164,810
381,10,2506,960
381,11,2746,1140
381,12,2990,1238
381,13,3278,1312
381,14,3580,1390
381,15,3896,1438
381,16,4144,1504
381,17,4368,1586
381,18,4582,1630
381,19,4730,1698
381,20,4942,1842
381,21,5198,1966
381,22,5520,2166
381,23,5880,2252
381,24,6286,2380
381,25,6572,2526
381,26,6740,2640
381,27,6844,2714
381,28,6904,2786
381,29,6928,2814
382,-1,3884,942
382,0,30,38
382,1,108,130
382,2,310,212
382,3,570,274
382,4,808,338
382,5,1088,410
382,6,1418,472
382,7,1802,536
382,8,2226,618
382,9,2702,654
382,10,3172,674
382,11,3642,692
382,12,4126,718
382,13,4582,776
382,14,5006,850
382,15,5420,974
382,16,5684,1044
382,17,5974,1106
382,18,6260,1174
382,19,6538,1264
382,20,6784,1386
382,21,6996,1482
382,22,7156,1562
382,23,7316,1622
382,24,7458,1672
382,25,7570,1720
382,26,7666,1772
382,27,7728,1834
382,28,7750,1858
382,29,7768,1876
383,-1,6290,1592
383,0,66,102
383,1,304,252
383,2,612,328
383,3,950,438
383,4,1218,568
383,5,1496,744
383,6,1796,892
383,7,2188,968
383,8,2664,1030
383,9,3084,1076
383,10,3486,1100
383,11,3920,1158
383,12,4436,1290
383,13,5218,1488
383,14,6044,1620
383,15,6898,1686
383,16,7738,1758
383,17,8494,1834
383,18,9212,1926
383,19,9820,2052
383,20,10376,2176
383,21,10932,2348
383,22,11350,2610
383,23,11638,2742
383,24,11904,2830
383,25,12124,2890
383,26,12328,2954
383,27,12506,3068
383,28,12572,3156
383,29,12580,3182
384,-1,6110,1402
384,0,14,30
384,1,46,72
384,2,86,132
384,3,140,192
384,4,284,314
384,5,390,430
384,6,454,472
384,7,522,548
384,8,726,698
384,9,1022,802
384,10,1442,966
384,11,2196,1136
384,12,3136,1246
384,13,4082,1324
384,14,5020,1404
384,15,5838,1566
384,16,6628,1668
384,17,7438,1784
384,18,8216,1872
384,19,8944,1934
384,20,9620,1988
384,21,10230,2068
384,22,10784,2172
384,23,11242,2248
384,24,11632,2372
384,25,11866,2514
384,26,12016,2630
384,27,12080,2704
384,28,12174,2748
384,29,12220,2802
385,-1,6057,1218
385,0,8,18
385,1,30,44
385,2,78,98
385,3,270,206
385,4,578,324
385,5,910,454
385,6,1298,514
385,7,1720,582
385,8,2158,608
385,9,2596,662
385,10,3040,688
385,11,3516,752
385,12,4062,872
385,13,4686,944
385,14,5420,1042
385,15,6214,1126
385,16,7002,1166
385,17,7762,1234
385,18,8486,1356
385,19,9228,1490
385,20,9870,1630
385,21,10426,1762
385,22,10918,1858
385,23,11394,1956
385,24,11670,2060
385,25,11876,2192
385,26,12026,2286
385,27,12086,2380
385,28,12104,2410
385,29,12114,2428
386,-1,9126,2254
386,0,128,82
386,1,354,130
386,2,688,286
386,3,1082,462
386,4,1558,566
386,5,2100,622
386,6,2606,722
386,7,2890,926
386,8,3234,1078
386,9,3562,1146
386,10,4090,1424
386,11,5058,1884
386,12,6374,2192
386,13,7482,2400
386,14,8408,2470
386,15,9326,2544
386,16,10132,2652
386,17,11054,2754
386,18,12034,2830
386,19,13018,2968
386,20,14156,3138
386,21,15264,3362
386,22,16106,3618
386,23,16746,3800
386,24,17222,3916
386,25,17656,4136
386,26,17968,4228
386,27,18108,4326
386,28,18210,4438
386,29,18252,4502
387,-1,3702,1766
387,0,104,88
387,1,352,128
387,2,616,238
387,3,858,370
387,4,1190,498
387,5,1468,578
387,6,1690,632
387,7,1854,668
387,8,2000,710
387,9,2078,766
387,10,2146,808
387,11,2190,838
387,12,2238,898
387,13,2274,948
387,14,2400,1014
387,15,2574,1092
387,16,2794,1194
387,17,2994,1388
387,18,3324,1630
387,19,3720,1914
387,20,4216,2120
387,21,4772,2340
387,22,5402,2588
387,23,6050,2786
387,24,6532,2974
387,25,6934,3092
387,26,7182,3310
387,27,7304,3442
387,28,7376,3500
387,29,7404,3530
388,-1,4720,1570
388,0,108,128
388,1,370,312
388,2,700,416
388,3,1172,548
388,4,1884,756
388,5,2810,1004
388,6,3612,1176
388,7,4296,1322
388,8,4900,1436
388,9,5348,1494
388,10,5752,1548
388,11,6140,1602
388,12,6528,1686
388,13,6832,1762
388,14,7042,1870
388,15,7240,1930
388,16,7382,2034
388,17,7506,2100
388,18,7600,2186
388,19,7654,2240
388,20,7764,2328
388,21,7892,2420
388,22,8110,2490
388,23,8324,2616
388,24,8594,2728
388,25,8858,2860
388,26,9074,2912
388,27,9302,2970
388,28,9410,3076
388,29,9440,3138
389,-1,3235,1138
389,0,26,26
389,1,106,76
389,2,216,114
389,3,364,208
389,4,574,346
389,5,860,416
389,6,1174,440
389,7,1548,488
389,8,1934,546
389,9,2308,620
389,10,2660,698
389,11,2988,778
389,12,3196,904
389,13,3370,960
389,14,3534,994
389,15,3704,1034
389,16,3882,1150
389,17,4120,1256
389,18,4380,1338
389,19,4642,1390
389,20,4922,1414
389,21,5210,1432
389,22,5498,1528
389,23,5792,1682
389,24,6056,1816
389,25,6200,1980
389,26,6260,2082
389,27,6342,2150
389,28,6424,2220
389,29,6470,2268
390,-1,29233,4248
390,0,78,86
390,1,278,226
390,2,810,566
390,3,2044,884
390,4,4098,1158
390,5,6396,1286
390,6,9204,1510
390,7,12496,2050
390,8,15472,2456
390,9,18214,2734
390,10,20760,2982
390,11,23512,3212
390,12,26622,3476
390,13,29594,3864
390,14,32004,4582
390,15,34516,5082
390,16,37016,5438
390,17,39532,5684
390,18,42320,5922
390,19,44646,6082
390,20,46602,6194
390,21,48380,6338
390,22,49890,6570
390,23,51982,6812
390,24,54046,7106
390,25,55664,7430
390,26,56790,7714
390,27,57666,7964
390,28,58234,8282
390,29,58466,8494
391,-1,3556,900
391,0,50,74
391,1,264,180
391,2,544,268
391,3,706,368
391,4,890,456
391,5,1074,602
391,6,1284,734
391,7,1434,802
391,8,1610,842
391,9,1818,904
391,10,2046,970
391,11,2352,1060
391,12,2620,1112
391,13,2896,1168
391,14,3158,1198
391,15,3430,1218
391,16,3738,1260
391,17,4078,1286
391,18,4434,1320
391,19,4778,1344
391,20,5120,1364
391,21,5458,1398
391,22,5776,1426
391,23,6080,1444
391,24,6400,1466
391,25,6726,1500
391,26,6916,1634
391,27,7034,1716
391,28,7092,1770
391,29,7112,1798
392,-1,35393,4652
392,0,172,168
392,1,896,630
392,2,1850,912
392,3,2944,1116
392,4,4310,1206
392,5,5744,1302
392,6,7336,1508
392,7,9386,1968
392,8,11938,2472
392,9,14734,2886
392,10,17600,3390
392,11,21192,4072
392,12,24744,4412
392,13,28414,4550
392,14,31994,4724
392,15,35702,4858
392,16,39536,4920
392,17,43162,4996
392,18,46614,5112
392,19,50168,5248
392,20,53820,5450
392,21,57242,5708
392,22,60220,6228
392,23,62798,6828
392,24,64718,7278
392,25,66406,7534
392,26,68080,7908
392,27,69366,8384
392,28,70312,8952
392,29,70786,9290
393,-1,5464,1216
393,0,30,48
393,1,172,126
393,2,296,192
393,3,428,238
393,4,534,316
393,5,780,460
393,6,1240,556
393,7,1684,612
393,8,2042,658
393,9,2416,690
393,10,2826,758
393,11,3252,862
393,12,3776,994
393,13,4374,1172
393,14,5066,1230
393,15,5704,1302
393,16,6358,1348
393,17,7032,1424
393,18,7746,1474
393,19,8476,1514
393,20,9144,1570
393,21,9660,1662
393,22,10098,1764
393,23,10376,1934
393,24,10602,2078
393,25,10692,2160
393,26,10798,2220
393,27,10864,2306
393,28,10912,2400
393,29,10928,2430
394,-1,19242,3808
394,0,240,224
394,1,826,466
394,2,1542,674
394,3,2668,1098
394,4,4008,1618
394,5,5822,2096
394,6,8378,2538
394,7,11084,2966
394,8,13680,3392
394,9,15394,3844
394,10,16472,4000
394,11,17468,4116
394,12,18588,4218
394,13,19980,4422
394,14,21436,4656
394,15,23104,4818
394,16,24802,4990
394,17,26252,5102
394,18,27932,5268
394,19,29642,5464
394,20,30968,5680
394,21,31984,5832
394,22,33104,6000
394,23,34296,6214
394,24,35216,6428
394,25,36198,6558
394,26,37262,6780
394,27,38034,7178
394,28,38436,7536
394,29,38484,7610
395,-1,13748,2154
395,0,130,154
395,1,564,294
395,2,1074,410
395,3,1448,596
395,4,1836,740
395,5,2338,838
395,6,2924,1074
395,7,3740,1210
395,8,4802,1376
395,9,5858,1456
395,10,6848,1576
395,11,7606,1766
395,12,8268,1864
395,13,8950,1934
395,14,9840,2126
395,15,11056,2264
395,16,12366,2388
395,17,13686,2550
395,18,15064,2680
395,19,16548,2830
395,20,18104,2982
395,21,19542,3094
395,22,21016,3242
395,23,22380,3346
395,24,23556,3478
395,25,24750,3588
395,26,25712,3812
395,27,26490,4002
395,28,27116,4088
395,29,27496,4284
396,-1,19922,3356
396,0,44,74
396,1,424,508
396,2,1442,1026
396,3,2736,1286
396,4,4158,1596
396,5,5942,1790
396,6,7922,1994
396,7,10090,2236
396,8,12318,2458
396,9,14530,2590
396,10,16748,2700
396,11,18946,2828
396,12,21242,3014
396,13,23524,3186
396,14,25592,3420
396,15,27412,3804
396,16,29256,4200
396,17,31200,4548
396,18,32932,4918
396,19,34546,5158
396,20,35716,5368
396,21,36744,5672
396,22,37430,5970
396,23,37930,6044
396,24,38478,6136
396,25,39004,6284
396,26,39420,6442
396,27,39712,6544
396,28,39816,6656
396,29,39844,6710
397,-1,4089,868
397,0,28,28
397,1,70,62
397,2,196,188
397,3,456,312
397,4,796,378
397,5,1188,460
397,6,1600,530
397,7,2036,596
397,8,2494,680
397,9,2976,716
397,10,3398,800
397,11,3822,828
397,12,4248,852
397,13,4670,902
397,14,5084,966
397,15,5484,1016
397,16,5876,1052
397,17,6270,1090
397,18,6528,1104
397,19,6776,1128
397,20,7008,1172
397,21,7224,1210
397,22,7452,1246
397,23,7668,1288
397,24,7842,1376
397,25,7972,1464
397,26,8058,1574
397,27,8102,1642
397,28,8160,1682
397,29,8178,1730
398,-1,4709,1094
398,0,62,84
398,1,176,146
398,2,316,198
398,3,504,244
398,4,742,302
398,5,1012,370
398,6,1306,454
398,7,1660,520
398,8,2070,602
398,9,2562,716
398,10,3024,792
398,11,3484,854
398,12,3956,876
398,13,4424,930
398,14,4890,994
398,15,5404,1110
398,16,5976,1236
398,17,6546,1336
398,18,7012,1472
398,19,7444,1576
398,20,7798,1650
398,21,8130,1690
398,22,8460,1732
398,23,8748,1792
398,24,8958,1926
398,25,9104,1998
398,26,9216,2044
398,27,9310,2112
398,28,9380,2146
398,29,9418,2182
399,-1,3409,1166
399,0,42,32
399,1,88,76
399,2,172,112
399,3,300,164
399,4,476,194
399,5,588,286
399,6,710,358
399,7,830,468
399,8,984,564
399,9,1168,656
399,10,1398,720
399,11,1772,844
399,12,2220,906
399,13,2656,944
399,14,3062,974
399,15,3452,998
399,16,3802,1044
399,17,4142,1148
399,18,4488,1298
399,19,4844,1486
399,20,5128,1642
399,21,5408,1738
399,22,5652,1818
399,23,5904,1874
399,24,6226,1984
399,25,6466,2100
399,26,6574,2182
399,27,6684,2240
399,28,6792,2278
399,29,6818,2330
400,-1,12226,2730
400,0,124,116
400,1,398,272
400,2,864,418
400,3,1358,520
400,4,1978,636
400,5,2662,692
400,6,3400,746
400,7,4114,888
400,8,5040,1066
400,9,6110,1204
400,10,7272,1394
400,11,8532,1614
400,12,9792,1886
400,13,10870,2220
400,14,12104,2474
400,15,13208,2720
400,16,14400,3092
400,17,15614,3408
400,18,17080,3564
400,19,18484,3702
400,20,19682,3942
400,21,20720,4102
400,22,21538,4324
400,23,22058,4432
400,24,22590,4648
400,25,23322,4922
400,26,23816,5130
400,27,24134,5284
400,28,24394,5360
400,29,24452,5458
401,-1,14094,2002
401,0,88,102
401,1,376,282
401,2,1050,526
401,3,2060,672
401,4,3300,748
401,5,4454,914
401,6,5710,1104
401,7,7232,1330
401,8,8866,1402
401,9,10376,1482
401,10,11784,1594
401,11,12954,1750
401,12,14098,1912
401,13,15304,2080
401,14,16446,2226
401,15,17550,2320
401,16,18512,2416
401,17,19330,2544
401,18,20272,2710
401,19,21300,2780
401,20,22318,2844
401,21,23308,2934
401,22,24188,3072
401,23,24984,3146
401,24,25808,3282
401,25,26478,3444
401,26,27070,3568
401,27,27654,3652
401,28,28096,3866
401,29,28188,4002
402,-1,3552,986
402,0,22,30
402,1,62,58
402,2,114,106
402,3,238,178
402,4,406,232
402,5,576,320
402,6,870,450
402,7,1230,518
402,8,1636,646
402,9,2088,726
402,10,2520,776
402,11,2918,814
402,12,3290,902
402,13,3632,1002
402,14,3916,1044
402,15,4196,1118
402,16,4522,1220
402,17,4932,1296
402,18,5338,1360
402,19,5696,1488
402,20,5890,1558
402,21,6110,1606
402,22,6356,1642
402,23,6564,1704
402,24,6730,1746
402,25,6886,1798
402,26,6992,1874
402,27,7068,1918
402,28,7094,1954
402,29,7104,1968
403,-1,4656,1262
403,0,14,28
403,1,48,76
403,2,190,190
403,3,358,278
403,4,608,370
403,5,898,440
403,6,1254,578
403,7,1664,680
403,8,2124,766
403,9,2686,868
403,10,3376,938
403,11,4098,1026
403,12,4854,1106
403,13,5596,1198
403,14,6368,1312
403,15,6966,1450
403,16,7378,1574
403,17,7828,1690
403,18,8152,1868
403,19,8310,1990
403,20,8436,2054
403,21,8562,2096
403,22,8710,2142
403,23,8900,2176
403,24,9044,2268
403,25,9126,2354
403,26,9206,2408
403,27,9244,2456
403,28,9284,2490
403,29,9312,2522
404,-1,3060,882
404,0,18,32
404,1,62,76
404,2,182,162
404,3,314,222
404,4,476,306
404,5,688,404
404,6,1024,546
404,7,1422,656
404,8,1778,794
404,9,2218,882
404,10,2682,962
404,11,3178,998
404,12,3610,1060
404,13,4012,1130
404,14,4372,1216
404,15,4688,1282
404,16,4958,1388
404,17,5162,1460
404,18,5332,1486
404,19,5482,1512
404,20,5634,1556
404,21,5774,1592
404,22,5896,1622
404,23,5960,1644
404,24,6012,1666
404,25,6058,1684
404,26,6084,1706
404,27,6100,1726
404,28,6114,1748
404,29,6120,1762
405,-1,10708,2816
405,0,160,128
405,1,492,326
405,2,1096,586
405,3,2092,830
405,4,2956,1008
405,5,4098,1140
405,6,5144,1330
405,7,6038,1522
405,8,6894,1818
405,9,7610,2114
405,10,7982,2390
405,11,8526,2720
405,12,9276,2992
405,13,10358,3246
405,14,11588,3472
405,15,13044,3670
405,16,14250,4010
405,17,15134,4246
405,18,16034,4400
405,19,16764,4578
405,20,17422,4682
405,21,17978,4796
405,22,18652,4902
405,23,19380,5034
405,24,19928,5128
405,25,20394,5236
405,26,20834,5320
405,27,21160,5440
405,28,21370,5568
405,29,21416,5628
406,-1,15828,2908
406,0,86,118
406,1,330,324
406,2,978,562
406,3,1882,738
406,4,3168,1020
406,5,4672,1142
406,6,6084,1358
406,7,7680,1528
406,8,9186,1796
406,9,10722,2078
406,10,12276,2386
406,11,13756,2548
406,12,15080,2656
406,13,16394,3000
406,14,17686,3264
406,15,18812,3374
406,16,19844,3546
406,17,20822,3784
406,18,21880,4040
406,19,23172,4216
406,20,24606,4350
406,21,25916,4458
406,22,27264,4560
406,23,28476,4676
406,24,29734,4800
406,25,30618,5006
406,26,31290,5376
406,27,31556,5662
406,28,31634,5776
406,29,31656,5812
407,-1,6362,1796
407,0,42,46
407,1,140,94
407,2,298,158
407,3,430,240
407,4,570,330
407,5,730,422
407,6,940,502
407,7,1280,656
407,8,1610,786
407,9,1930,980
407,10,2502,1204
407,11,2946,1454
407,12,3402,1638
407,13,3948,1856
407,14,4634,2004
407,15,5356,2116
407,16,6108,2188
407,17,6902,2310
407,18,7718,2374
407,19,8594,2500
407,20,9436,2672
407,21,10184,2836
407,22,10834,2952
407,23,11476,3012
407,24,12022,3176
407,25,12368,3334
407,26,12586,3432
407,27,12664,3488
407,28,12700,3562
407,29,12724,3590
408,-1,3899,938
408,0,58,62
408,1,276,218
408,2,636,340
408,3,1056,414
408,4,1514,472
408,5,1946,536
408,6,2362,584
408,7,2744,644
408,8,3122,682
408,9,3526,734
408,10,3944,796
408,11,4266,894
408,12,4458,998
408,13,4622,1056
408,14,4828,1100
408,15,5014,1152
408,16,5216,1204
408,17,5488,1260
408,18,5878,1342
408,19,6314,1388
408,20,6770,1410
408,21,7076,1488
408,22,7284,1554
408,23,7426,1652
408,24,7510,1694
408,25,7602,1718
408,26,7694,1760
408,27,7754,1806
408,28,7780,1842
408,29,7798,1874
409,-1,11239,2304
409,0,42,78
409,1,170,166
409,2,390,238
409,3,648,340
409,4,1038,534
409,5,1300,718
409,6,1866,996
409,7,2766,1140
409,8,3798,1306
409,9,5090,1524
409,10,6550,1822
409,11,8358,2046
409,12,10206,2168
409,13,12042,2270
409,14,13584,2426
409,15,15022,2608
409,16,16198,2848
409,17,17382,3120
409,18,18234,3304
409,19,18876,3478
409,20,19384,3650
409,21,19894,3746
409,22,20382,3842
409,23,20826,3930
409,24,21264,3996
409,25,21748,4084
409,26,22168,4296
409,27,22272,4432
409,28,22412,4542
409,29,22478,4604
410,-1,4971,1272
410,0,88,78
410,1,174,162
410,2,300,232
410,3,456,292
410,4,666,346
410,5,892,412
410,6,1120,502
410,7,1338,574
410,8,1598,648
410,9,1844,696
410,10,2092,728
410,11,2350,814
410,12,2756,1004
410,13,3336,1176
410,14,4028,1322
410,15,4742,1370
410,16,5448,1412
410,17,6138,1450
410,18,6814,1490
410,19,7464,1532
410,20,8114,1600
410,21,8716,1764
410,22,9194,1944
410,23,9534,2154
410,24,9688,2292
410,25,9772,2402
410,26,9802,2432
410,27,9864,2460
410,28,9918,2500
410,29,9942,2540
411,-1,3644,1314
411,0,32,28
411,1,102,70
411,2,270,170
411,3,488,232
411,4,718,330
411,5,984,428
411,6,1338,520
411,7,1694,600
411,8,2044,662
411,9,2408,734
411,10,2800,800
411,11,3234,912
411,12,3770,992
411,13,4314,1088
411,14,4696,1130
411,15,5068,1234
411,16,5362,1434
411,17,5626,1602
411,18,5882,1736
411,19,6152,1850
411,20,6426,1944
411,21,6686,2074
411,22,6876,2204
411,23,6986,2306
411,24,7062,2368
411,25,7120,2406
411,26,7174,2470
411,27,7220,2536
411,28,7268,2596
411,29,7288,2626
412,-1,5300,1366
412,0,98,116
412,1,374,256
412,2,752,386
412,3,1198,480
412,4,1630,570
412,5,2086,688
412,6,2550,758
412,7,3004,804
412,8,3468,838
412,9,3920,874
412,10,4378,952
412,11,4800,1018
412,12,5214,1064
412,13,5656,1152
412,14,6172,1264
412,15,6656,1398
412,16,7142,1568
412,17,7706,1748
412,18,8322,1886
412,19,8894,2042
412,20,9222,2280
412,21,9448,2342
412,22,9698,2388
412,23,9972,2460
412,24,10118,2518
412,25,10288,2542
412,26,10410,2598
412,27,10500,2652
412,28,10564,2694
412,29,10600,2730
413,-1,30407,4306
413,0,100,116
413,1,322,326
413,2,568,516
413,3,1058,816
413,4,2260,1076
413,5,3532,1240
413,6,5214,1664
413,7,7396,2138
413,8,10150,2410
413,9,12948,2636
413,10,16086,2890
413,11,19272,3092
413,12,22936,3466
413,13,26698,3646
413,14,30094,3964
413,15,33612,4390
413,16,36598,4806
413,17,39594,5236
413,18,42376,5632
413,19,44900,6032
413,20,47450,6300
413,21,49892,6658
413,22,51886,6912
413,23,53628,7084
413,24,55504,7238
413,25,57522,7352
413,26,59452,7710
413,27,60370,8258
413,28,60734,8510
413,29,60814,8610
414,-1,99190,7948
414,0,242,126
414,1,1014,602
414,2,3940,1362
414,3,7326,2010
414,4,10322,2716
414,5,13302,3150
414,6,17788,4134
414,7,24504,4986
414,8,32948,5940
414,9,43404,6528
414,10,54944,6652
414,11,66120,6980
414,12,76548,7404
414,13,86758,8098
414,14,96076,8564
414,15,105276,9500
414,16,114828,10746
414,17,124454,11042
414,18,133684,11224
414,19,142722,11332
414,20,151676,11616
414,21,159812,11866
414,22,168046,12148
414,23,176444,12534
414,24,184282,13084
414,25,190310,13648
414,26,194816,14604
414,27,196536,15250
414,28,197912,15640
414,29,198380,15894
415,-1,3104,992
415,0,38,44
415,1,182,126
415,2,422,214
415,3,688,362
415,4,828,472
415,5,928,544
415,6,1028,616
415,7,1186,702
415,8,1474,868
415,9,1836,1012
415,10,2252,1044
415,11,2688,1078
415,12,3086,1138
415,13,3518,1172
415,14,3982,1228
415,15,4476,1286
415,16,4950,1368
415,17,5344,1456
415,18,5634,1540
415,19,5860,1618
415,20,5922,1710
415,21,5950,1748
415,22,5970,1778
415,23,5990,1796
415,24,6012,1834
415,25,6076,1890
415,26,6132,1916
415,27,6170,1938
415,28,6202,1964
415,29,6208,1982
416,-1,4208,1324
416,0,58,86
416,1,222,166
416,2,404,250
416,3,606,342
416,4,866,412
416,5,1204,516
416,6,1590,554
416,7,2006,630
416,8,2380,722
416,9,2774,786
416,10,3158,842
416,11,3478,950
416,12,3752,1020
416,13,4004,1084
416,14,4386,1206
416,15,4756,1382
416,16,5106,1510
416,17,5466,1558
416,18,5836,1610
416,19,6186,1642
416,20,6558,1720
416,21,6970,1838
416,22,7292,1994
416,23,7608,2156
416,24,7892,2304
416,25,8078,2424
416,26,8204,2506
416,27,8318,2550
416,28,8388,2610
416,29,8416,2646
417,-1,5131,1770
417,0,48,78
417,1,258,226
417,2,604,336
417,3,1004,394
417,4,1446,468
417,5,2022,586
417,6,2524,658
417,7,3098,754
417,8,3574,982
417,9,4022,1108
417,10,4486,1214
417,11,5144,1362
417,12,5834,1524
417,13,6510,1730
417,14,7032,1964
417,15,7328,2082
417,16,7592,2256
417,17,7876,2366
417,18,8190,2528
417,19,8530,2758
417,20,8804,2924
417,21,9032,3048
417,22,9242,3094
417,23,9462,3128
417,24,9686,3178
417,25,9902,3234
417,26,10060,3310
417,27,10180,3402
417,28,10238,3506
417,29,10262,3538
418,-1,5233,1610
418,0,64,64
418,1,200,106
418,2,436,248
418,3,752,524
418,4,1134,712
418,5,1644,852
418,6,2106,908
418,7,2562,974
418,8,3088,1062
418,9,3566,1200
418,10,3968,1316
418,11,4390,1410
418,12,4894,1592
418,13,5506,1788
418,14,6008,2062
418,15,6278,2240
418,16,6450,2364
418,17,6680,2460
418,18,6934,2518
418,19,7246,2614
418,20,7638,2690
418,21,8020,2728
418,22,8408,2762
418,23,8782,2812
418,24,9210,2864
418,25,9652,2892
418,26,10072,2970
418,27,10310,3072
418,28,10426,3172
418,29,10466,3218
419,-1,3520,1004
419,0,14,20
419,1,42,40
419,2,74,64
419,3,134,90
419,4,220,130
419,5,322,162
419,6,488,232
419,7,688,310
419,8,900,394
419,9,1132,480
419,10,1412,524
419,11,1756,598
419,12,2178,668
419,13,2618,698
419,14,3050,724
419,15,3472,772
419,16,3862,800
419,17,4256,862
419,18,4646,958
419,19,5052,1062
419,20,5470,1178
419,21,5854,1302
419,22,6202,1420
419,23,6516,1558
419,24,6748,1694
419,25,6894,1818
419,26,6970,1892
419,27,7006,1950
419,28,7036,1998
419,29,7040,2006
420,-1,95936,11668
420,0,1332,576
420,1,6062,1962
420,2,13896,3044
420,3,22912,4332
420,4,32634,5308
420,5,41020,6126
420,6,48794,6874
420,7,57638,7260
420,8,68072,7774
420,9,78490,8318
420,10,87312,9512
420,11,94586,10052
420,12,100858,10452
420,13,107636,10950
420,14,113614,11908
420,15,120088,12942
420,16,127588,13746
420,17,137436,14718
420,18,147806,15140
420,19,156436,16484
420,20,164004,18258
420,21,169706,19328
420,22,175588,20106
420,23,181550,20796
420,24,185452,21524
420,25,187558,21788
420,26,189720,22410
420,27,190902,22742
420,28,191702,23140
420,29,191872,23334
421,-1,8852,2120
421,0,126,114
421,1,408,216
421,2,762,318
421,3,1082,420
421,4,1522,588
421,5,2148,758
421,6,2860,894
421,7,3636,1042
421,8,4450,1174
421,9,5294,1402
421,10,6152,1680
421,11,6868,1852
421,12,7362,2060
421,13,7642,2228
421,14,7988,2358
421,15,8488,2488
421,16,8946,2708
421,17,9490,2958
421,18,10276,3118
421,19,11182,3290
421,20,12220,3362
421,21,13262,3428
421,22,14142,3622
421,23,14870,3720
421,24,15560,3760
421,25,16202,3810
421,26,16790,3890
421,27,17292,4040
421,28,17600,4154
421,29,17704,4238
422,-1,3960,1094
422,0,18,32
422,1,110,90
422,2,240,116
422,3,400,150
422,4,564,194
422,5,714,218
422,6,838,246
422,7,962,272
422,8,1072,304
422,9,1236,362
422,10,1468,456
422,11,1806,576
422,12,2280,728
422,13,2824,876
422,14,3386,1012
422,15,3974,1078
422,16,4582,1120
422,17,5160,1168
422,18,5640,1260
422,19,6062,1376
422,20,6458,1458
422,21,6828,1594
422,22,7110,1734
422,23,7326,1866
422,24,7508,1940
422,25,7658,2014
422,26,7788,2052
422,27,7880,2114
422,28,7900,2150
422,29,7920,2182
423,-1,8089,1954
423,0,32,42
423,1,112,116
423,2,210,158
423,3,346,276
423,4,598,372
423,5,1078,442
423,6,1534,518
423,7,1944,612
423,8,2366,740
423,9,2964,1000
423,10,3894,1196
423,11,4830,1314
423,12,5924,1432
423,13,7030,1518
423,14,7932,1706
423,15,8734,1780
423,16,9596,1844
423,17,10416,1920
423,18,11132,2016
423,19,11872,2156
423,20,12572,2332
423,21,13388,2548
423,22,14206,2708
423,23,14782,2970
423,24,15136,3228
423,25,15454,3488
423,26,15730,3626
423,27,15990,3756
423,28,16134,3828
423,29,16178,3906
424,-1,11333,2174
424,0,94,118
424,1,406,302
424,2,912,552
424,3,1582,768
424,4,2470,916
424,5,3504,1130
424,6,4498,1210
424,7,5600,1330
424,8,6526,1358
424,9,7470,1414
424,10,8486,1480
424,11,9496,1582
424,12,10476,1700
424,13,11406,1756
424,14,12372,1808
424,15,13398,2004
424,16,14448,2176
424,17,15476,2412
424,18,16536,2584
424,19,17572,2684
424,20,18446,2870
424,21,19198,3052
424,22,19964,3180
424,23,20848,3346
424,24,21444,3630
424,25,21866,3992
424,26,22286,4170
424,27,22518,4228
424,28,22646,4302
424,29,22666,4346
425,-1,3396,1144
425,0,34,52
425,1,82,88
425,2,154,162
425,3,234,240
425,4,342,330
425,5,498,436
425,6,660,552
425,7,846,664
425,8,1072,756
425,9,1338,802
425,10,1630,862
425,11,1984,950
425,12,2384,994
425,13,2772,1038
425,14,3156,1084
425,15,3542,1148
425,16,3920,1206
425,17,4300,1262
425,18,4646,1328
425,19,4952,1382
425,20,5268,1464
425,21,5564,1536
425,22,5848,1608
425,23,6118,1738
425,24,6360,1852
425,25,6562,1954
425,26,6692,2122
425,27,6754,2202
425,28,6780,2252
425,29,6792,2286
426,-1,4034,1136
426,0,22,36
426,1,90,100
426,2,242,172
426,3,440,242
426,4,666,322
426,5,1014,464
426,6,1364,568
426,7,1776,632
426,8,2178,676
426,9,2520,758
426,10,2846,844
426,11,3178,922
426,12,3514,998
426,13,3936,1104
426,14,4450,1242
426,15,4952,1340
426,16,5396,1414
426,17,5838,1550
426,18,6244,1656
426,19,6586,1734
426,20,6912,1796
426,21,7182,1900
426,22,7360,1962
426,23,7532,2004
426,24,7694,2030
426,25,7852,2068
426,26,7970,2126
426,27,8044,2212
426,28,8062,2252
426,29,8068,2270
427,-1,3344,942
427,0,44,56
427,1,140,170
427,2,288,282
427,3,516,370
427,4,790,448
427,5,1060,516
427,6,1368,536
427,7,1684,558
427,8,1958,612
427,9,2180,648
427,10,2396,688
427,11,2646,796
427,12,3034,946
427,13,3424,1050
427,14,3770,1142
427,15,4116,1232
427,16,4474,1302
427,17,4812,1342
427,18,5116,1376
427,19,5398,1398
427,20,5636,1484
427,21,5826,1536
427,22,6012,1610
427,23,6182,1684
427,24,6324,1710
427,25,6460,1732
427,26,6576,1774
427,27,6654,1836
427,28,6678,1858
427,29,6688,1882
428,-1,7430,2136
428,0,68,72
428,1,142,122
428,2,256,212
428,3,388,294
428,4,590,368
428,5,832,466
428,6,1234,570
428,7,1800,750
428,8,2558,840
428,9,3470,1014
428,10,4306,1202
428,11,4910,1336
428,12,5470,1478
428,13,6022,1662
428,14,6390,1852
428,15,6696,1912
428,16,6958,1980
428,17,7246,2140
428,18,7756,2338
428,19,8274,2552
428,20,8808,2686
428,21,9746,2932
428,22,10490,3166
428,23,11312,3366
428,24,12260,3520
428,25,13254,3634
428,26,14066,3794
428,27,14528,4018
428,28,14734,4190
428,29,14860,4270
429,-1,3404,736
429,0,64,80
429,1,196,180
429,2,398,288
429,3,722,386
429,4,1130,472
429,5,1608,580
429,6,2070,666
429,7,2526,716
429,8,2984,762
429,9,3276,774
429,10,3578,800
429,11,3882,840
429,12,4188,878
429,13,4486,914
429,14,4768,926
429,15,5056,940
429,16,5344,974
429,17,5616,1028
429,18,5862,1046
429,19,6098,1064
429,20,6280,1142
429,21,6424,1224
429,22,6532,1286
429,23,6602,1322
429,24,6676,1336
429,25,6728,1396
429,26,6758,1422
429,27,6784,1434
429,28,6800,1452
429,29,6808,1470
430,-1,5107,1474
430,0,40,68
430,1,134,130
430,2,316,324
430,3,648,506
430,4,1046,594
430,5,1416,680
430,6,1888,770
430,7,2354,874
430,8,2984,990
430,9,3694,1102
430,10,4254,1214
430,11,4828,1366
430,12,5484,1474
430,13,6116,1634
430,14,6706,1764
430,15,7286,1968
430,16,7752,2138
430,17,8210,2274
430,18,8660,2368
430,19,9050,2474
430,20,9358,2526
430,21,9580,2598
430,22,9742,2678
430,23,9886,2740
430,24,9994,2768
430,25,10100,2804
430,26,10118,2858
430,27,10148,2892
430,28,10184,2912
430,29,10214,2942
431,-1,3331,1092
431,0,70,68
431,1,234,160
431,2,400,216
431,3,536,262
431,4,672,294
431,5,812,346
431,6,984,438
431,7,1166,518
431,8,1400,606
431,9,1634,684
431,10,1830,776
431,11,2016,824
431,12,2220,906
431,13,2442,996
431,14,2772,1114
431,15,3142,1134
431,16,3516,1168
431,17,3914,1192
431,18,4340,1246
431,19,4810,1378
431,20,5262,1526
431,21,5626,1674
431,22,5904,1764
431,23,6104,1846
431,24,6296,1914
431,25,6458,1968
431,26,6538,2044
431,27,6586,2096
431,28,6648,2144
431,29,6662,2182
432,-1,4587,1606
432,0,44,48
432,1,114,130
432,2,226,294
432,3,472,460
432,4,866,626
432,5,1252,744
432,6,1524,882
432,7,1660,942
432,8,1864,1046
432,9,2118,1184
432,10,2424,1408
432,11,2822,1572
432,12,3422,1682
432,13,4126,1754
432,14,4866,1778
432,15,5556,1856
432,16,6136,1980
432,17,6620,2134
432,18,6994,2268
432,19,7366,2388
432,20,7664,2466
432,21,7954,2544
432,22,8226,2650
432,23,8450,2774
432,24,8652,2878
432,25,8828,2960
432,26,8972,3026
432,27,9088,3088
432,28,9152,3172
432,29,9174,3210
433,-1,3516,1166
433,0,30,48
433,1,104,96
433,2,210,142
433,3,286,182
433,4,400,254
433,5,552,366
433,6,808,452
433,7,1142,512
433,8,1472,550
433,9,1820,606
433,10,2174,726
433,11,2650,806
433,12,2972,880
433,13,3236,958
433,14,3450,1018
433,15,3722,1110
433,16,3996,1168
433,17,4256,1288
433,18,4572,1418
433,19,4890,1488
433,20,5224,1514
433,21,5536,1582
433,22,5856,1702
433,23,6258,1846
433,24,6596,1966
433,25,6812,2132
433,26,6930,2166
433,27,6980,2262
433,28,7004,2296
433,29,7032,2326
434,-1,4037,1166
434,0,40,66
434,1,156,124
434,2,320,168
434,3,514,202
434,4,716,244
434,5,976,336
434,6,1324,396
434,7,1708,508
434,8,2162,624
434,9,2700,702
434,10,3246,784
434,11,3764,822
434,12,4254,850
434,13,4696,926
434,14,5080,1040
434,15,5440,1092
434,16,5792,1218
434,17,6136,1340
434,18,6516,1410
434,19,6842,1562
434,20,7128,1672
434,21,7406,1842
434,22,7590,2028
434,23,7708,2106
434,24,7810,2146
434,25,7900,2178
434,26,7966,2252
434,27,8016,2276
434,28,8054,2302
434,29,8074,2330
435,-1,72682,6584
435,0,236,172
435,1,980,680
435,2,2910,1084
435,3,5266,1488
435,4,8326,2344
435,5,12534,2874
435,6,17722,3154
435,7,23600,3562
435,8,29932,4110
435,9,36118,4764
435,10,42078,5206
435,11,49346,5684
435,12,57024,6088
435,13,64336,6588
435,14,71576,6924
435,15,78500,7204
435,16,85488,7636
435,17,92248,8208
435,18,99054,8402
435,19,105444,8644
435,20,111466,8826
435,21,117528,9374
435,22,122852,10096
435,23,127682,10664
435,24,132252,10878
435,25,136378,11336
435,26,140204,11592
435,27,143462,12066
435,28,144956,12826
435,29,145364,13166
436,-1,3398,870
436,0,64,72
436,1,192,106
436,2,314,132
436,3,472,190
436,4,722,366
436,5,904,540
436,6,1062,658
436,7,1318,752
436,8,1568,804
436,9,1824,856
436,10,2102,880
436,11,2388,902
436,12,2708,932
436,13,3036,964
436,14,3388,1012
436,15,3732,1038
436,16,4046,1072
436,17,4324,1102
436,18,4622,1152
436,19,4918,1240
436,20,5202,1292
436,21,5428,1376
436,22,5690,1416
436,23,5952,1440
436,24,6196,1476
436,25,6414,1548
436,26,6576,1600
436,27,6710,1620
436,28,6776,1706
436,29,6796,1736
437,-1,19169,3086
437,0,64,82
437,1,370,336
437,2,978,548
437,3,1736,676
437,4,2578,854
437,5,3778,1088
437,6,5000,1248
437,7,6210,1420
437,8,7434,1566
437,9,8838,1726
437,10,10508,1976
437,11,12482,2166
437,12,14722,2448
437,13,17134,2678
437,14,19620,2758
437,15,21978,2904
437,16,24082,3290
437,17,26148,3604
437,18,28242,3854
437,19,30280,4110
437,20,32032,4412
437,21,33520,4730
437,22,34896,5094
437,23,36024,5420
437,24,36752,5594
437,25,37320,5752
437,26,37700,5858
437,27,38052,5904
437,28,38268,6064
437,29,38338,6166
438,-1,4686,1444
438,0,38,48
438,1,112,134
438,2,270,180
438,3,442,222
438,4,594,274
438,5,804,346
438,6,1082,436
438,7,1484,494
438,8,1954,576
438,9,2486,704
438,10,3016,784
438,11,3662,916
438,12,4348,1044
438,13,4928,1266
438,14,5222,1472
438,15,5424,1672
438,16,5740,1842
438,17,6146,1998
438,18,6686,2146
438,19,7218,2298
438,20,7668,2362
438,21,8036,2404
438,22,8322,2472
438,23,8556,2536
438,24,8808,2658
438,25,9016,2724
438,26,9192,2770
438,27,9276,2824
438,28,9324,2850
438,29,9372,2878
439,-1,4172,1148
439,0,34,36
439,1,114,68
439,2,200,118
439,3,258,182
439,4,332,276
439,5,516,328
439,6,756,392
439,7,1076,498
439,8,1480,632
439,9,1914,726
439,10,2378,804
439,11,2748,878
439,12,3110,952
439,13,3466,1046
439,14,3826,1128
439,15,4288,1242
439,16,4738,1320
439,17,5152,1414
439,18,5580,1476
439,19,6014,1514
439,20,6428,1566
439,21,6812,1652
439,22,7214,1748
439,23,7608,1846
439,24,7888,1994
439,25,8056,2078
439,26,8198,2148
439,27,8286,2214
439,28,8332,2268
439,29,8344,2294
440,-1,9581,1812
440,0,26,38
440,1,142,176
440,2,546,320
440,3,1048,372
440,4,1564,482
440,5,2100,680
440,6,2854,956
440,7,3862,1130
440,8,4926,1186
440,9,5918,1294
440,10,6920,1410
440,11,8074,1572
440,12,9268,1758
440,13,10400,1804
440,14,11502,1878
440,15,12536,1940
440,16,13602,2108
440,17,14724,2236
440,18,15464,2430
440,19,16082,2594
440,20,16608,2720
440,21,17174,2860
440,22,17736,2996
440,23,18294,3152
440,24,18662,3250
440,25,18822,3366
440,26,18910,3428
440,27,19034,3484
440,28,19118,3570
440,29,19162,3622
441,-1,18544,3220
441,0,172,130
441,1,448,242
441,2,830,364
441,3,1284,506
441,4,1928,706
441,5,2726,926
441,6,3674,1252
441,7,5202,1452
441,8,7002,1602
441,9,9032,1880
441,10,11544,2278
441,11,14468,2570
441,12,17426,2800
441,13,20136,3246
441,14,22724,3616
441,15,25186,3926
441,16,27234,4302
441,17,29062,4626
441,18,30810,4730
441,19,32422,4924
441,20,33586,5204
441,21,34498,5380
441,22,35362,5466
441,23,36060,5552
441,24,36444,5816
441,25,36594,5996
441,26,36726,6096
441,27,36914,6198
441,28,37030,6360
441,29,37088,6434
442,-1,3325,1260
442,0,42,50
442,1,90,124
442,2,178,210
442,3,256,292
442,4,374,372
442,5,528,426
442,6,674,500
442,7,880,546
442,8,1110,584
442,9,1366,662
442,10,1664,726
442,11,2044,812
442,12,2480,860
442,13,2900,940
442,14,3308,1010
442,15,3690,1078
442,16,4110,1190
442,17,4528,1312
442,18,4926,1476
442,19,5226,1590
442,20,5472,1684
442,21,5676,1894
442,22,5864,2020
442,23,6070,2120
442,24,6256,2206
442,25,6412,2306
442,26,6530,2376
442,27,6592,2450
442,28,6624,2486
442,29,6650,2512
443,-1,5460,1534
443,0,34,58
443,1,134,160
443,2,316,222
443,3,582,294
443,4,910,416
443,5,1214,516
443,6,1460,644
443,7,1794,714
443,8,2076,808
443,9,2486,894
443,10,3052,982
443,11,3596,1128
443,12,4154,1222
443,13,4710,1396
443,14,5404,1458
443,15,6028,1544
443,16,6622,1686
443,17,7344,1896
443,18,8036,2000
443,19,8632,2054
443,20,9132,2108
443,21,9542,2172
443,22,9908,2250
443,23,10198,2364
443,24,10428,2534
443,25,10490,2626
443,26,10594,2750
443,27,10746,2896
443,28,10876,3006
443,29,10920,3066
444,-1,3701,1068
444,0,44,52
444,1,156,120
444,2,242,146
444,3,312,170
444,4,362,228
444,5,394,262
444,6,448,292
444,7,508,316
444,8,580,384
444,9,676,498
444,10,850,626
444,11,1068,786
444,12,1312,900
444,13,1662,1010
444,14,2118,1122
444,15,2576,1188
444,16,3040,1250
444,17,3496,1284
444,18,3952,1320
444,19,4384,1412
444,20,4772,1442
444,21,5188,1486
444,22,5622,1508
444,23,6042,1550
444,24,6448,1670
444,25,6778,1772
444,26,7028,1890
444,27,7200,1990
444,28,7338,2054
444,29,7402,2122
445,-1,10147,2984
445,0,164,164
445,1,580,240
445,2,1086,398
445,3,1578,524
445,4,1954,766
445,5,2560,988
445,6,3128,1100
445,7,3766,1222
445,8,4562,1332
445,9,4946,1648
445,10,5200,1790
445,11,5682,2084
445,12,6550,2346
445,13,7508,2478
445,14,8412,2606
445,15,9416,2824
445,16,10384,3380
445,17,11572,3676
445,18,12898,4022
445,19,14020,4282
445,20,14574,4564
445,21,15060,4818
445,22,15790,5042
445,23,16366,5172
445,24,17004,5338
445,25,17866,5474
445,26,18856,5558
445,27,19780,5670
445,28,20156,5872
445,29,20294,5964
446,-1,19304,3006
446,0,86,106
446,1,306,188
446,2,620,322
446,3,1298,538
446,4,2162,792
446,5,3112,1078
446,6,4214,1330
446,7,5514,1526
446,8,6770,1884
446,9,8294,2222
446,10,9816,2514
446,11,11452,2628
446,12,13034,2724
446,13,14576,2834
446,14,16166,3084
446,15,18080,3232
446,16,20006,3390
446,17,21890,3508
446,18,24080,3670
446,19,26314,3822
446,20,28726,3986
446,21,31196,4084
446,22,33402,4232
446,23,35298,4508
446,24,36892,5026
446,25,37786,5490
446,26,38204,5742
446,27,38390,5856
446,28,38542,5964
446,29,38608,6010
447,-1,5286,1328
447,0,30,54
447,1,116,96
447,2,212,178
447,3,306,238
447,4,398,302
447,5,556,378
447,6,674,542
447,7,1006,734
447,8,1468,966
447,9,1950,1110
447,10,2318,1152
447,11,2800,1280
447,12,3370,1458
447,13,4104,1586
447,14,4920,1662
447,15,5716,1724
447,16,6400,1806
447,17,7012,1886
447,18,7606,1954
447,19,8238,1990
447,20,8850,2056
447,21,9454,2102
447,22,9998,2198
447,23,10204,2336
447,24,10256,2420
447,25,10298,2492
447,26,10360,2538
447,27,10460,2574
447,28,10536,2612
447,29,10572,2654
448,-1,3354,960
448,0,52,52
448,1,158,102
448,2,240,164
448,3,298,228
448,4,374,284
448,5,548,340
448,6,848,466
448,7,1234,566
448,8,1534,630
448,9,1800,732
448,10,2104,782
448,11,2416,816
448,12,2732,856
448,13,3066,880
448,14,3422,902
448,15,3732,954
448,16,3988,1052
448,17,4178,1106
448,18,4364,1140
448,19,4588,1210
448,20,4924,1300
448,21,5288,1326
448,22,5618,1422
448,23,5944,1530
448,24,6168,1636
448,25,6380,1726
448,26,6504,1790
448,27,6594,1816
448,28,6672,1866
448,29,6708,1914
449,-1,19575,3440
449,0,314,218
449,1,1132,412
449,2,2100,664
449,3,3476,996
449,4,5054,1256
449,5,6816,1750
449,6,8388,2086
449,7,10174,2392
449,8,12078,2734
449,9,14058,3080
449,10,16182,3416
449,11,18110,3684
449,12,20130,3806
449,13,22228,3920
449,14,24318,4060
449,15,26096,4454
449,16,27680,4844
449,17,29044,4998
449,18,30328,5078
449,19,31506,5194
449,20,32860,5322
449,21,33868,5590
449,22,34650,5794
449,23,35720,5858
449,24,36786,5986
449,25,37724,6090
449,26,38498,6272
449,27,38898,6618
449,28,39116,6818
449,29,39150,6878
450,-1,3555,1258
450,0,24,38
450,1,128,102
450,2,238,132
450,3,428,224
450,4,710,306
450,5,1010,352
450,6,1282,450
450,7,1614,508
450,8,1940,608
450,9,2236,676
450,10,2528,762
450,11,2792,886
450,12,3094,984
450,13,3482,1106
450,14,3846,1220
450,15,4240,1316
450,16,4638,1390
450,17,5092,1518
450,18,5542,1682
450,19,5962,1876
450,20,6332,2026
450,21,6584,2218
450,22,6702,2292
450,23,6802,2336
450,24,6868,2366
450,25,6944,2382
450,26,7012,2402
450,27,7072,2446
450,28,7106,2494
450,29,7110,2514
451,-1,7729,1492
451,0,70,88
451,1,262,200
451,2,544,348
451,3,930,484
451,4,1298,554
451,5,1682,672
451,6,2194,788
451,7,2760,878
451,8,3414,1070
451,9,4206,1204
451,10,5056,1302
451,11,5962,1360
451,12,6898,1388
451,13,7826,1424
451,14,8728,1504
451,15,9550,1620
451,16,10312,1782
451,17,11024,1906
451,18,11804,2016
451,19,12538,2114
451,20,13060,2198
451,21,13542,2300
451,22,13986,2402
451,23,14398,2532
451,24,14750,2626
451,25,15012,2696
451,26,15218,2782
451,27,15364,2854
451,28,15440,2948
451,29,15458,2982
452,-1,3479,1076
452,0,18,32
452,1,42,74
452,2,64,108
452,3,80,134
452,4,154,218
452,5,250,274
452,6,356,306
452,7,434,360
452,8,504,424
452,9,614,540
452,10,764,630
452,11,1000,682
452,12,1272,714
452,13,1586,778
452,14,1984,892
452,15,2296,962
452,16,2668,1036
452,17,3072,1112
452,18,3456,1172
452,19,3874,1250
452,20,4338,1360
452,21,4810,1416
452,22,5222,1470
452,23,5576,1550
452,24,5882,1608
452,25,6174,1720
452,26,6464,1774
452,27,6706,1890
452,28,6876,2016
452,29,6958,2150
453,-1,8883,2498
453,0,18,34
453,1,84,130
453,2,178,218
453,3,360,326
453,4,574,488
453,5,848,708
453,6,1268,1006
453,7,1894,1266
453,8,2576,1510
453,9,3238,1790
453,10,3958,2036
453,11,4884,2288
453,12,5946,2460
453,13,7006,2610
453,14,8098,2784
453,15,9208,2880
453,16,10286,2968
453,17,11286,3132
453,18,12256,3236
453,19,13146,3372
453,20,13990,3482
453,21,14734,3690
453,22,15370,3856
453,23,15988,4082
453,24,16624,4270
453,25,17160,4438
453,26,17518,4678
453,27,17660,4874
453,28,17736,4948
453,29,17766,4990
454,-1,3093,870
454,0,22,42
454,1,48,92
454,2,128,144
454,3,272,244
454,4,498,352
454,5,782,398
454,6,1080,444
454,7,1394,486
454,8,1740,536
454,9,2096,576
454,10,2406,640
454,11,2662,678
454,12,2904,740
454,13,3172,814
454,14,3448,844
454,15,3738,892
454,16,4066,1026
454,17,4422,1106
454,18,4798,1184
454,19,5150,1224
454,20,5472,1288
454,21,5714,1398
454,22,5886,1492
454,23,5972,1538
454,24,6040,1574
454,25,6092,1604
454,26,6134,1650
454,27,6160,1690
454,28,6172,1708
454,29,6186,1734
455,-1,3651,1184
455,0,86,104
455,1,206,220
455,2,400,296
455,3,602,394
455,4,780,522
455,5,1068,660
455,6,1400,770
455,7,1836,850
455,8,2210,934
455,9,2652,1014
455,10,3178,1106
455,11,3628,1160
455,12,4032,1270
455,13,4534,1332
455,14,4928,1458
455,15,5174,1572
455,16,5412,1642
455,17,5628,1732
455,18,5810,1792
455,19,5948,1830
455,20,6086,1888
455,21,6202,1948
455,22,6358,2008
455,23,6552,2074
455,24,6752,2098
455,25,6902,2172
455,26,7018,2208
455,27,7128,2262
455,28,7248,2322
455,29,7302,2364
456,-1,7032,1904
456,0,88,48
456,1,222,122
456,2,500,216
456,3,860,280
456,4,1334,414
456,5,1976,602
456,6,2776,714
456,7,3696,818
456,8,4766,1000
456,9,5992,1278
456,10,7022,1628
456,11,7640,1974
456,12,8080,2090
456,13,8604,2176
456,14,9042,2288
456,15,9460,2462
456,16,10014,2644
456,17,10620,2710
456,18,11208,2772
456,19,11754,2844
456,20,12170,3036
456,21,12374,3214
456,22,12718,3260
456,23,12970,3338
456,24,13200,3464
456,25,13384,3530
456,26,13604,3590
456,27,13842,3642
456,28,14000,3746
456,29,14064,3804
457,-1,25567,3790
457,0,316,282
457,1,972,478
457,2,1676,572
457,3,2526,714
457,4,3648,880
457,5,4834,1032
457,6,6190,1376
457,7,7738,1598
457,8,9794,2008
457,9,11986,2312
457,10,14214,2618
457,11,16654,2896
457,12,19868,3290
457,13,23616,3574
457,14,27612,3798
457,15,31612,3946
457,16,35516,4492
457,17,38130,5116
457,18,40216,5376
457,19,42452,5730
457,20,44000,6014
457,21,45284,6246
457,22,46058,6392
457,23,47014,6522
457,24,48030,6632
457,25,49020,6850
457,26,49986,7062
457,27,50786,7320
457,28,51020,7490
457,29,51134,7574
458,-1,7791,1934
458,0,92,78
458,1,362,166
458,2,700,256
458,3,1042,342
458,4,1308,436
458,5,1520,482
458,6,1810,624
458,7,2132,788
458,8,2578,928
458,9,3284,1100
458,10,4076,1168
458,11,4852,1244
458,12,5464,1446
458,13,6246,1762
458,14,7220,2008
458,15,8100,2262
458,16,8840,2334
458,17,9810,2466
458,18,10838,2530
458,19,11814,2600
458,20,12762,2688
458,21,13676,2778
458,22,14448,2968
458,23,14848,3208
458,24,15144,3450
458,25,15348,3602
458,26,15434,3674
458,27,15502,3758
458,28,15556,3818
458,29,15582,3862
459,-1,3079,1220
459,0,56,64
459,1,164,162
459,2,312,234
459,3,446,304
459,4,570,476
459,5,696,524
459,6,836,572
459,7,1024,634
459,8,1262,738
459,9,1574,854
459,10,1922,940
459,11,2336,1060
459,12,2780,1188
459,13,3216,1286
459,14,3622,1354
459,15,4016,1396
459,16,4392,1518
459,17,4668,1660
459,18,4926,1744
459,19,5176,1830
459,20,5346,1906
459,21,5456,1948
459,22,5552,1974
459,23,5648,2036
459,24,5752,2066
459,25,5828,2110
459,26,5920,2220
459,27,6008,2276
459,28,6116,2346
459,29,6158,2434
460,-1,10338,2044
460,0,74,68
460,1,338,190
460,2,702,328
460,3,1096,480
460,4,1592,628
460,5,2342,820
460,6,3064,940
460,7,3686,1086
460,8,4420,1190
460,9,5232,1286
460,10,6246,1426
460,11,7032,1606
460,12,7690,1738
460,13,8324,1836
460,14,8998,1910
460,15,9834,2092
460,16,10782,2296
460,17,11824,2420
460,18,12918,2568
460,19,14092,2660
460,20,15292,2740
460,21,16464,2794
460,22,17508,2998
460,23,18338,3240
460,24,19068,3508
460,25,19728,3670
460,26,20244,3746
460,27,20548,3902
460,28,20634,4016
460,29,20676,4084
461,-1,3567,1480
461,0,32,56
461,1,130,154
461,2,246,224
461,3,374,274
461,4,520,336
461,5,752,496
461,6,1144,698
461,7,1546,838
461,8,1964,952
461,9,2324,1088
461,10,2584,1190
461,11,2824,1300
461,12,3098,1376
461,13,3382,1412
461,14,3626,1518
461,15,3842,1578
461,16,4076,1688
461,17,4382,1826
461,18,4736,1928
461,19,5096,1994
461,20,5478,2084
461,21,5816,2270
461,22,6162,2436
461,23,6468,2528
461,24,6720,2598
461,25,6896,2706
461,26,7006,2798
461,27,7070,2874
461,28,7118,2932
461,29,7134,2956
462,-1,3780,1046
462,0,16,24
462,1,78,94
462,2,208,154
462,3,400,208
462,4,630,292
462,5,910,314
462,6,1178,358
462,7,1414,448
462,8,1664,550
462,9,1992,680
462,10,2352,774
462,11,2752,848
462,12,3214,900
462,13,3694,948
462,14,4188,1004
462,15,4684,1042
462,16,5164,1096
462,17,5634,1160
462,18,6086,1226
462,19,6488,1308
462,20,6772,1422
462,21,6898,1558
462,22,6986,1678
462,23,7080,1750
462,24,7186,1808
462,25,7320,1864
462,26,7412,1926
462,27,7490,2004
462,28,7540,2048
462,29,7560,2088
463,-1,5218,1552
463,0,68,56
463,1,194,154
463,2,428,342
463,3,802,622
463,4,1312,914
463,5,2000,1156
463,6,2804,1332
463,7,3494,1428
463,8,4240,1560
463,9,5006,1658
463,10,5660,1730
463,11,6280,1754
463,12,6872,1884
463,13,7312,2066
463,14,7668,2164
463,15,8030,2268
463,16,8410,2404
463,17,8778,2500
463,18,9158,2554
463,19,9412,2614
463,20,9648,2680
463,21,9830,2736
463,22,9964,2782
463,23,10060,2868
463,24,10178,2916
463,25,10292,2974
463,26,10358,3002
463,27,10406,3048
463,28,10424,3076
463,29,10436,3102
464,-1,3389,986
464,0,32,30
464,1,58,66
464,2,166,166
464,3,380,298
464,4,700,456
464,5,1058,562
464,6,1348,594
464,7,1614,624
464,8,1858,652
464,9,2120,696
464,10,2426,740
464,11,2748,822
464,12,3076,892
464,13,3370,958
464,14,3746,1048
464,15,4140,1088
464,16,4486,1148
464,17,4852,1180
464,18,5186,1250
464,19,5470,1354
464,20,5706,1422
464,21,5908,1464
464,22,6106,1528
464,23,6258,1588
464,24,6368,1646
464,25,6456,1710
464,26,6568,1756
464,27,6680,1838
464,28,6756,1920
464,29,6778,1968
465,-1,3032,1028
465,0,20,44
465,1,128,152
465,2,316,244
465,3,544,312
465,4,764,442
465,5,984,508
465,6,1232,588
465,7,1538,698
465,8,1888,838
465,9,2204,928
465,10,2474,990
465,11,2774,1026
465,12,3092,1052
465,13,3330,1116
465,14,3464,1220
465,15,3488,1284
465,16,3572,1364
465,17,3740,1406
465,18,3942,1468
465,19,4162,1528
465,20,4450,1588
465,21,4772,1634
465,22,5118,1670
465,23,5462,1696
465,24,5692,1756
465,25,5820,1860
465,26,5910,1920
465,27,5992,1972
465,28,6050,2024
465,29,6064,2052
466,-1,8656,1968
466,0,36,60
466,1,112,140
466,2,216,206
466,3,414,312
466,4,782,434
466,5,1306,596
466,6,1922,696
466,7,2614,800
466,8,3526,884
466,9,4396,968
466,10,5346,1064
466,11,6312,1136
466,12,7294,1266
466,13,8420,1482
466,14,9564,1756
466,15,10688,1988
466,16,11682,2134
466,17,12698,2248
466,18,13608,2390
466,19,14334,2510
466,20,14946,2650
466,21,15436,2772
466,22,15884,2892
466,23,16144,3010
466,24,16380,3176
466,25,16536,3366
466,26,16884,3598
466,27,17214,3826
466,28,17286,3900
466,29,17312,3934
467,-1,5447,1590
467,0,16,30
467,1,90,90
467,2,178,134
467,3,384,318
467,4,748,440
467,5,1128,664
467,6,1568,960
467,7,2132,1196
467,8,2642,1370
467,9,3120,1536
467,10,3564,1648
467,11,4098,1744
467,12,4698,1800
467,13,5346,1848
467,14,5996,1936
467,15,6608,2042
467,16,7212,2136
467,17,7802,2250
467,18,8310,2338
467,19,8776,2404
467,20,9180,2544
467,21,9492,2628
467,22,9748,2662
467,23,10026,2740
467,24,10286,2830
467,25,10492,2898
467,26,10666,2946
467,27,10814,3040
467,28,10882,3146
467,29,10894,3178
468,-1,3110,962
468,0,20,22
468,1,112,108
468,2,328,268
468,3,582,354
468,4,856,388
468,5,1156,448
468,6,1496,532
468,7,1848,572
468,8,2200,612
468,9,2546,634
468,10,2898,712
468,11,3296,842
468,12,3778,968
468,13,4154,1166
468,14,4464,1352
468,15,4716,1472
468,16,4928,1532
468,17,5094,1562
468,18,5278,1602
468,19,5476,1630
468,20,5592,1668
468,21,5692,1696
468,22,5802,1728
468,23,5918,1748
468,24,6018,1798
468,25,6086,1850
468,26,6128,1864
468,27,6168,1876
468,28,6204,1892
468,29,6220,1918
469,-1,14225,3088
469,0,118,116
469,1,486,308
469,2,806,470
469,3,1192,682
469,4,1812,876
469,5,2448,1078
469,6,3200,1286
469,7,4166,1504
469,8,5530,1710
469,9,7266,2216
469,10,8968,2534
469,11,10514,2790
469,12,12340,3146
469,13,14164,3294
469,14,15936,3442
469,15,17648,3598
469,16,19106,3868
469,17,20326,4128
469,18,21358,4284
469,19,22252,4452
469,20,23244,4534
469,21,23950,4770
469,22,24524,5038
469,23,25116,5242
469,24,25870,5398
469,25,26588,5554
469,26,27288,5660
469,27,27936,5790
469,28,28352,6030
469,29,28450,6172
470,-1,5603,1328
470,0,36,42
470,1,144,122
470,2,436,242
470,3,760,398
470,4,1110,484
470,5,1434,530
470,6,1878,592
470,7,2366,632
470,8,2902,732
470,9,3466,860
470,10,4086,932
470,11,4650,1080
470,12,5194,1190
470,13,5666,1248
470,14,6086,1322
470,15,6510,1414
470,16,6900,1454
470,17,7318,1506
470,18,7778,1652
470,19,8282,1742
470,20,8782,1828
470,21,9236,1934
470,22,9686,2006
470,23,10060,2118
470,24,10384,2214
470,25,10648,2294
470,26,10892,2364
470,27,11066,2468
470,28,11156,2588
470,29,11206,2648
471,-1,3275,812
471,0,20,42
471,1,120,150
471,2,286,252
471,3,470,326
471,4,718,432
471,5,1064,534
471,6,1438,600
471,7,1844,650
471,8,2224,692
471,9,2604,762
471,10,3018,820
471,11,3434,842
471,12,3762,958
471,13,4086,1044
471,14,4390,1106
471,15,4700,1138
471,16,4964,1192
471,17,5160,1238
471,18,5296,1264
471,19,5452,1280
471,20,5608,1294
471,21,5760,1316
471,22,5914,1338
471,23,6050,1372
471,24,6194,1398
471,25,6336,1422
471,26,6444,1474
471,27,6510,1540
471,28,6534,1600
471,29,6550,1616
472,-1,3587,990
472,0,80,70
472,1,232,156
472,2,406,262
472,3,656,334
472,4,928,384
472,5,1276,496
472,6,1748,612
472,7,2264,680
472,8,2848,776
472,9,3500,838
472,10,4062,976
472,11,4528,1092
472,12,4794,1198
472,13,5042,1318
472,14,5196,1388
472,15,5316,1428
472,16,5452,1470
472,17,5570,1492
472,18,5690,1520
472,19,5846,1570
472,20,6016,1606
472,21,6204,1646
472,22,6404,1694
472,23,6628,1716
472,24,6806,1768
472,25,6914,1840
472,26,7032,1866
472,27,7122,1902
472,28,7164,1956
472,29,7174,1978
473,-1,16479,2678
473,0,122,152
473,1,380,294
473,2,984,460
473,3,1716,630
473,4,2760,872
473,5,4198,1020
473,6,5412,1118
473,7,6850,1338
473,8,8896,1474
473,9,11168,1616
473,10,13700,1776
473,11,16142,1970
473,12,18108,2248
473,13,20080,2536
473,14,21894,2898
473,15,23076,3108
473,16,24296,3244
473,17,25502,3358
473,18,26574,3474
473,19,27578,3562
473,20,28482,3636
473,21,29126,3806
473,22,29400,3956
473,23,29810,4164
473,24,30352,4402
473,25,31012,4558
473,26,31682,4754
473,27,32230,5020
473,28,32718,5172
473,29,32958,5354
474,-1,23478,4244
474,0,90,100
474,1,308,236
474,2,544,434
474,3,988,876
474,4,1980,1170
474,5,3358,1342
474,6,5016,1648
474,7,6740,1874
474,8,8374,2056
474,9,9850,2268
474,10,11566,2524
474,11,13354,2704
474,12,15292,2856
474,13,17326,3018
474,14,19612,3404
474,15,22030,3802
474,16,24784,3970
474,17,27754,4226
474,18,30680,4580
474,19,33502,4728
474,20,36114,5040
474,21,38352,5572
474,22,40446,5966
474,23,42272,6416
474,24,43752,6812
474,25,44934,7232
474,26,45818,7676
474,27,46430,7978
474,28,46842,8318
474,29,46956,8484
475,-1,3585,1110
475,0,24,22
475,1,66,68
475,2,150,132
475,3,252,242
475,4,422,332
475,5,616,416
475,6,930,582
475,7,1294,730
475,8,1714,880
475,9,2144,1010
475,10,2612,1126
475,11,3044,1228
475,12,3464,1304
475,13,3874,1372
475,14,4206,1414
475,15,4526,1454
475,16,4860,1512
475,17,5200,1576
475,18,5510,1614
475,19,5820,1644
475,20,6100,1728
475,21,6414,1814
475,22,6602,1864
475,23,6776,1922
475,24,6934,1984
475,25,7052,2064
475,26,7106,2132
475,27,7142,2170
475,28,7166,2204
475,29,7170,2218
476,-1,4033,1086
476,0,38,34
476,1,94,104
476,2,218,178
476,3,436,296
476,4,732,414
476,5,1068,506
476,6,1466,556
476,7,1844,606
476,8,2178,666
476,9,2516,762
476,10,2912,814
476,11,3382,890
476,12,3880,946
476,13,4370,968
476,14,4852,1002
476,15,5322,1072
476,16,5830,1134
476,17,6320,1194
476,18,6778,1310
476,19,7120,1448
476,20,7362,1584
476,21,7572,1722
476,22,7700,1896
476,23,7820,1984
476,24,7932,2052
476,25,7976,2082
476,26,8022,2098
476,27,8046,2136
476,28,8062,2158
476,29,8066,2170
477,-1,3005,1010
477,0,44,64
477,1,176,178
477,2,378,222
477,3,620,304
477,4,880,376
477,5,1172,472
477,6,1524,606
477,7,1924,706
477,8,2162,752
477,9,2398,818
477,10,2594,890
477,11,2774,952
477,12,2992,1010
477,13,3216,1034
477,14,3440,1058
477,15,3668,1072
477,16,3898,1110
477,17,4148,1168
477,18,4400,1200
477,19,4638,1268
477,20,4882,1362
477,21,5160,1432
477,22,5430,1522
477,23,5642,1646
477,24,5776,1758
477,25,5872,1856
477,26,5928,1920
477,27,5970,1964
477,28,5998,1992
477,29,6010,2018
478,-1,3127,888
478,0,60,76
478,1,242,120
478,2,406,150
478,3,588,186
478,4,772,210
478,5,964,232
478,6,1164,248
478,7,1378,292
478,8,1672,358
478,9,1988,424
478,10,2340,468
478,11,2648,544
478,12,2958,602
478,13,3278,652
478,14,3620,732
478,15,3958,830
478,16,4294,904
478,17,4600,1032
478,18,4822,1160
478,19,4992,1264
478,20,5122,1354
478,21,5280,1444
478,22,5492,1492
478,23,5714,1540
478,24,5892,1580
478,25,6046,1650
478,26,6136,1698
478,27,6208,1724
478,28,6242,1756
478,29,6254,1774
479,-1,3650,1028
479,0,40,66
479,1,114,128
479,2,184,146
479,3,256,176
479,4,340,228
479,5,442,250
479,6,550,298
479,7,666,328
479,8,794,360
479,9,992,458
479,10,1204,622
479,11,1518,794
479,12,1934,890
479,13,2400,968
479,14,2866,1036
479,15,3346,1082
479,16,3814,1106
479,17,4258,1158
479,18,4750,1236
479,19,5278,1292
479,20,5768,1400
479,21,6192,1494
479,22,6548,1610
479,23,6770,1734
479,24,6954,1812
479,25,7092,1906
479,26,7168,1948
479,27,7232,1990
479,28,7272,2022
479,29,7300,2044
480,-1,5975,1370
480,0,30,46
480,1,86,132
480,2,174,236
480,3,438,336
480,4,672,476
480,5,1004,640
480,6,1544,824
480,7,2030,1024
480,8,2692,1140
480,9,3360,1234
480,10,4074,1288
480,11,4790,1334
480,12,5512,1380
480,13,6284,1422
480,14,7008,1484
480,15,7678,1572
480,16,8358,1676
480,17,8942,1774
480,18,9462,1910
480,19,9882,2046
480,20,10206,2188
480,21,10524,2246
480,22,10854,2272
480,23,11184,2320
480,24,11412,2422
480,25,11636,2496
480,26,11792,2590
480,27,11870,2630
480,28,11910,2692
480,29,11950,2738
481,-1,6882,1222
481,0,100,148
481,1,432,318
481,2,998,436
481,3,1602,552
481,4,2200,664
481,5,2802,734
481,6,3430,792
481,7,4108,840
481,8,4820,900
481,9,5536,1006
481,10,6288,1122
481,11,7012,1244
481,12,7692,1302
481,13,8390,1344
481,14,9140,1462
481,15,9830,1536
481,16,10600,1604
481,17,11364,1650
481,18,12048,1746
481,19,12420,1848
481,20,12810,1928
481,21,13136,2004
481,22,13362,2110
481,23,13512,2210
481,24,13604,2254
481,25,13652,2306
481,26,13676,2328
481,27,13708,2362
481,28,13740,2398
481,29,13764,2440
482,-1,60483,6452
482,0,634,462
482,1,2284,948
482,2,3608,1292
482,3,4684,1518
482,4,5810,1806
482,5,7700,2406
482,6,9868,2836
482,7,12560,3480
482,8,16122,4018
482,9,20914,4594
482,10,26110,5100
482,11,31858,5738
482,12,37992,6114
482,13,44650,6466
482,14,51772,6808
482,15,59180,7240
482,16,66976,7506
482,17,74120,8228
482,18,80296,8488
482,19,86232,8638
482,20,92428,8874
482,21,98248,9480
482,22,103632,9944
482,23,108352,10384
482,24,112264,11000
482,25,115046,11452
482,26,117298,11706
482,27,119012,11978
482,28,120350,12352
482,29,120966,12900
483,-1,4700,1204
483,0,64,46
483,1,184,80
483,2,308,110
483,3,422,164
483,4,570,228
483,5,784,282
483,6,1028,342
483,7,1272,440
483,8,1572,528
483,9,1974,612
483,10,2376,664
483,11,2772,714
483,12,3186,790
483,13,3564,864
483,14,4008,956
483,15,4510,1080
483,16,5070,1178
483,17,5676,1234
483,18,6272,1336
483,19,6896,1452
483,20,7362,1530
483,21,7782,1618
483,22,8152,1732
483,23,8450,1876
483,24,8774,2034
483,25,9018,2174
483,26,9156,2282
483,27,9268,2318
483,28,9366,2352
483,29,9400,2406
484,-1,251476,14114
484,0,1578,988
484,1,7014,2680
484,2,14486,4228
484,3,24662,5592
484,4,40868,6932
484,5,58908,8786
484,6,77692,9854
484,7,96240,10346
484,8,115068,10806
484,9,133252,11706
484,10,152070,12700
484,11,172804,13728
484,12,194418,14632
484,13,215868,15336
484,14,237952,15732
484,15,260858,16202
484,16,281930,17056
484,17,303916,17662
484,18,327136,17986
484,19,351236,18442
484,20,375550,18814
484,21,398544,19284
484,22,420294,19978
484,23,441610,20510
484,24,462252,21450
484,25,479200,22588
484,26,492584,24378
484,27,499460,26870
484,28,502018,27838
484,29,502952,28226
485,-1,5719,1764
485,0,144,98
485,1,550,232
485,2,1042,336
485,3,1600,428
485,4,2326,510
485,5,3098,618
485,6,3858,686
485,7,4586,766
485,8,5136,890
485,9,5528,1020
485,10,5752,1140
485,11,5976,1302
485,12,6234,1426
485,13,6562,1562
485,14,6854,1742
485,15,7102,1942
485,16,7546,2008
485,17,8066,2112
485,18,8368,2256
485,19,8636,2302
485,20,8888,2360
485,21,9062,2466
485,22,9220,2534
485,23,9502,2732
485,24,9886,2936
485,25,10380,3142
485,26,10840,3274
485,27,11176,3386
485,28,11350,3468
485,29,11438,3520
486,-1,5763,1552
486,0,36,50
486,1,134,108
486,2,394,270
486,3,770,358
486,4,1172,444
486,5,1598,626
486,6,2018,730
486,7,2444,810
486,8,3048,1098
486,9,3796,1312
486,10,4504,1534
486,11,5068,1782
486,12,5592,1866
486,13,6036,1996
486,14,6494,2108
486,15,6952,2166
486,16,7394,2200
486,17,7850,2252
486,18,8344,2314
486,19,8786,2412
486,20,9236,2448
486,21,9656,2498
486,22,10086,2538
486,23,10466,2632
486,24,10810,2730
486,25,11032,2842
486,26,11218,2902
486,27,11382,2946
486,28,11500,3052
486,29,11526,3102
487,-1,3469,1198
487,0,30,54
487,1,54,98
487,2,130,152
487,3,280,216
487,4,442,294
487,5,606,336
487,6,768,430
487,7,890,556
487,8,1210,768
487,9,1738,920
487,10,2298,960
487,11,2880,994
487,12,3358,1130
487,13,3704,1252
487,14,3952,1340
487,15,4222,1434
487,16,4544,1538
487,17,4866,1658
487,18,5146,1754
487,19,5382,1824
487,20,5598,1880
487,21,5794,1918
487,22,6020,1950
487,23,6258,1996
487,24,6482,2040
487,25,6662,2102
487,26,6792,2192
487,27,6874,2322
487,28,6918,2372
487,29,6938,2392
488,-1,10589,2148
488,0,90,108
488,1,402,242
488,2,828,422
488,3,1486,590
488,4,2292,680
488,5,3036,742
488,6,3644,822
488,7,4322,886
488,8,5088,952
488,9,5904,1090
488,10,6634,1222
488,11,7278,1392
488,12,7932,1488
488,13,8564,1586
488,14,9272,1698
488,15,10170,1772
488,16,11056,2006
488,17,11974,2264
488,18,13044,2520
488,19,14254,2650
488,20,15420,2800
488,21,16478,2912
488,22,17426,3156
488,23,18336,3292
488,24,19184,3486
488,25,19742,3740
488,26,20218,3900
488,27,20656,4014
488,28,21056,4144
488,29,21178,4294
489,-1,3003,840
489,0,66,56
489,1,234,114
489,2,386,144
489,3,574,180
489,4,738,212
489,5,926,242
489,6,1116,270
489,7,1292,316
489,8,1496,362
489,9,1722,388
489,10,1956,438
489,11,2172,482
489,12,2352,530
489,13,2520,588
489,14,2696,682
489,15,2894,726
489,16,3106,784
489,17,3316,826
489,18,3538,910
489,19,3830,962
489,20,4124,984
489,21,4416,1008
489,22,4680,1040
489,23,4948,1070
489,24,5224,1110
489,25,5446,1204
489,26,5684,1316
489,27,5862,1468
489,28,5968,1622
489,29,6006,1678
490,-1,7926,1584
490,0,36,54
490,1,312,220
490,2,758,302
490,3,1374,446
490,4,2176,574
490,5,3138,704
490,6,4072,850
490,7,4750,1052
490,8,5424,1218
490,9,5900,1280
490,10,6390,1334
490,11,6904,1378
490,12,7434,1422
490,13,7952,1464
490,14,8478,1536
490,15,9050,1592
490,16,9622,1648
490,17,10220,1690
490,18,10884,1778
490,19,11546,1908
490,20,12204,2030
490,21,12912,2136
490,22,13606,2252
490,23,14226,2372
490,24,14696,2512
490,25,15076,2628
490,26,15398,2770
490,27,15622,2922
490,28,15792,3056
490,29,15852,3166
491,-1,5129,1788
491,0,116,108
491,1,356,196
491,2,562,356
491,3,858,550
491,4,1204,842
491,5,1756,1068
491,6,2210,1314
491,7,2496,1470
491,8,2708,1538
491,9,2940,1668
491,10,3288,1752
491,11,3662,1878
491,12,4050,1952
491,13,4466,2006
491,14,4890,2090
491,15,5268,2170
491,16,5572,2264
491,17,5876,2390
491,18,6168,2474
491,19,6526,2534
491,20,6856,2588
491,21,7092,2686
491,22,7368,2830
491,23,7828,2964
491,24,8362,3032
491,25,8910,3074
491,26,9456,3118
491,27,9928,3252
491,28,10176,3478
491,29,10258,3570
492,-1,8470,1976
492,0,158,120
492,1,506,226
492,2,1006,290
492,3,1544,520
492,4,2202,688
492,5,2656,834
492,6,3120,922
492,7,3560,1044
492,8,4016,1174
492,9,4488,1372
492,10,5104,1478
492,11,5790,1534
492,12,6592,1640
492,13,7518,1750
492,14,8406,1918
492,15,9188,2126
492,16,10026,2268
492,17,10934,2432
492,18,12020,2582
492,19,12876,2752
492,20,13498,2806
492,21,14136,2878
492,22,14732,2922
492,23,15394,3040
492,24,15954,3170
492,25,16238,3366
492,26,16532,3556
492,27,16748,3712
492,28,16878,3878
492,29,16940,3950
493,-1,7159,1978
493,0,104,116
493,1,322,184
493,2,584,244
493,3,868,342
493,4,1174,414
493,5,1556,532
493,6,2046,618
493,7,2564,648
493,8,3118,720
493,9,3768,800
493,10,4506,962
493,11,5344,1156
493,12,6216,1468
493,13,7018,1836
493,14,7872,2110
493,15,8732,2326
493,16,9594,2466
493,17,10490,2600
493,18,11356,2660
493,19,12140,2776
493,20,12766,3022
493,21,13134,3236
493,22,13354,3390
493,23,13510,3524
493,24,13756,3698
493,25,13988,3818
493,26,14158,3850
493,27,14252,3898
493,28,14300,3932
493,29,14318,3954
494,-1,15974,2448
494,0,174,136
494,1,590,340
494,2,968,520
494,3,1452,756
494,4,2432,942
494,5,3698,1120
494,6,5270,1372
494,7,7330,1632
494,8,9606,1770
494,9,11952,1896
494,10,14384,2230
494,11,16676,2384
494,12,18430,2486
494,13,20030,2714
494,14,21446,2838
494,15,22972,2926
494,16,24546,3078
494,17,25826,3398
494,18,26706,3660
494,19,27362,3786
494,20,28108,3844
494,21,28906,3924
494,22,29598,4036
494,23,30200,4130
494,24,30792,4198
494,25,31184,4406
494,26,31448,4576
494,27,31604,4664
494,28,31854,4758
494,29,31948,4892
495,-1,7982,1510
495,0,92,52
495,1,240,170
495,2,538,356
495,3,910,502
495,4,1432,610
495,5,2014,704
495,6,2680,768
495,7,3406,800
495,8,4136,844
495,9,4848,878
495,10,5516,1002
495,11,6178,1124
495,12,6928,1320
495,13,7724,1496
495,14,8490,1686
495,15,9210,1732
495,16,9982,1768
495,17,10792,1806
495,18,11624,1844
495,19,12432,1882
495,20,13182,1946
495,21,13836,2116
495,22,14314,2268
495,23,14680,2426
495,24,14986,2558
495,25,15286,2668
495,26,15548,2754
495,27,15764,2820
495,28,15894,2946
495,29,15964,3010
496,-1,4735,1304
496,0,82,118
496,1,346,354
496,2,758,598
496,3,1260,826
496,4,1840,958
496,5,2466,1074
496,6,3064,1176
496,7,3608,1266
496,8,4110,1316
496,9,4636,1340
496,10,5170,1390
496,11,5618,1496
496,12,5994,1552
496,13,6330,1634
496,14,6620,1688
496,15,6838,1724
496,16,7068,1782
496,17,7280,1846
496,18,7486,1920
496,19,7678,2018
496,20,7884,2104
496,21,8120,2198
496,22,8406,2240
496,23,8666,2268
496,24,8888,2318
496,25,9084,2370
496,26,9246,2408
496,27,9344,2472
496,28,9434,2544
496,29,9470,2606
497,-1,36777,5690
497,0,122,134
497,1,1044,626
497,2,3488,1062
497,3,6480,1536
497,4,8718,2052
497,5,10652,2318
497,6,12722,2534
497,7,15062,2748
497,8,17392,3532
497,9,19872,4340
497,10,22610,4560
497,11,25510,4724
497,12,28376,5316
497,13,31714,5874
497,14,34688,6350
497,15,37130,6882
497,16,40086,7134
497,17,43388,7466
497,18,46280,7810
497,19,48600,8208
497,20,51128,8494
497,21,54568,8824
497,22,58178,9388
497,23,62510,9770
497,24,65872,10180
497,25,68192,10298
497,26,70618,10634
497,27,71984,10958
497,28,73114,11164
497,29,73554,11374
498,-1,3831,1364
498,0,82,122
498,1,344,200
498,2,632,254
498,3,890,312
498,4,1142,400
498,5,1372,490
498,6,1666,618
498,7,1982,778
498,8,2300,938
498,9,2598,1058
498,10,2994,1190
498,11,3448,1332
498,12,3980,1390
498,13,4544,1492
498,14,5114,1652
498,15,5580,1790
498,16,5946,1930
498,17,6258,2050
498,18,6458,2156
498,19,6632,2252
498,20,6812,2326
498,21,7036,2390
498,22,7224,2456
498,23,7346,2530
498,24,7388,2550
498,25,7452,2580
498,26,7534,2628
498,27,7590,2652
498,28,7630,2688
498,29,7662,2720
499,-1,4976,1426
499,0,8,18
499,1,22,46
499,2,60,92
499,3,148,128
499,4,308,220
499,5,622,406
499,6,1128,680
499,7,1744,820
499,8,2446,946
499,9,3236,1058
499,10,4048,1144
499,11,4840,1260
499,12,5620,1348
499,13,6412,1502
499,14,7136,1594
499,15,7820,1694
499,16,8356,1842
499,17,8796,2026
499,18,9128,2212
499,19,9328,2326
499,20,9462,2436
499,21,9570,2514
499,22,9672,2584
499,23,9762,2630
499,24,9846,2692
499,25,9890,2762
499,26,9914,2808
499,27,9932,2824
499,28,9948,2836
499,29,9952,2850
500,-1,9263,2572
500,0,82,82
500,1,344,176
500,2,754,284
500,3,1208,356
500,4,1784,600
500,5,2548,870
500,6,3568,1154
500,7,4796,1314
500,8,6010,1420
500,9,7228,1598
500,10,8166,1890
500,11,8770,2134
500,12,9244,2272
500,13,9782,2360
500,14,10272,2428
500,15,10784,2540
500,16,11342,2682
500,17,11794,2884
500,18,12248,3082
500,19,12762,3430
500,20,13424,3694
500,21,14222,3900
500,22,15214,4060
500,23,16232,4188
500,24,17058,4434
500,25,17622,4640
500,26,17928,4804
500,27,18216,4902
500,28,18462,5046
500,29,18526,5140
501,-1,3485,894
501,0,20,30
501,1,62,78
501,2,146,150
501,3,280,222
501,4,486,350
501,5,804,462
501,6,1170,574
501,7,1606,718
501,8,2074,850
501,9,2512,908
501,10,2984,990
501,11,3516,1032
501,12,4034,1074
501,13,4528,1130
501,14,5012,1154
501,15,5482,1198
501,16,5772,1252
501,17,6036,1320
501,18,6244,1392
501,19,6396,1456
501,20,6512,1508
501,21,6616,1546
501,22,6708,1588
501,23,6776,1620
501,24,6820,1646
501,25,6856,1672
501,26,6904,1702
501,27,6938,1740
501,28,6956,1768
501,29,6970,1782
502,-1,3311,1118
502,0,24,24
502,1,92,74
502,2,222,178
502,3,474,330
502,4,798,446
502,5,1192,544
502,6,1604,632
502,7,2006,740
502,8,2370,852
502,9,2710,950
502,10,3042,1088
502,11,3400,1270
502,12,3800,1388
502,13,4160,1486
502,14,4482,1556
502,15,4760,1620
502,16,5048,1682
502,17,5246,1732
502,18,5440,1762
502,19,5642,1824
502,20,5786,1872
502,21,5936,1896
502,22,6080,1910
502,23,6210,1932
502,24,6328,1972
502,25,6416,2030
502,26,6500,2088
502,27,6580,2150
502,28,6614,2212
502,29,6622,2234
503,-1,4226,1424
503,0,20,22
503,1,60,56
503,2,130,108
503,3,200,182
503,4,340,354
503,5,604,482
503,6,964,598
503,7,1408,760
503,8,1960,862
503,9,2608,976
503,10,3270,1058
503,11,3930,1126
503,12,4574,1220
503,13,5164,1388
503,14,5746,1590
503,15,6274,1798
503,16,6678,1968
503,17,6960,2116
503,18,7186,2196
503,19,7368,2268
503,20,7526,2358
503,21,7620,2450
503,22,7716,2548
503,23,7856,2592
503,24,7986,2640
503,25,8128,2690
503,26,8260,2726
503,27,8382,2776
503,28,8430,2822
503,29,8452,2844
504,-1,3154,1256
504,0,10,22
504,1,92,86
504,2,276,200
504,3,502,252
504,4,768,288
504,5,1020,394
504,6,1252,546
504,7,1388,650
504,8,1506,746
504,9,1678,890
504,10,1882,1002
504,11,2086,1086
504,12,2336,1128
504,13,2574,1146
504,14,2798,1164
504,15,3036,1220
504,16,3314,1304
504,17,3678,1424
504,18,4110,1578
504,19,4584,1644
504,20,4980,1736
504,21,5284,1856
504,22,5508,2008
504,23,5652,2126
504,24,5798,2210
504,25,5990,2266
504,26,6152,2338
504,27,6270,2448
504,28,6300,2494
504,29,6308,2510
505,-1,4857,1860
505,0,48,64
505,1,208,166
505,2,452,286
505,3,724,372
505,4,1124,468
505,5,1600,534
505,6,2110,644
505,7,2694,766
505,8,3266,864
505,9,3922,972
505,10,4434,1250
505,11,4800,1482
505,12,5146,1686
505,13,5368,1802
505,14,5546,2024
505,15,5874,2280
505,16,6320,2452
505,17,6874,2536
505,18,7310,2708
505,19,7660,2822
505,20,8040,2856
505,21,8360,2966
505,22,8684,3072
505,23,8990,3224
505,24,9124,3334
505,25,9260,3360
505,26,9386,3466
505,27,9518,3558
505,28,9656,3650
505,29,9714,3718
506,-1,6782,2072
506,0,54,46
506,1,258,186
506,2,560,358
506,3,1030,624
506,4,1598,846
506,5,2134,1106
506,6,2596,1314
506,7,3032,1586
506,8,3618,1794
506,9,4240,2004
506,10,4840,2178
506,11,5462,2390
506,12,6222,2536
506,13,6836,2646
506,14,7412,2718
506,15,7930,2838
506,16,8416,2896
506,17,8948,2980
506,18,9590,3110
506,19,10166,3258
506,20,10726,3460
506,21,11296,3552
506,22,11824,3646
506,23,12262,3736
506,24,12614,3792
506,25,12918,3888
506,26,13144,3964
506,27,13362,4006
506,28,13500,4076
506,29,13564,4140
507,-1,3626,1290
507,0,34,44
507,1,84,78
507,2,216,190
507,3,508,264
507,4,772,310
507,5,1022,372
507,6,1298,510
507,7,1600,636
507,8,1886,724
507,9,2158,844
507,10,2424,972
507,11,2574,1136
507,12,2818,1322
507,13,3222,1464
507,14,3688,1576
507,15,4092,1644
507,16,4402,1692
507,17,4738,1764
507,18,5120,1832
507,19,5470,1894
507,20,5816,1944
507,21,6198,2040
507,22,6538,2140
507,23,6690,2282
507,24,6860,2358
507,25,7024,2404
507,26,7104,2444
507,27,7184,2476
507,28,7228,2532
507,29,7252,2572
508,-1,7063,1898
508,0,58,50
508,1,154,98
508,2,282,228
508,3,578,380
508,4,922,478
508,5,1174,660
508,6,1336,768
508,7,1564,908
508,8,1954,1040
508,9,2450,1324
508,10,3182,1564
508,11,4224,1820
508,12,5402,1994
508,13,6462,2082
508,14,7592,2166
508,15,8768,2274
508,16,9676,2338
508,17,10576,2436
508,18,11340,2640
508,19,11898,2806
508,20,12298,2926
508,21,12770,3088
508,22,13220,3210
508,23,13510,3362
508,24,13650,3442
508,25,13784,3566
508,26,13924,3634
508,27,14048,3688
508,28,14086,3740
508,29,14126,3786
509,-1,3251,1188
509,0,44,70
509,1,148,144
509,2,268,238
509,3,438,354
509,4,658,494
509,5,950,628
509,6,1348,716
509,7,1772,746
509,8,2218,794
509,9,2716,876
509,10,3186,966
509,11,3562,1068
509,12,3892,1170
509,13,4182,1256
509,14,4410,1338
509,15,4600,1434
509,16,4700,1544
509,17,4774,1582
509,18,4862,1614
509,19,4954,1686
509,20,5138,1830
509,21,5418,1946
509,22,5726,1976
509,23,5994,2048
509,24,6136,2138
509,25,6242,2186
509,26,6322,2230
509,27,6416,2264
509,28,6478,2318
509,29,6502,2372
510,-1,3270,1056
510,0,40,70
510,1,180,144
510,2,282,226
510,3,332,308
510,4,438,356
510,5,560,394
510,6,700,468
510,7,932,526
510,8,1246,598
510,9,1640,704
510,10,2102,814
510,11,2560,920
510,12,3008,1082
510,13,3524,1248
510,14,4006,1360
510,15,4476,1544
510,16,4824,1682
510,17,5044,1746
510,18,5256,1780
510,19,5444,1806
510,20,5618,1842
510,21,5792,1888
510,22,5916,1914
510,23,6034,1936
510,24,6144,1958
510,25,6242,1980
510,26,6332,2008
510,27,6424,2028
510,28,6510,2056
510,29,6540,2110
511,-1,351528,19862
511,0,2344,1236
511,1,10108,2560
511,2,24010,4502
511,3,37952,6356
511,4,54236,9260
511,5,76846,10624
511,6,101880,12046
511,7,129380,12620
511,8,156386,13068
511,9,184322,13506
511,10,211412,13978
511,11,242136,15490
511,12,279018,17276
511,13,318560,18158
511,14,358008,18624
511,15,395732,19516
511,16,428550,21020
511,17,455376,22494
511,18,479744,22932
511,19,503912,23490
511,20,527724,24184
511,21,550524,25168
511,22,574678,26396
511,23,598990,27796
511,24,622014,29224
511,25,644854,30694
511,26,667336,33098
511,27,686508,35192
511,28,699506,37970
511,29,703056,39722
512,-1,3459,926
512,0,16,38
512,1,104,144
512,2,218,226
512,3,380,292
512,4,574,338
512,5,794,416
512,6,1080,512
512,7,1390,566
512,8,1726,622
512,9,2056,664
512,10,2394,690
512,11,2708,738
512,12,3020,778
512,13,3314,842
512,14,3562,904
512,15,3858,1000
512,16,4174,1070
512,17,4458,1184
512,18,4774,1256
512,19,5082,1332
512,20,5338,1430
512,21,5630,1462
512,22,5922,1488
512,23,6240,1514
512,24,6544,1568
512,25,6772,1686
512,26,6860,1764
512,27,6894,1810
512,28,6910,1830
512,29,6918,1848
513,-1,22593,3480
513,0,226,174
513,1,770,382
513,2,1252,666
513,3,1658,950
513,4,3504,1706
513,5,6500,2138
513,6,9650,2596
513,7,12716,2944
513,8,15458,3190
513,9,18222,3476
513,10,20622,3876
513,11,22752,4206
513,12,24648,4458
513,13,26260,4652
513,14,27550,4742
513,15,28890,4828
513,16,30418,4904
513,17,32070,5076
513,18,33714,5234
513,19,35298,5446
513,20,36742,5650
513,21,38024,5836
513,22,39150,5970
513,23,40416,6180
513,24,41498,6262
513,25,42752,6388
513,26,43788,6542
513,27,44600,6634
513,28,45086,6878
513,29,45186,6956
514,-1,4231,1438
514,0,54,70
514,1,196,172
514,2,410,322
514,3,638,458
514,4,904,552
514,5,1188,632
514,6,1538,768
514,7,1844,812
514,8,2086,862
514,9,2342,930
514,10,2588,1026
514,11,2820,1126
514,12,3062,1180
514,13,3378,1254
514,14,3618,1362
514,15,3782,1540
514,16,3944,1724
514,17,4176,1888
514,18,4448,1952
514,19,4922,2080
514,20,5420,2156
514,21,5896,2204
514,22,6392,2258
514,23,6838,2298
514,24,7268,2344
514,25,7766,2434
514,26,8168,2582
514,27,8332,2706
514,28,8412,2824
514,29,8462,2874
515,-1,3820,1058
515,0,22,42
515,1,72,106
515,2,162,180
515,3,274,242
515,4,434,300
515,5,592,350
515,6,772,422
515,7,1130,596
515,8,1528,688
515,9,1980,728
515,10,2436,776
515,11,2908,798
515,12,3374,820
515,13,3820,854
515,14,4238,914
515,15,4606,1006
515,16,4920,1112
515,17,5194,1178
515,18,5510,1260
515,19,5818,1336
515,20,6102,1394
515,21,6414,1486
515,22,6732,1562
515,23,6946,1676
515,24,7112,1768
515,25,7300,1838
515,26,7438,1940
515,27,7552,2020
515,28,7630,2084
515,29,7640,2114
516,-1,125540,12976
516,0,1406,748
516,1,3820,1664
516,2,6184,2296
516,3,8980,2696
516,4,13620,3594
516,5,21324,4742
516,6,30160,5352
516,7,41130,6528
516,8,56612,8648
516,9,77170,9366
516,10,98624,10876
516,11,117812,12042
516,12,134656,13690
516,13,146864,15566
516,14,153298,16874
516,15,158102,17156
516,16,163728,17580
516,17,170328,18276
516,18,178370,18772
516,19,187380,19494
516,20,196040,19738
516,21,205840,20440
516,22,215748,21114
516,23,223494,21836
516,24,230526,22314
516,25,237544,23130
516,26,242898,24374
516,27,246976,25192
516,28,250072,25626
516,29,251080,25950
517,-1,4662,1072
517,0,24,46
517,1,118,162
517,2,260,232
517,3,438,304
517,4,624,348
517,5,828,410
517,6,1134,492
517,7,1482,538
517,8,1840,622
517,9,2198,736
517,10,2606,868
517,11,3062,940
517,12,3566,982
517,13,4140,1064
517,14,4728,1122
517,15,5292,1162
517,16,5818,1234
517,17,6292,1288
517,18,6746,1368
517,19,7196,1462
517,20,7640,1554
517,21,7970,1670
517,22,8232,1690
517,23,8474,1714
517,24,8696,1742
517,25,8908,1770
517,26,9090,1852
517,27,9208,1976
517,28,9292,2088
517,29,9324,2140
518,-1,3757,924
518,0,38,32
518,1,82,84
518,2,158,172
518,3,316,272
518,4,534,336
518,5,764,368
518,6,990,414
518,7,1242,472
518,8,1484,532
518,9,1756,584
518,10,2050,656
518,11,2332,726
518,12,2600,746
518,13,2858,764
518,14,3140,818
518,15,3494,888
518,16,3880,952
518,17,4286,1014
518,18,4718,1042
518,19,5134,1082
518,20,5480,1140
518,21,5768,1224
518,22,6062,1306
518,23,6362,1376
518,24,6630,1510
518,25,6862,1580
518,26,7120,1624
518,27,7330,1708
518,28,7476,1782
518,29,7514,1844
519,-1,35356,5504
519,0,312,208
519,1,782,434
519,2,1790,664
519,3,3056,810
519,4,4566,1130
519,5,6526,1508
519,6,8980,1790
519,7,11634,1954
519,8,14616,2208
519,9,18338,2846
519,10,22962,3360
519,11,28076,4146
519,12,33328,4778
519,13,37430,5226
519,14,40940,5412
519,15,44666,5610
519,16,48632,5820
519,17,52278,6178
519,18,55046,6724
519,19,56720,7350
519,20,57710,7974
519,21,59622,8714
519,22,62030,9032
519,23,64154,9414
519,24,66066,9670
519,25,67898,10098
519,26,69220,10320
519,27,70022,10622
519,28,70502,10874
519,29,70712,10996
520,-1,11598,1872
520,0,84,66
520,1,302,200
520,2,436,328
520,3,766,510
520,4,1356,748
520,5,2044,954
520,6,2782,1088
520,7,3586,1200
520,8,4582,1342
520,9,5774,1396
520,10,6926,1444
520,11,8006,1532
520,12,9128,1614
520,13,10204,1702
520,14,11352,1832
520,15,12526,1898
520,16,13740,1946
520,17,15006,2078
520,18,16256,2176
520,19,17540,2232
520,20,18652,2406
520,21,19650,2590
520,22,20678,2756
520,23,21506,2920
520,24,22242,3060
520,25,22802,3276
520,26,23038,3530
520,27,23116,3628
520,28,23152,3678
520,29,23196,3742
521,-1,4950,1356
521,0,20,48
521,1,132,142
521,2,376,308
521,3,760,408
521,4,1160,470
521,5,1568,526
521,6,1980,558
521,7,2338,598
521,8,2708,646
521,9,3108,684
521,10,3478,750
521,11,3828,804
521,12,4226,880
521,13,4690,936
521,14,5222,1040
521,15,5812,1124
521,16,6390,1202
521,17,6992,1354
521,18,7538,1570
521,19,7906,1736
521,20,8230,1874
521,21,8534,1994
521,22,8808,2090
521,23,9062,2164
521,24,9290,2212
521,25,9490,2290
521,26,9654,2408
521,27,9750,2508
521,28,9858,2604
521,29,9900,2698
522,-1,25051,3672
522,0,126,122
522,1,580,404
522,2,1612,610
522,3,2450,810
522,4,3638,1234
522,5,5162,1476
522,6,6918,1754
522,7,8648,1962
522,8,10282,2098
522,9,11966,2236
522,10,13598,2516
522,11,15110,2982
522,12,17204,3358
522,13,19098,3556
522,14,21010,3746
522,15,22618,3920
522,16,24248,4190
522,17,26530,4414
522,18,28782,4630
522,19,30996,4862
522,20,33742,5100
522,21,36698,5232
522,22,39480,5354
522,23,42228,5586
522,24,44504,5854
522,25,46574,6044
522,26,48640,6386
522,27,49710,6942
522,28,49918,7192
522,29,50102,7342
523,-1,4648,1574
523,0,80,60
523,1,328,168
523,2,596,272
523,3,870,380
523,4,1066,508
523,5,1354,680
523,6,1636,808
523,7,1978,1030
523,8,2426,1190
523,9,2992,1296
523,10,3624,1398
523,11,4296,1608
523,12,4970,1842
523,13,5566,2066
523,14,6008,2198
523,15,6386,2302
523,16,6776,2344
523,17,7170,2404
523,18,7600,2468
523,19,7936,2512
523,20,8260,2552
523,21,8578,2614
523,22,8820,2698
523,23,8962,2842
523,24,9050,2920
523,25,9130,2972
523,26,9186,3034
523,27,9218,3062
523,28,9274,3118
523,29,9296,3146
524,-1,4215,1450
524,0,30,36
524,1,76,76
524,2,108,146
524,3,202,248
524,4,344,328
524,5,458,408
524,6,588,488
524,7,740,516
524,8,882,546
524,9,1070,594
524,10,1376,724
524,11,1786,900
524,12,2342,1000
524,13,3004,1052
524,14,3660,1106
524,15,4320,1188
524,16,4986,1352
524,17,5610,1518
524,18,6118,1760
524,19,6540,1956
524,20,6934,2106
524,21,7238,2210
524,22,7580,2312
524,23,7874,2420
524,24,8106,2566
524,25,8206,2718
524,26,8262,2780
524,27,8340,2808
524,28,8400,2852
524,29,8430,2892
525,-1,23245,4178
525,0,100,112
525,1,428,310
525,2,832,498
525,3,1156,580
525,4,1616,746
525,5,2350,1018
525,6,3462,1262
525,7,5044,1444
525,8,7042,1774
525,9,9102,1968
525,10,10978,2114
525,11,12656,2304
525,12,14154,2556
525,13,15804,2964
525,14,17460,3474
525,15,19112,3836
525,16,20932,4146
525,17,22948,4346
525,18,25440,4724
525,19,27890,5128
525,20,30538,5540
525,21,33150,5790
525,22,36026,6072
525,23,38760,6400
525,24,40964,6932
525,25,42710,7400
525,26,44002,7614
525,27,45200,7732
525,28,46164,8042
525,29,46490,8354
526,-1,4598,1364
526,0,64,76
526,1,230,164
526,2,366,308
526,3,586,500
526,4,830,676
526,5,1124,912
526,6,1520,1084
526,7,1926,1226
526,8,2376,1342
526,9,2884,1422
526,10,3276,1456
526,11,3686,1522
526,12,4150,1580
526,13,4624,1686
526,14,5118,1826
526,15,5574,1988
526,16,5984,2062
526,17,6390,2114
526,18,6762,2160
526,19,7120,2206
526,20,7422,2320
526,21,7678,2390
526,22,7960,2430
526,23,8252,2452
526,24,8514,2504
526,25,8752,2532
526,26,8954,2586
526,27,9100,2628
526,28,9184,2696
526,29,9196,2726
527,-1,3009,766
527,0,34,36
527,1,180,104
527,2,346,146
527,3,494,182
527,4,654,224
527,5,860,322
527,6,1138,426
527,7,1450,532
527,8,1758,620
527,9,2064,664
527,10,2324,694
527,11,2556,726
527,12,2778,798
527,13,3056,868
527,14,3334,900
527,15,3578,938
527,16,3814,964
527,17,4074,1000
527,18,4368,1030
527,19,4638,1084
527,20,4878,1124
527,21,5102,1148
527,22,5320,1172
527,23,5512,1214
527,24,5684,1246
527,25,5810,1314
527,26,5896,1372
527,27,5950,1450
527,28,6000,1484
527,29,6018,1530
528,-1,5469,2040
528,0,168,134
528,1,398,214
528,2,688,306
528,3,968,474
528,4,1316,640
528,5,1734,816
528,6,2076,1022
528,7,2224,1156
528,8,2536,1246
528,9,2984,1396
528,10,3490,1550
528,11,3772,1698
528,12,4022,1756
528,13,4298,1806
528,14,4492,1916
528,15,4704,1994
528,16,4966,2096
528,17,5222,2210
528,18,5656,2358
528,19,6360,2550
528,20,7050,2854
528,21,8032,3120
528,22,8952,3346
528,23,9524,3524
528,24,9946,3608
528,25,10254,3702
528,26,10460,3784
528,27,10610,3920
528,28,10838,4008
528,29,10938,4078
529,-1,20285,4170
529,0,100,106
529,1,654,310
529,2,1746,560
529,3,3242,1088
529,4,5120,1324
529,5,6752,1670
529,6,7998,2032
529,7,9624,2210
529,8,11458,2412
529,9,13558,2692
529,10,15418,3052
529,11,16974,3198
529,12,18650,3304
529,13,20570,3538
529,14,22546,3814
529,15,24722,4188
529,16,26912,4588
529,17,28946,5164
529,18,30674,5550
529,19,32078,5726
529,20,33618,5866
529,21,35378,6172
529,22,36548,6540
529,23,37446,6980
529,24,38144,7258
529,25,38638,7434
529,26,39046,7730
529,27,39824,7908
529,28,40384,8140
529,29,40570,8338
530,-1,3499,1246
530,0,58,42
530,1,140,78
530,2,244,108
530,3,382,246
530,4,594,382
530,5,898,540
530,6,1228,646
530,7,1570,730
530,8,2016,830
530,9,2578,914
530,10,3122,980
530,11,3562,1096
530,12,3900,1172
530,13,4260,1210
530,14,4522,1318
530,15,4666,1472
530,16,4800,1552
530,17,4952,1652
530,18,5266,1784
530,19,5608,1820
530,20,5912,1868
530,21,6116,1982
530,22,6244,2132
530,23,6380,2186
530,24,6564,2292
530,25,6756,2352
530,26,6886,2392
530,27,6948,2440
530,28,6982,2464
530,29,6998,2486
531,-1,4430,1130
531,0,12,26
531,1,70,88
531,2,194,132
531,3,340,178
531,4,594,260
531,5,910,348
531,6,1304,540
531,7,1844,700
531,8,2404,856
531,9,2808,960
531,10,3276,1106
531,11,3706,1170
531,12,4138,1256
531,13,4580,1338
531,14,5016,1378
531,15,5406,1434
531,16,5764,1494
531,17,6088,1550
531,18,6444,1578
531,19,6792,1608
531,20,7146,1628
531,21,7494,1662
531,22,7832,1708
531,23,8158,1754
531,24,8452,1846
531,25,8652,1980
531,26,8744,2066
531,27,8790,2154
531,28,8846,2216
531,29,8860,2258
532,-1,3277,1028
532,0,18,36
532,1,56,70
532,2,112,116
532,3,170,162
532,4,214,186
532,5,304,258
532,6,404,366
532,7,528,422
532,8,680,448
532,9,830,502
532,10,1094,626
532,11,1440,718
532,12,1840,780
532,13,2216,866
532,14,2584,926
532,15,2986,1002
532,16,3426,1150
532,17,3906,1274
532,18,4376,1378
532,19,4822,1468
532,20,5192,1588
532,21,5488,1674
532,22,5706,1740
532,23,5888,1798
532,24,6042,1846
532,25,6182,1894
532,26,6330,1924
532,27,6464,1948
532,28,6538,2016
532,29,6554,2050
533,-1,13202,2806
533,0,98,90
533,1,306,146
533,2,460,234
533,3,780,374
533,4,1438,612
533,5,2090,774
533,6,2692,870
533,7,3408,984
533,8,4188,1240
533,9,5590,1664
533,10,7300,1872
533,11,9040,2184
533,12,10798,2466
533,13,12626,2668
533,14,14348,2886
533,15,15750,3094
533,16,16924,3210
533,17,18202,3322
533,18,19634,3504
533,19,21098,3822
533,20,22312,4256
533,21,23238,4628
533,22,23746,4834
533,23,24126,5020
533,24,24670,5126
533,25,25228,5230
533,26,25676,5312
533,27,26082,5398
533,28,26354,5538
533,29,26404,5604
534,-1,6339,1352
534,0,32,56
534,1,128,102
534,2,292,180
534,3,564,308
534,4,800,450
534,5,1184,562
534,6,1616,634
534,7,2054,718
534,8,2428,798
534,9,2760,936
534,10,3300,1090
534,11,3938,1154
534,12,4552,1218
534,13,5128,1320
534,14,5688,1426
534,15,6230,1508
534,16,6802,1538
534,17,7396,1582
534,18,7982,1706
534,19,8524,1782
534,20,9172,1896
534,21,9888,1944
534,22,10540,1996
534,23,11198,2110
534,24,11706,2234
534,25,12104,2344
534,26,12388,2426
534,27,12562,2550
534,28,12644,2650
534,29,12678,2700
535,-1,4534,1602
535,0,36,48
535,1,132,102
535,2,236,162
535,3,320,212
535,4,420,268
535,5,534,300
535,6,706,356
535,7,1040,518
535,8,1480,620
535,9,2008,780
535,10,2568,998
535,11,3086,1174
535,12,3682,1340
535,13,4290,1488
535,14,4958,1586
535,15,5628,1752
535,16,6234,1968
535,17,6750,2170
535,18,7264,2316
535,19,7544,2416
535,20,7820,2522
535,21,8106,2606
535,22,8392,2694
535,23,8626,2798
535,24,8742,2910
535,25,8856,2986
535,26,8952,3068
535,27,9022,3136
535,28,9046,3170
535,29,9068,3202
536,-1,3375,808
536,0,22,34
536,1,88,82
536,2,180,116
536,3,292,152
536,4,392,220
536,5,580,270
536,6,780,294
536,7,980,326
536,8,1200,358
536,9,1428,384
536,10,1670,454
536,11,1960,484
536,12,2252,516
536,13,2528,566
536,14,2780,604
536,15,3056,666
536,16,3332,710
536,17,3620,780
536,18,3970,838
536,19,4352,896
536,20,4768,988
536,21,5208,1094
536,22,5606,1208
536,23,5960,1278
536,24,6250,1332
536,25,6436,1382
536,26,6592,1442
536,27,6698,1538
536,28,6732,1594
536,29,6750,1610
537,-1,26605,4002
537,0,160,174
537,1,746,470
537,2,1470,768
537,3,2174,1224
537,4,3252,1786
537,5,5078,2276
537,6,7138,2566
537,7,9164,3022
537,8,11348,3516
537,9,13884,3784
537,10,16442,3930
537,11,19180,4078
537,12,21788,4272
537,13,24648,4468
537,14,27316,4630
537,15,30060,4854
537,16,32676,4938
537,17,35266,5064
537,18,37786,5210
537,19,40406,5388
537,20,42818,5900
537,21,44768,6138
537,22,46190,6376
537,23,47616,6516
537,24,49012,6674
537,25,50524,6954
537,26,51624,7260
537,27,52532,7582
537,28,53062,7860
537,29,53210,7996
538,-1,8149,1748
538,0,104,108
538,1,234,230
538,2,522,380
538,3,764,596
538,4,1250,876
538,5,1936,1052
538,6,2596,1156
538,7,3340,1272
538,8,4108,1338
538,9,4850,1408
538,10,5584,1474
538,11,6396,1562
538,12,7306,1716
538,13,8236,1806
538,14,9126,1906
538,15,10008,2038
538,16,10800,2152
538,17,11582,2210
538,18,12336,2266
538,19,13078,2358
538,20,13800,2466
538,21,14542,2582
538,22,15048,2786
538,23,15398,2962
538,24,15696,3114
538,25,15898,3202
538,26,16100,3286
538,27,16206,3382
538,28,16278,3444
538,29,16298,3492
539,-1,7931,1896
539,0,104,76
539,1,274,158
539,2,582,256
539,3,1004,382
539,4,1418,524
539,5,1896,710
539,6,2512,854
539,7,3340,1082
539,8,4240,1402
539,9,5136,1608
539,10,5848,1788
539,11,6576,1886
539,12,7292,1932
539,13,8012,1990
539,14,8784,2040
539,15,9612,2194
539,16,10404,2376
539,17,11124,2568
539,18,11850,2684
539,19,12516,2812
539,20,13110,2982
539,21,13704,3070
539,22,14140,3212
539,23,14468,3270
539,24,14838,3348
539,25,15236,3422
539,26,15470,3578
539,27,15638,3646
539,28,15828,3718
539,29,15862,3784
540,-1,13382,2716
540,0,92,130
540,1,448,310
540,2,780,484
540,3,1192,642
540,4,1580,952
540,5,2078,1290
540,6,2956,1646
540,7,4298,1992
540,8,5842,2204
540,9,7446,2296
540,10,8934,2362
540,11,10374,2498
540,12,11792,2698
540,13,13226,2876
540,14,14804,3008
540,15,16304,3182
540,16,17664,3422
540,17,18958,3524
540,18,20208,3760
540,19,21280,3894
540,20,22190,4050
540,21,23178,4286
540,22,24130,4472
540,23,24820,4630
540,24,25448,4804
540,25,25898,5026
540,26,26264,5162
540,27,26564,5278
540,28,26728,5352
540,29,26764,5428
541,-1,4886,1490
541,0,38,52
541,1,130,138
541,2,250,270
541,3,494,408
541,4,778,452
541,5,1030,492
541,6,1284,580
541,7,1520,700
541,8,1802,870
541,9,2180,1066
541,10,2642,1250
541,11,3098,1420
541,12,3658,1558
541,13,4278,1700
541,14,5026,1762
541,15,5706,1886
541,16,6334,1968
541,17,6964,2046
541,18,7520,2156
541,19,7978,2248
541,20,8374,2284
541,21,8710,2354
541,22,8900,2482
541,23,9030,2546
541,24,9234,2644
541,25,9464,2742
541,26,9608,2846
541,27,9700,2906
541,28,9750,2936
541,29,9772,2978
542,-1,5230,1508
542,0,20,38
542,1,54,88
542,2,92,120
542,3,198,188
542,4,446,338
542,5,872,492
542,6,1420,616
542,7,2064,728
542,8,2744,802
542,9,3444,886
542,10,4178,946
542,11,4732,1030
542,12,5318,1122
542,13,5896,1204
542,14,6496,1282
542,15,7096,1420
542,16,7662,1584
542,17,8158,1822
542,18,8628,2004
542,19,8992,2166
542,20,9318,2316
542,21,9638,2424
542,22,9888,2562
542,23,10114,2674
542,24,10260,2786
542,25,10332,2862
542,26,10378,2902
542,27,10424,2936
542,28,10444,2982
542,29,10460,3014
543,-1,3669,968
543,0,66,66
543,1,210,138
543,2,360,216
543,3,586,282
543,4,824,320
543,5,1096,358
543,6,1388,438
543,7,1658,516
543,8,2012,614
543,9,2414,670
543,10,2804,742
543,11,3234,826
543,12,3652,876
543,13,4028,936
543,14,4370,970
543,15,4696,1028
543,16,5034,1072
543,17,5320,1148
543,18,5562,1190
543,19,5790,1242
543,20,6024,1294
543,21,6248,1338
543,22,6502,1398
543,23,6786,1492
543,24,6988,1588
543,25,7182,1686
543,26,7272,1812
543,27,7324,1894
543,28,7332,1922
543,29,7338,1932
544,-1,3328,844
544,0,14,24
544,1,128,148
544,2,262,254
544,3,374,344
544,4,546,424
544,5,850,572
544,6,1234,638
544,7,1664,706
544,8,2082,742
544,9,2490,768
544,10,2886,808
544,11,3258,834
544,12,3660,900
544,13,4042,938
544,14,4392,994
544,15,4742,1062
544,16,5096,1148
544,17,5310,1196
544,18,5514,1222
544,19,5710,1270
544,20,5878,1290
544,21,6034,1318
544,22,6180,1344
544,23,6320,1380
544,24,6436,1432
544,25,6518,1494
544,26,6568,1546
544,27,6604,1600
544,28,6646,1654
544,29,6656,1686
545,-1,3741,872
545,0,28,44
545,1,118,86
545,2,208,132
545,3,278,186
545,4,354,242
545,5,476,346
545,6,718,426
545,7,1042,544
545,8,1342,660
545,9,1708,744
545,10,2056,832
545,11,2476,916
545,12,2924,966
545,13,3378,1008
545,14,3794,1044
545,15,4206,1072
545,16,4632,1106
545,17,5070,1188
545,18,5380,1224
545,19,5714,1254
545,20,6024,1284
545,21,6340,1310
545,22,6624,1348
545,23,6886,1402
545,24,7110,1456
545,25,7274,1536
545,26,7392,1616
545,27,7440,1678
545,28,7474,1720
545,29,7482,1740
546,-1,5846,1780
546,0,46,58
546,1,232,226
546,2,498,440
546,3,948,676
546,4,1600,868
546,5,2410,966
546,6,3224,1042
546,7,3954,1174
546,8,4566,1272
546,9,5136,1332
546,10,5680,1380
546,11,6298,1444
546,12,6888,1602
546,13,7472,1862
546,14,8018,2074
546,15,8544,2256
546,16,9020,2396
546,17,9442,2572
546,18,9972,2754
546,19,10358,2898
546,20,10640,2976
546,21,10850,3078
546,22,11020,3152
546,23,11146,3236
546,24,11290,3288
546,25,11426,3358
546,26,11518,3410
546,27,11594,3474
546,28,11676,3510
546,29,11692,3558
548,-1,5029,1066
548,0,34,40
548,1,138,160
548,2,368,276
548,3,652,370
548,4,1016,450
548,5,1458,500
548,6,1902,548
548,7,2306,642
548,8,2646,714
548,9,2950,794
548,10,3274,828
548,11,3588,894
548,12,3914,994
548,13,4248,1110
548,14,4640,1186
548,15,5058,1220
548,16,5488,1276
548,17,5934,1346
548,18,6424,1408
548,19,6946,1480
548,20,7428,1554
548,21,7838,1604
548,22,8220,1624
548,23,8580,1662
548,24,8934,1680
548,25,9294,1718
548,26,9596,1782
548,27,9802,1868
548,28,9996,1994
548,29,10058,2130
549,-1,30012,4722
549,0,152,92
549,1,790,382
549,2,2272,770
549,3,4132,1018
549,4,6154,1292
549,5,8524,1790
549,6,11600,2172
549,7,14890,2526
549,8,18226,2710
549,9,21494,2810
549,10,24648,2932
549,11,27844,3102
549,12,31516,3454
549,13,35188,3806
549,14,38870,4024
549,15,41970,4428
549,16,44658,5056
549,17,46994,5596
549,18,49356,6054
549,19,51554,6630
549,20,53530,7074
549,21,55356,7402
549,22,56842,7944
549,23,57716,8384
549,24,58302,8664
549,25,58722,8792
549,26,58990,8956
549,27,59224,9082
549,28,59706,9246
549,29,60024,9440
550,-1,11438,2626
550,0,24,38
550,1,56,90
550,2,122,168
550,3,380,346
550,4,770,566
550,5,1336,802
550,6,2066,1094
550,7,2884,1372
550,8,3688,1668
550,9,4628,1940
550,10,5622,2122
550,11,6678,2348
550,12,7834,2576
550,13,8888,2866
550,14,10054,3272
550,15,11340,3560
550,16,12596,3672
550,17,13900,3748
550,18,15128,3792
550,19,16364,3904
550,20,17546,4000
550,21,18672,4048
550,22,19750,4164
550,23,20684,4414
550,24,21332,4616
550,25,21848,4870
550,26,22278,4972
550,27,22634,5096
550,28,22826,5194
550,29,22876,5244
551,-1,3344,1200
551,0,38,66
551,1,66,112
551,2,160,168
551,3,376,308
551,4,676,450
551,5,1092,610
551,6,1590,830
551,7,1994,1024
551,8,2342,1138
551,9,2714,1218
551,10,3046,1268
551,11,3410,1326
551,12,3778,1400
551,13,4164,1458
551,14,4498,1518
551,15,4734,1556
551,16,4964,1600
551,17,5184,1618
551,18,5392,1688
551,19,5522,1764
551,20,5636,1856
551,21,5814,1946
551,22,5980,2000
551,23,6114,2090
551,24,6220,2172
551,25,6324,2218
551,26,6456,2250
551,27,6602,2268
551,28,6674,2366
551,29,6688,2396
552,-1,11922,2528
552,0,86,66
552,1,390,206
552,2,794,298
552,3,1320,472
552,4,1986,594
552,5,2446,926
552,6,3234,1322
552,7,4684,1696
552,8,6312,1926
552,9,8124,2104
552,10,9980,2310
552,11,11968,2444
552,12,13548,2750
552,13,14518,3100
552,14,15228,3384
552,15,15856,3442
552,16,16438,3530
552,17,17072,3670
552,18,17830,3732
552,19,18576,3806
552,20,19432,3872
552,21,20240,3974
552,22,20904,4108
552,23,21582,4220
552,24,22268,4280
552,25,22754,4470
552,26,23098,4612
552,27,23424,4752
552,28,23748,4948
552,29,23844,5054
553,-1,3990,1102
553,0,30,38
553,1,100,96
553,2,244,174
553,3,468,288
553,4,736,374
553,5,968,462
553,6,1270,562
553,7,1604,648
553,8,1962,714
553,9,2302,834
553,10,2620,934
553,11,2960,1010
553,12,3354,1134
553,13,3830,1226
553,14,4328,1340
553,15,4818,1458
553,16,5288,1530
553,17,5786,1596
553,18,6156,1736
553,19,6402,1774
553,20,6636,1798
553,21,6854,1836
553,22,7076,1896
553,23,7304,1924
553,24,7472,1956
553,25,7636,1990
553,26,7776,2012
553,27,7888,2066
553,28,7964,2160
553,29,7980,2202
554,-1,4456,1216
554,0,36,54
554,1,174,126
554,2,340,144
554,3,500,166
554,4,648,218
554,5,816,332
554,6,1012,430
554,7,1248,526
554,8,1566,614
554,9,1954,696
554,10,2342,788
554,11,2698,854
554,12,3124,962
554,13,3648,1076
554,14,4254,1146
554,15,4880,1192
554,16,5504,1246
554,17,6088,1306
554,18,6656,1468
554,19,7178,1600
554,20,7642,1720
554,21,7988,1862
554,22,8316,2026
554,23,8546,2206
554,24,8694,2276
554,25,8804,2340
554,26,8854,2376
554,27,8884,2390
554,28,8900,2410
554,29,8912,2426
555,-1,3179,980
555,0,16,28
555,1,54,86
555,2,186,182
555,3,420,314
555,4,766,462
555,5,1106,576
555,6,1520,720
555,7,1982,860
555,8,2438,940
555,9,2888,1050
555,10,3326,1110
555,11,3730,1172
555,12,4002,1200
555,13,4266,1208
555,14,4480,1252
555,15,4678,1282
555,16,4868,1346
555,17,5074,1438
555,18,5288,1520
555,19,5460,1588
555,20,5624,1646
555,21,5802,1672
555,22,5960,1706
555,23,6084,1762
555,24,6180,1810
555,25,6262,1866
555,26,6306,1900
555,27,6342,1924
555,28,6352,1946
555,29,6358,1958
556,-1,11085,2124
556,0,74,56
556,1,292,176
556,2,656,304
556,3,1056,382
556,4,1312,472
556,5,1526,578
556,6,1852,636
556,7,2214,712
556,8,2712,920
556,9,3470,1172
556,10,4442,1480
556,11,5654,1718
556,12,6998,1862
556,13,8410,1912
556,14,9768,1998
556,15,11130,2094
556,16,12270,2236
556,17,13320,2428
556,18,14526,2590
556,19,15658,2766
556,20,16716,2902
556,21,17786,3026
556,22,18686,3264
556,23,19348,3370
556,24,19912,3440
556,25,20462,3550
556,26,21150,3682
556,27,21748,3876
556,28,22080,4088
556,29,22170,4246
557,-1,4965,1384
557,0,44,40
557,1,116,152
557,2,240,288
557,3,436,406
557,4,690,528
557,5,980,624
557,6,1320,682
557,7,1674,724
557,8,1974,810
557,9,2256,844
557,10,2546,906
557,11,2864,968
557,12,3182,988
557,13,3492,1042
557,14,3834,1214
557,15,4308,1354
557,16,4894,1404
557,17,5530,1496
557,18,6148,1622
557,19,6704,1746
557,20,7206,1922
557,21,7734,2138
557,22,8128,2236
557,23,8488,2296
557,24,8800,2340
557,25,9082,2360
557,26,9380,2406
557,27,9656,2498
557,28,9874,2644
557,29,9930,2764
558,-1,6583,1648
558,0,94,84
558,1,346,172
558,2,752,296
558,3,1280,346
558,4,1724,406
558,5,2154,480
558,6,2640,544
558,7,3206,596
558,8,3728,640
558,9,4300,704
558,10,4902,774
558,11,5412,872
558,12,5834,1096
558,13,6396,1328
558,14,7026,1560
558,15,7724,1728
558,16,8340,1858
558,17,9014,1980
558,18,9666,2050
558,19,10258,2092
558,20,10848,2170
558,21,11384,2320
558,22,11810,2562
558,23,12110,2694
558,24,12366,2866
558,25,12602,2954
558,26,12864,3094
558,27,13060,3214
558,28,13148,3268
558,29,13166,3294
559,-1,18421,3674
559,0,76,82
559,1,400,376
559,2,1042,688
559,3,1704,930
559,4,2160,1072
559,5,2754,1354
559,6,3858,1844
559,7,5298,2460
559,8,7076,2838
559,9,8808,3186
559,10,10478,3412
559,11,12146,3654
559,12,13814,3842
559,13,15562,4146
559,14,17280,4358
559,15,19036,4634
559,16,20658,4740
559,17,22376,4986
559,18,24086,5152
559,19,25628,5240
559,20,27158,5324
559,21,28564,5424
559,22,30058,5698
559,23,31430,5890
559,24,32686,6102
559,25,33884,6342
559,26,35120,6570
559,27,36104,6920
559,28,36652,7200
559,29,36842,7344
560,-1,62409,10336
560,0,608,678
560,1,4428,1796
560,2,9978,2968
560,3,17758,3720
560,4,27226,4432
560,5,35756,5522
560,6,44072,7130
560,7,49920,8304
560,8,53714,8910
560,9,57168,9326
560,10,60430,9728
560,11,64066,9996
560,12,67230,10616
560,13,70350,11404
560,14,73728,11840
560,15,77870,12352
560,16,82994,12960
560,17,87638,13478
560,18,92386,14022
560,19,96556,14722
560,20,99244,15356
560,21,101780,16372
560,22,104094,17116
560,23,106318,17758
560,24,109982,18164
560,25,113586,18594
560,26,116970,19002
560,27,121224,19462
560,28,123932,20152
560,29,124818,20670
561,-1,3292,1014
561,0,30,44
561,1,116,120
561,2,224,214
561,3,440,344
561,4,682,458
561,5,988,522
561,6,1308,558
561,7,1654,592
561,8,2026,626
561,9,2430,720
561,10,2808,870
561,11,3184,976
561,12,3550,1034
561,13,3876,1108
561,14,4204,1210
561,15,4504,1268
561,16,4784,1318
561,17,5004,1380
561,18,5156,1454
561,19,5320,1516
561,20,5524,1586
561,21,5702,1672
561,22,5870,1696
561,23,6032,1708
561,24,6186,1730
561,25,6314,1772
561,26,6428,1830
561,27,6516,1910
561,28,6572,1984
561,29,6584,2026
562,-1,3247,1142
562,0,28,36
562,1,98,110
562,2,184,154
562,3,290,200
562,4,424,230
562,5,542,278
562,6,710,324
562,7,878,356
562,8,1064,406
562,9,1240,448
562,10,1436,506
562,11,1664,562
562,12,1928,634
562,13,2210,740
562,14,2502,802
562,15,2796,864
562,16,3112,990
562,17,3414,1122
562,18,3766,1250
562,19,4184,1334
562,20,4562,1426
562,21,4902,1550
562,22,5246,1628
562,23,5582,1710
562,24,5866,1790
562,25,6098,1894
562,26,6298,2014
562,27,6416,2154
562,28,6474,2238
562,29,6494,2282
563,-1,5902,1358
563,0,18,34
563,1,38,70
563,2,102,162
563,3,364,358
563,4,808,492
563,5,1328,630
563,6,1992,780
563,7,2726,850
563,8,3470,948
563,9,4092,1030
563,10,4688,1090
563,11,5264,1134
563,12,5776,1178
563,13,6242,1234
563,14,6740,1302
563,15,7292,1328
563,16,7850,1398
563,17,8396,1448
563,18,8890,1476
563,19,9354,1512
563,20,9782,1606
563,21,10232,1732
563,22,10592,1918
563,23,10900,2138
563,24,11158,2286
563,25,11366,2388
563,26,11544,2464
563,27,11708,2578
563,28,11782,2662
563,29,11804,2714
564,-1,25293,4032
564,0,164,86
564,1,458,186
564,2,864,334
564,3,1444,522
564,4,2280,882
564,5,3180,1060
564,6,4314,1212
564,7,5644,1568
564,8,7506,1894
564,9,9458,2618
564,10,11182,3204
564,11,12894,3718
564,12,14736,4038
564,13,16554,4450
564,14,18876,4960
564,15,21554,5144
564,16,24218,5286
564,17,26740,5394
564,18,29376,5514
564,19,32080,5640
564,20,34372,5816
564,21,36842,6028
564,22,39330,6236
564,23,41922,6408
564,24,44560,6548
564,25,46916,6732
564,26,48602,7010
564,27,49618,7472
564,28,50374,7860
564,29,50586,8060
565,-1,5043,1074
565,0,42,44
565,1,236,186
565,2,610,316
565,3,1074,522
565,4,1600,600
565,5,2140,638
565,6,2682,676
565,7,3232,722
565,8,3812,798
565,9,4354,896
565,10,4882,1072
565,11,5488,1256
565,12,6206,1348
565,13,6860,1416
565,14,7378,1492
565,15,7702,1546
565,16,7978,1596
565,17,8208,1652
565,18,8418,1686
565,19,8604,1732
565,20,8784,1772
565,21,8984,1804
565,22,9178,1826
565,23,9376,1854
565,24,9554,1916
565,25,9708,1962
565,26,9852,1992
565,27,9976,2020
565,28,10050,2084
565,29,10086,2142
566,-1,4726,1266
566,0,36,56
566,1,180,118
566,2,404,202
566,3,820,400
566,4,1372,522
566,5,1926,596
566,6,2404,666
566,7,2846,722
566,8,3298,770
566,9,3758,842
566,10,4186,918
566,11,4558,976
566,12,4894,1026
566,13,5238,1102
566,14,5592,1190
566,15,6052,1304
566,16,6532,1424
566,17,6972,1502
566,18,7362,1564
566,19,7786,1766
566,20,8198,1938
566,21,8532,2094
566,22,8702,2176
566,23,8878,2276
566,24,9062,2358
566,25,9184,2420
566,26,9272,2440
566,27,9354,2460
566,28,9432,2492
566,29,9452,2528
567,-1,4921,1812
567,0,66,88
567,1,380,214
567,2,724,264
567,3,1032,344
567,4,1312,478
567,5,1614,564
567,6,1838,700
567,7,2024,804
567,8,2198,870
567,9,2428,1012
567,10,2762,1160
567,11,3136,1308
567,12,3532,1432
567,13,3992,1530
567,14,4500,1562
567,15,4994,1602
567,16,5542,1642
567,17,6122,1736
567,18,6730,1922
567,19,7252,2164
567,20,7568,2456
567,21,7976,2652
567,22,8338,2810
567,23,8674,2964
567,24,9036,3112
567,25,9370,3238
567,26,9632,3370
567,27,9752,3484
567,28,9804,3568
567,29,9842,3616
568,-1,4047,1164
568,0,56,36
568,1,152,86
568,2,326,228
568,3,512,340
568,4,746,394
568,5,1112,462
568,6,1554,498
568,7,1960,610
568,8,2410,658
568,9,2822,744
568,10,3248,864
568,11,3712,922
568,12,4082,1014
568,13,4404,1146
568,14,4628,1270
568,15,4838,1312
568,16,5082,1348
568,17,5370,1418
568,18,5646,1498
568,19,6000,1612
568,20,6468,1716
568,21,6896,1782
568,22,7236,1950
568,23,7472,2030
568,24,7706,2122
568,25,7864,2166
568,26,7958,2214
568,27,8018,2246
568,28,8082,2300
568,29,8094,2326
569,-1,20636,4100
569,0,60,98
569,1,302,250
569,2,596,422
569,3,992,722
569,4,1804,1056
569,5,2742,1302
569,6,3844,1468
569,7,5036,1628
569,8,6142,1834
569,9,7392,2010
569,10,8524,2168
569,11,9488,2458
569,12,11034,2896
569,13,13100,3454
569,14,15342,3750
569,15,17836,4118
569,16,20172,4694
569,17,22278,5264
569,18,24942,5636
569,19,27804,5792
569,20,30728,6042
569,21,33182,6468
569,22,35214,6822
569,23,36708,7120
569,24,38012,7348
569,25,38910,7516
569,26,39730,7604
569,27,40542,7684
569,28,41148,8038
569,29,41272,8198
570,-1,3758,1328
570,0,100,120
570,1,346,266
570,2,550,372
570,3,820,436
570,4,1156,458
570,5,1538,574
570,6,1974,664
570,7,2462,770
570,8,2946,864
570,9,3410,1010
570,10,3802,1164
570,11,4064,1234
570,12,4278,1326
570,13,4432,1444
570,14,4612,1500
570,15,4818,1536
570,16,5046,1614
570,17,5320,1800
570,18,5708,1902
570,19,6104,1942
570,20,6494,1988
570,21,6778,2072
570,22,6958,2258
570,23,7094,2364
570,24,7218,2406
570,25,7302,2450
570,26,7370,2498
570,27,7426,2558
570,28,7480,2602
570,29,7516,2650
571,-1,3900,1346
571,0,124,136
571,1,400,212
571,2,682,304
571,3,890,388
571,4,1044,472
571,5,1206,532
571,6,1376,604
571,7,1560,662
571,8,1784,746
571,9,2088,814
571,10,2468,936
571,11,2888,1050
571,12,3394,1106
571,13,3894,1142
571,14,4358,1224
571,15,4782,1316
571,16,5204,1428
571,17,5532,1578
571,18,5892,1738
571,19,6180,1864
571,20,6408,1968
571,21,6572,2088
571,22,6792,2156
571,23,7014,2190
571,24,7208,2228
571,25,7408,2304
571,26,7576,2426
571,27,7696,2542
571,28,7772,2624
571,29,7800,2688
572,-1,3266,884
572,0,34,34
572,1,92,70
572,2,148,108
572,3,256,206
572,4,412,276
572,5,634,378
572,6,912,494
572,7,1208,654
572,8,1582,718
572,9,2006,800
572,10,2462,862
572,11,2932,898
572,12,3260,916
572,13,3590,934
572,14,3928,948
572,15,4258,974
572,16,4554,1020
572,17,4814,1078
572,18,5034,1160
572,19,5256,1230
572,20,5450,1290
572,21,5634,1324
572,22,5804,1370
572,23,5994,1446
572,24,6168,1500
572,25,6318,1538
572,26,6412,1602
572,27,6482,1672
572,28,6522,1738
572,29,6532,1764
573,-1,4553,974
573,0,24,32
573,1,76,72
573,2,140,108
573,3,182,144
573,4,272,206
573,5,398,270
573,6,650,440
573,7,1036,546
573,8,1470,596
573,9,1784,656
573,10,2114,742
573,11,2500,832
573,12,2906,854
573,13,3352,890
573,14,3826,918
573,15,4310,958
573,16,4814,992
573,17,5324,1034
573,18,5820,1112
573,19,6256,1156
573,20,6678,1200
573,21,7120,1248
573,22,7540,1294
573,23,7926,1354
573,24,8256,1478
573,25,8562,1608
573,26,8860,1704
573,27,9030,1836
573,28,9084,1904
573,29,9106,1942
574,-1,3824,1192
574,0,18,22
574,1,52,62
574,2,148,122
574,3,222,172
574,4,304,196
574,5,420,242
574,6,564,286
574,7,704,330
574,8,868,378
574,9,1056,438
574,10,1360,582
574,11,1704,720
574,12,2036,834
574,13,2416,926
574,14,2796,1036
574,15,3174,1140
574,16,3590,1242
574,17,4034,1362
574,18,4522,1468
574,19,5018,1574
574,20,5464,1642
574,21,5872,1708
574,22,6268,1800
574,23,6638,1920
574,24,6954,1984
574,25,7260,2074
574,26,7492,2214
574,27,7582,2266
574,28,7628,2328
574,29,7648,2374
575,-1,9577,2478
575,0,46,68
575,1,342,294
575,2,754,486
575,3,1076,590
575,4,1304,662
575,5,1574,768
575,6,2000,890
575,7,2652,1072
575,8,3328,1178
575,9,3868,1378
575,10,4482,1544
575,11,5202,1738
575,12,5980,1898
575,13,6770,1990
575,14,7700,2106
575,15,8900,2204
575,16,10166,2328
575,17,11200,2418
575,18,12282,2572
575,19,13422,2734
575,20,14346,2976
575,21,15220,3206
575,22,16050,3482
575,23,16592,3682
575,24,17068,4004
575,25,17818,4232
575,26,18394,4488
575,27,18710,4594
575,28,19044,4742
575,29,19154,4954
576,-1,3144,860
576,0,30,52
576,1,114,116
576,2,350,276
576,3,656,418
576,4,1044,554
576,5,1524,684
576,6,2064,710
576,7,2578,752
576,8,3030,852
576,9,3400,950
576,10,3762,1020
576,11,3978,1054
576,12,4144,1100
576,13,4304,1118
576,14,4458,1128
576,15,4600,1156
576,16,4724,1178
576,17,4866,1208
576,18,5016,1232
576,19,5166,1244
576,20,5316,1266
576,21,5472,1290
576,22,5610,1320
576,23,5742,1346
576,24,5886,1438
576,25,6018,1518
576,26,6130,1590
576,27,6212,1628
576,28,6266,1674
576,29,6288,1710
577,-1,11909,3202
577,0,174,156
577,1,698,366
577,2,1594,614
577,3,2624,806
577,4,3498,1062
577,5,4330,1324
577,6,5102,1510
577,7,6084,1656
577,8,6942,1838
577,9,7782,2004
577,10,8616,2132
577,11,9544,2354
577,12,10980,2748
577,13,12898,3142
577,14,15156,3616
577,15,17100,4042
577,16,18308,4500
577,17,19070,4704
577,18,19634,4796
577,19,20178,4894
577,20,20688,5044
577,21,21272,5274
577,22,21908,5426
577,23,22442,5734
577,24,22696,5932
577,25,23004,6042
577,26,23352,6118
577,27,23640,6260
577,28,23778,6348
577,29,23818,6400
578,-1,24362,3124
578,0,152,94
578,1,410,236
578,2,1016,520
578,3,2056,720
578,4,3330,884
578,5,4878,1124
578,6,6594,1366
578,7,8396,1444
578,8,10340,1574
578,9,12462,1754
578,10,14778,1990
578,11,17472,2314
578,12,20004,2562
578,13,22740,2668
578,14,25626,2786
578,15,28368,3038
578,16,30770,3274
578,17,33204,3448
578,18,35654,3614
578,19,38138,3774
578,20,40438,4048
578,21,42582,4498
578,22,44194,4700
578,23,45564,4912
578,24,46688,5242
578,25,47398,5594
578,26,47918,5868
578,27,48418,6034
578,28,48658,6170
578,29,48724,6244
579,-1,3719,1052
579,0,16,26
579,1,76,64
579,2,198,142
579,3,388,244
579,4,602,314
579,5,816,388
579,6,1084,492
579,7,1378,550
579,8,1664,584
579,9,1948,712
579,10,2236,842
579,11,2580,882
579,12,2912,928
579,13,3174,1022
579,14,3434,1076
579,15,3726,1120
579,16,4108,1204
579,17,4532,1232
579,18,4924,1270
579,19,5316,1302
579,20,5726,1336
579,21,6150,1410
579,22,6520,1514
579,23,6822,1670
579,24,7056,1804
579,25,7228,1930
579,26,7328,1988
579,27,7400,2052
579,28,7424,2082
579,29,7438,2098
580,-1,6965,1798
580,0,30,60
580,1,286,252
580,2,700,372
580,3,1028,450
580,4,1604,698
580,5,2386,862
580,6,2890,984
580,7,3300,1044
580,8,3650,1102
580,9,3992,1146
580,10,4446,1232
580,11,4898,1392
580,12,5342,1532
580,13,5800,1606
580,14,6298,1682
580,15,6900,1792
580,16,7604,1828
580,17,8376,1898
580,18,9136,2000
580,19,9912,2132
580,20,10654,2298
580,21,11290,2456
580,22,11760,2658
580,23,12158,2814
580,24,12572,2938
580,25,12960,3106
580,26,13366,3312
580,27,13686,3492
580,28,13850,3534
580,29,13930,3590
581,-1,4069,1236
581,0,32,36
581,1,124,138
581,2,334,290
581,3,646,432
581,4,1072,580
581,5,1548,684
581,6,2108,818
581,7,2648,924
581,8,3116,1012
581,9,3618,1046
581,10,4100,1092
581,11,4534,1170
581,12,4896,1272
581,13,5178,1366
581,14,5482,1456
581,15,5804,1530
581,16,6102,1576
581,17,6368,1600
581,18,6622,1636
581,19,6886,1696
581,20,7182,1752
581,21,7434,1836
581,22,7600,1948
581,23,7724,2034
581,24,7846,2100
581,25,7932,2186
581,26,7988,2246
581,27,8046,2308
581,28,8096,2378
581,29,8138,2462
582,-1,9799,1956
582,0,170,194
582,1,620,470
582,2,1190,638
582,3,1848,874
582,4,2668,1076
582,5,3722,1248
582,6,4802,1354
582,7,5954,1492
582,8,7050,1730
582,9,8004,1866
582,10,9010,1972
582,11,10002,2068
582,12,10948,2214
582,13,11910,2322
582,14,12834,2386
582,15,13728,2454
582,16,14518,2572
582,17,15366,2606
582,18,16138,2680
582,19,16736,2726
582,20,17342,2784
582,21,17924,2872
582,22,18438,3042
582,23,18830,3218
582,24,19102,3414
582,25,19252,3562
582,26,19382,3658
582,27,19518,3792
582,28,19582,3872
582,29,19598,3908
583,-1,5763,2358
583,0,68,76
583,1,126,154
583,2,184,240
583,3,316,380
583,4,602,562
583,5,956,938
583,6,1706,1132
583,7,2484,1306
583,8,2996,1520
583,9,3328,1684
583,10,3848,1790
583,11,4492,1962
583,12,5090,2184
583,13,5384,2326
583,14,5696,2414
583,15,6138,2796
583,16,6830,2998
583,17,7610,3170
583,18,8272,3314
583,19,8900,3484
583,20,9430,3610
583,21,9840,3676
583,22,10192,3758
583,23,10434,3850
583,24,10590,4016
583,25,10726,4152
583,26,11020,4318
583,27,11298,4470
583,28,11462,4622
583,29,11526,4712
584,-1,4843,1544
584,0,26,32
584,1,132,94
584,2,290,150
584,3,492,258
584,4,772,346
584,5,1036,436
584,6,1334,492
584,7,1586,536
584,8,1838,600
584,9,2122,674
584,10,2480,742
584,11,2858,814
584,12,3332,978
584,13,3876,1122
584,14,4516,1266
584,15,5178,1320
584,16,5812,1416
584,17,6370,1478
584,18,6972,1614
584,19,7490,1784
584,20,7978,1994
584,21,8394,2208
584,22,8592,2346
584,23,8756,2442
584,24,8976,2574
584,25,9228,2686
584,26,9426,2802
584,27,9584,2906
584,28,9670,3032
584,29,9686,3084
585,-1,11224,1978
585,0,144,116
585,1,280,244
585,2,526,410
585,3,1270,630
585,4,2346,946
585,5,3734,1082
585,6,5210,1182
585,7,6704,1224
585,8,8186,1288
585,9,9590,1472
585,10,10784,1722
585,11,11700,1858
585,12,12558,1940
585,13,13348,1988
585,14,14196,2076
585,15,15304,2216
585,16,16430,2368
585,17,17302,2556
585,18,18010,2630
585,19,18776,2738
585,20,19434,2914
585,21,20092,2974
585,22,20626,3148
585,23,21082,3366
585,24,21398,3496
585,25,21664,3628
585,26,22010,3698
585,27,22272,3768
585,28,22412,3904
585,29,22448,3954
586,-1,5384,1650
586,0,40,62
586,1,146,142
586,2,388,306
586,3,748,478
586,4,1220,648
586,5,1806,838
586,6,2364,970
586,7,3004,1116
586,8,3556,1214
586,9,4104,1260
586,10,4644,1302
586,11,5202,1348
586,12,5752,1400
586,13,6264,1448
586,14,6752,1492
586,15,7144,1650
586,16,7514,1826
586,17,7968,1990
586,18,8352,2206
586,19,8754,2406
586,20,9192,2528
586,21,9602,2634
586,22,9964,2786
586,23,10204,2938
586,24,10402,3024
586,25,10546,3108
586,26,10618,3148
586,27,10704,3214
586,28,10750,3262
586,29,10768,3298
587,-1,35074,5068
587,0,340,208
587,1,998,420
587,2,1656,610
587,3,2482,858
587,4,3266,1214
587,5,4126,1718
587,6,6692,2286
587,7,9820,2510
587,8,12508,2860
587,9,14630,3322
587,10,16440,3644
587,11,18488,3856
587,12,20476,4144
587,13,22940,4496
587,14,25578,5198
587,15,28822,5774
587,16,32824,6158
587,17,37274,6454
587,18,42236,6666
587,19,46880,6918
587,20,51106,7148
587,21,55400,7376
587,22,59556,7526
587,23,63036,7892
587,24,65466,8440
587,25,67356,8788
587,26,68534,9202
587,27,69360,9644
587,28,69910,9912
587,29,70148,10134
588,-1,9706,2716
588,0,58,60
588,1,242,180
588,2,566,264
588,3,958,400
588,4,1542,642
588,5,2284,916
588,6,2964,1210
588,7,3474,1432
588,8,4072,1622
588,9,4780,1808
588,10,5452,2000
588,11,6144,2172
588,12,6960,2398
588,13,7872,2696
588,14,8894,2966
588,15,9892,3180
588,16,10790,3242
588,17,11692,3340
588,18,12628,3470
588,19,13726,3692
588,20,14934,3930
588,21,16104,4130
588,22,16958,4400
588,23,17764,4622
588,24,18460,4838
588,25,18876,5064
588,26,19158,5186
588,27,19246,5264
588,28,19352,5348
588,29,19412,5430
589,-1,4001,1328
589,0,26,26
589,1,116,92
589,2,244,152
589,3,406,228
589,4,566,322
589,5,678,416
589,6,848,574
589,7,1126,704
589,8,1356,912
589,9,1594,1028
589,10,1892,1120
589,11,2276,1242
589,12,2740,1356
589,13,3250,1382
589,14,3774,1412
589,15,4300,1496
589,16,4814,1592
589,17,5348,1724
589,18,5794,1840
589,19,6174,1948
589,20,6548,2030
589,21,6888,2088
589,22,7188,2132
589,23,7448,2196
589,24,7620,2280
589,25,7788,2352
589,26,7900,2480
589,27,7964,2564
589,28,7988,2622
589,29,8002,2648
590,-1,3681,1040
590,0,40,50
590,1,126,78
590,2,250,146
590,3,546,324
590,4,1062,510
590,5,1650,662
590,6,2112,734
590,7,2568,770
590,8,2996,802
590,9,3400,860
590,10,3756,930
590,11,4044,984
590,12,4330,1052
590,13,4608,1106
590,14,4834,1144
590,15,5032,1178
590,16,5226,1246
590,17,5466,1316
590,18,5722,1354
590,19,6026,1396
590,20,6296,1482
590,21,6562,1588
590,22,6794,1696
590,23,6962,1780
590,24,7066,1844
590,25,7116,1886
590,26,7172,1912
590,27,7242,1954
590,28,7320,2026
590,29,7362,2076
591,-1,5062,1620
591,0,106,90
591,1,346,214
591,2,484,384
591,3,660,502
591,4,916,572
591,5,1206,666
591,6,1592,812
591,7,2170,998
591,8,2702,1182
591,9,3160,1374
591,10,3492,1558
591,11,3870,1774
591,12,4392,1978
591,13,4904,2088
591,14,5318,2126
591,15,5680,2224
591,16,5888,2308
591,17,6062,2372
591,18,6380,2472
591,19,6856,2526
591,20,7330,2574
591,21,7804,2638
591,22,8336,2720
591,23,8866,2808
591,24,9270,2888
591,25,9590,2978
591,26,9848,3072
591,27,10020,3144
591,28,10102,3194
591,29,10124,3236
592,-1,3659,938
592,0,46,60
592,1,122,126
592,2,238,156
592,3,412,208
592,4,544,256
592,5,656,402
592,6,788,514
592,7,972,610
592,8,1258,650
592,9,1554,718
592,10,1934,818
592,11,2340,870
592,12,2734,930
592,13,3190,1014
592,14,3556,1050
592,15,3908,1078
592,16,4252,1116
592,17,4570,1178
592,18,4866,1214
592,19,5180,1254
592,20,5550,1284
592,21,5906,1326
592,22,6268,1368
592,23,6566,1436
592,24,6846,1542
592,25,7012,1668
592,26,7156,1744
592,27,7246,1788
592,28,7310,1838
592,29,7318,1874
593,-1,6089,1388
593,0,110,128
593,1,348,254
593,2,690,334
593,3,1092,408
593,4,1560,464
593,5,1990,552
593,6,2500,672
593,7,3152,894
593,8,3846,1094
593,9,4444,1240
593,10,5080,1368
593,11,5708,1416
593,12,6316,1436
593,13,6918,1458
593,14,7500,1490
593,15,8060,1524
593,16,8600,1596
593,17,9102,1702
593,18,9516,1806
593,19,9862,1918
593,20,10194,2026
593,21,10516,2084
593,22,10884,2140
593,23,11224,2250
593,24,11550,2384
593,25,11818,2464
593,26,12002,2570
593,27,12118,2670
593,28,12160,2748
593,29,12178,2774
594,-1,8160,1858
594,0,52,94
594,1,210,244
594,2,522,374
594,3,1214,560
594,4,2146,882
594,5,3416,1098
594,6,4920,1224
594,7,6270,1440
594,8,7290,1612
594,9,8054,1840
594,10,8648,1932
594,11,9332,2020
594,12,10006,2122
594,13,10678,2198
594,14,11216,2250
594,15,11690,2332
594,16,12054,2480
594,17,12380,2556
594,18,12834,2694
594,19,13088,2772
594,20,13342,2866
594,21,13752,3014
594,22,14306,3106
594,23,14742,3182
594,24,15138,3256
594,25,15558,3354
594,26,15912,3430
594,27,16160,3576
594,28,16262,3656
594,29,16320,3710
595,-1,3239,900
595,0,40,56
595,1,96,104
595,2,158,164
595,3,226,212
595,4,296,292
595,5,438,360
595,6,594,408
595,7,756,498
595,8,1010,588
595,9,1284,666
595,10,1588,786
595,11,1956,862
595,12,2290,938
595,13,2610,970
595,14,2910,1026
595,15,3220,1052
595,16,3552,1096
595,17,3920,1148
595,18,4296,1188
595,19,4654,1262
595,20,4950,1300
595,21,5262,1322
595,22,5524,1394
595,23,5742,1446
595,24,5954,1506
595,25,6120,1554
595,26,6270,1620
595,27,6382,1684
595,28,6460,1750
595,29,6478,1798
596,-1,237988,22224
596,0,1580,622
596,1,5322,1076
596,2,10980,1944
596,3,20932,2958
596,4,32960,3872
596,5,44488,4658
596,6,56364,4958
596,7,70092,5862
596,8,85290,7302
596,9,106370,9588
596,10,128290,12908
596,11,152266,16144
596,12,181226,18152
596,13,213180,19194
596,14,243376,19888
596,15,271012,21052
596,16,297260,22816
596,17,321874,24856
596,18,342560,27312
596,19,354088,28760
596,20,366658,30000
596,21,382868,32126
596,22,406928,34232
596,23,425858,36024
596,24,443734,37732
596,25,458452,39454
596,26,468038,41390
596,27,471934,43122
596,28,474264,43832
596,29,475976,44446
597,-1,4068,1286
597,0,12,24
597,1,62,80
597,2,126,118
597,3,242,178
597,4,396,234
597,5,522,288
597,6,628,386
597,7,832,498
597,8,1066,570
597,9,1318,636
597,10,1590,728
597,11,1854,790
597,12,2178,838
597,13,2570,906
597,14,3038,984
597,15,3490,1048
597,16,3934,1106
597,17,4408,1166
597,18,4954,1256
597,19,5558,1378
597,20,6142,1586
597,21,6600,1810
597,22,6950,1966
597,23,7274,2078
597,24,7528,2176
597,25,7780,2276
597,26,7970,2396
597,27,8072,2482
597,28,8124,2530
597,29,8136,2570
598,-1,6821,1894
598,0,44,40
598,1,130,80
598,2,256,144
598,3,400,210
598,4,632,306
598,5,1050,494
598,6,1514,598
598,7,1960,738
598,8,2536,894
598,9,3140,968
598,10,3734,1054
598,11,4308,1122
598,12,4908,1168
598,13,5600,1206
598,14,6264,1274
598,15,6980,1348
598,16,7690,1490
598,17,8436,1730
598,18,9206,1914
598,19,9996,2116
598,20,10610,2292
598,21,11196,2490
598,22,11618,2766
598,23,12038,2966
598,24,12512,3084
598,25,12934,3236
598,26,13350,3442
598,27,13586,3660
598,28,13626,3750
598,29,13642,3786
599,-1,4945,1238
599,0,94,114
599,1,376,284
599,2,834,432
599,3,1412,488
599,4,2006,548
599,5,2536,650
599,6,3062,716
599,7,3618,750
599,8,4168,798
599,9,4702,854
599,10,5284,906
599,11,5844,952
599,12,6404,1030
599,13,6860,1144
599,14,7270,1250
599,15,7708,1350
599,16,8050,1490
599,17,8338,1660
599,18,8602,1772
599,19,8858,1816
599,20,9012,1926
599,21,9076,1988
599,22,9170,2036
599,23,9312,2084
599,24,9462,2128
599,25,9586,2166
599,26,9714,2226
599,27,9788,2314
599,28,9872,2426
599,29,9890,2472
600,-1,4644,1044
600,0,50,64
600,1,206,90
600,2,356,124
600,3,570,190
600,4,752,242
600,5,1004,302
600,6,1252,336
600,7,1508,388
600,8,1794,456
600,9,2130,534
600,10,2426,606
600,11,2760,696
600,12,3120,772
600,13,3512,814
600,14,3920,842
600,15,4342,864
600,16,4774,894
600,17,5198,950
600,18,5628,978
600,19,6054,1032
600,20,6450,1088
600,21,6906,1186
600,22,7426,1274
600,23,7936,1400
600,24,8360,1538
600,25,8684,1668
600,26,8908,1772
600,27,9126,1894
600,28,9268,2034
600,29,9288,2084
601,-1,5235,1234
601,0,74,84
601,1,232,210
601,2,388,306
601,3,638,412
601,4,912,508
601,5,1188,596
601,6,1402,692
601,7,1684,776
601,8,2006,882
601,9,2356,1000
601,10,2802,1060
601,11,3302,1132
601,12,3854,1186
601,13,4386,1260
601,14,4944,1340
601,15,5558,1368
601,16,6214,1410
601,17,6828,1496
601,18,7376,1606
601,19,7920,1728
601,20,8386,1832
601,21,8782,1912
601,22,9154,1966
601,23,9434,2046
601,24,9696,2106
601,25,9988,2134
601,26,10254,2178
601,27,10376,2330
601,28,10434,2418
601,29,10470,2460
602,-1,4626,1244
602,0,44,72
602,1,122,128
602,2,208,236
602,3,314,348
602,4,508,414
602,5,774,486
602,6,1074,560
602,7,1422,630
602,8,1816,712
602,9,2282,822
602,10,2830,902
602,11,3408,1038
602,12,4038,1154
602,13,4706,1266
602,14,5170,1336
602,15,5662,1392
602,16,6170,1424
602,17,6678,1502
602,18,7166,1586
602,19,7610,1700
602,20,7944,1882
602,21,8238,2036
602,22,8474,2156
602,23,8656,2208
602,24,8824,2262
602,25,8964,2294
602,26,9102,2336
602,27,9200,2398
602,28,9246,2462
602,29,9252,2486
603,-1,3301,762
603,0,28,40
603,1,194,202
603,2,452,276
603,3,660,324
603,4,892,388
603,5,1148,418
603,6,1394,470
603,7,1594,534
603,8,1752,556
603,9,1894,582
603,10,2046,640
603,11,2266,768
603,12,2510,830
603,13,2792,894
603,14,3096,960
603,15,3422,994
603,16,3740,1022
603,17,4074,1066
603,18,4378,1090
603,19,4692,1114
603,20,5016,1140
603,21,5324,1172
603,22,5598,1202
603,23,5824,1262
603,24,6008,1308
603,25,6190,1330
603,26,6366,1346
603,27,6496,1422
603,28,6578,1480
603,29,6602,1518
604,-1,12035,1914
604,0,130,120
604,1,496,312
604,2,966,452
604,3,1500,614
604,4,2096,836
604,5,2722,960
604,6,3392,1068
604,7,4074,1182
604,8,4796,1270
604,9,5566,1358
604,10,6456,1496
604,11,7558,1682
604,12,8722,1794
604,13,9890,1874
604,14,11128,1998
604,15,12364,2092
604,16,13558,2162
604,17,14728,2222
604,18,15942,2248
604,19,17160,2294
604,20,18352,2370
604,21,19490,2506
604,22,20644,2616
604,23,21728,2738
604,24,22634,2966
604,25,23262,3200
604,26,23738,3444
604,27,23976,3692
604,28,24040,3768
604,29,24070,3824
605,-1,6462,1538
605,0,26,34
605,1,80,58
605,2,200,140
605,3,414,266
605,4,704,352
605,5,1116,482
605,6,1628,566
605,7,2170,684
605,8,2804,826
605,9,3504,932
605,10,4252,1062
605,11,5100,1152
605,12,6006,1202
605,13,6864,1284
605,14,7422,1346
605,15,7990,1444
605,16,8646,1548
605,17,9294,1634
605,18,9930,1806
605,19,10498,1940
605,20,11074,2094
605,21,11508,2336
605,22,11878,2508
605,23,12192,2684
605,24,12394,2828
605,25,12588,2920
605,26,12734,2964
605,27,12842,3006
605,28,12900,3042
605,29,12924,3072
606,-1,13453,2702
606,0,116,124
606,1,450,310
606,2,948,436
606,3,1430,546
606,4,1848,794
606,5,2036,976
606,6,2216,1100
606,7,2522,1276
606,8,3148,1556
606,9,4348,1782
606,10,5704,1978
606,11,7380,2202
606,12,9190,2434
606,13,10728,2672
606,14,12260,2816
606,15,13908,2900
606,16,15624,2992
606,17,17360,3144
606,18,18882,3386
606,19,20342,3710
606,20,21544,3966
606,21,22722,4144
606,22,23918,4288
606,23,24950,4424
606,24,25720,4674
606,25,26170,4892
606,26,26400,5004
606,27,26666,5168
606,28,26804,5276
606,29,26906,5396
607,-1,3475,1456
607,0,60,72
607,1,188,130
607,2,276,182
607,3,418,248
607,4,624,320
607,5,786,442
607,6,920,526
607,7,1142,650
607,8,1512,810
607,9,1870,942
607,10,2240,1048
607,11,2592,1138
607,12,2994,1230
607,13,3374,1282
607,14,3726,1318
607,15,4054,1376
607,16,4334,1452
607,17,4580,1574
607,18,4798,1702
607,19,5034,1838
607,20,5298,1960
607,21,5546,2076
607,22,5774,2204
607,23,6006,2392
607,24,6268,2516
607,25,6464,2590
607,26,6634,2664
607,27,6804,2766
607,28,6910,2860
607,29,6950,2908
608,-1,25612,3322
608,0,384,318
608,1,1762,636
608,2,3090,860
608,3,4306,936
608,4,5400,1028
608,5,6540,1124
608,6,7468,1282
608,7,8132,1402
608,8,8842,1610
608,9,9744,1680
608,10,10672,1804
608,11,11630,1954
608,12,12628,2144
608,13,13882,2432
608,14,15466,2774
608,15,17470,2980
608,16,19528,3150
608,17,21806,3288
608,18,24196,3480
608,19,27000,3772
608,20,30228,4156
608,21,33690,4440
608,22,37480,4630
608,23,40960,5028
608,24,44084,5320
608,25,46668,5660
608,26,48802,5956
608,27,50300,6200
608,28,51014,6472
608,29,51224,6634
609,-1,18265,3298
609,0,318,250
609,1,952,626
609,2,2012,804
609,3,3272,960
609,4,4764,1286
609,5,6672,1706
609,6,8442,2066
609,7,10142,2140
609,8,11882,2342
609,9,13614,2602
609,10,15300,2728
609,11,16916,2860
609,12,18360,3020
609,13,19714,3138
609,14,21164,3376
609,15,22632,3668
609,16,24046,3902
609,17,25538,4128
609,18,26816,4344
609,19,27874,4484
609,20,29192,4622
609,21,30418,4804
609,22,31536,4994
609,23,32922,5292
609,24,34238,5532
609,25,35076,5934
609,26,35546,6218
609,27,35934,6370
609,28,36338,6474
609,29,36530,6588
610,-1,7556,1330
610,0,42,42
610,1,196,116
610,2,380,162
610,3,610,232
610,4,860,262
610,5,1188,414
610,6,1696,546
610,7,2270,582
610,8,2836,636
610,9,3380,708
610,10,3956,792
610,11,4584,884
610,12,5244,974
610,13,5866,1082
610,14,6462,1220
610,15,6998,1304
610,16,7580,1394
610,17,8184,1488
610,18,8814,1634
610,19,9444,1722
610,20,10138,1776
610,21,10894,1818
610,22,11618,1866
610,23,12312,1910
610,24,13046,1982
610,25,13716,2074
610,26,14346,2166
610,27,14830,2334
610,28,15054,2578
610,29,15112,2658
611,-1,4583,1326
611,0,14,26
611,1,30,46
611,2,76,108
611,3,164,186
611,4,256,230
611,5,358,288
611,6,462,432
611,7,582,576
611,8,794,792
611,9,1190,1044
611,10,1594,1190
611,11,2034,1314
611,12,2516,1404
611,13,3012,1460
611,14,3478,1512
611,15,3942,1566
611,16,4418,1680
611,17,4918,1774
611,18,5398,1836
611,19,5868,1884
611,20,6392,1966
611,21,6910,2048
611,22,7380,2110
611,23,7828,2170
611,24,8230,2220
611,25,8596,2270
611,26,8886,2366
611,27,9020,2462
611,28,9120,2560
611,29,9166,2644
612,-1,3133,1076
612,0,38,62
612,1,192,188
612,2,460,302
612,3,734,396
612,4,1012,444
612,5,1294,502
612,6,1564,532
612,7,1794,580
612,8,2024,614
612,9,2206,710
612,10,2312,830
612,11,2450,958
612,12,2626,1128
612,13,2846,1212
612,14,3094,1286
612,15,3312,1336
612,16,3508,1376
612,17,3698,1430
612,18,3906,1524
612,19,4164,1606
612,20,4458,1648
612,21,4754,1676
612,22,5056,1690
612,23,5376,1734
612,24,5652,1772
612,25,5910,1850
612,26,6070,1952
612,27,6188,2058
612,28,6244,2110
612,29,6266,2148
613,-1,11791,2084
613,0,122,128
613,1,392,294
613,2,1014,572
613,3,1868,898
613,4,3058,1036
613,5,4392,1110
613,6,5726,1176
613,7,7102,1250
613,8,8190,1406
613,9,9394,1534
613,10,10416,1662
613,11,11496,1776
613,12,12768,1898
613,13,13994,1982
613,14,15296,2030
613,15,16524,2098
613,16,17680,2164
613,17,18778,2296
613,18,19786,2514
613,19,20602,2738
613,20,21240,2932
613,21,21716,3126
613,22,22174,3310
613,23,22550,3550
613,24,22900,3728
613,25,23188,3828
613,26,23378,3960
613,27,23504,4064
613,28,23562,4114
613,29,23582,4166
614,-1,7838,2394
614,0,38,38
614,1,156,104
614,2,338,150
614,3,618,306
614,4,1136,554
614,5,1804,742
614,6,2732,1122
614,7,3702,1476
614,8,4734,1776
614,9,5740,2070
614,10,6676,2250
614,11,7666,2450
614,12,8630,2630
614,13,9542,2696
614,14,10352,2902
614,15,11080,3078
614,16,11778,3272
614,17,12404,3416
614,18,12936,3532
614,19,13410,3640
614,20,13788,3718
614,21,14168,3818
614,22,14570,3968
614,23,14928,4226
614,24,15208,4420
614,25,15362,4564
614,26,15480,4638
614,27,15584,4682
614,28,15646,4728
614,29,15676,4786
615,-1,3273,1050
615,0,54,70
615,1,160,98
615,2,406,186
615,3,778,276
615,4,1212,320
615,5,1724,408
615,6,2344,472
615,7,2968,540
615,8,3486,668
615,9,3884,762
615,10,4302,896
615,11,4790,1060
615,12,5222,1166
615,13,5488,1352
615,14,5634,1432
615,15,5772,1502
615,16,5814,1556
615,17,5858,1592
615,18,5932,1618
615,19,6038,1654
615,20,6144,1686
615,21,6232,1760
615,22,6280,1798
615,23,6320,1848
615,24,6366,1882
615,25,6394,1914
615,26,6408,1936
615,27,6466,1994
615,28,6522,2052
615,29,6546,2096
616,-1,12655,2952
616,0,248,206
616,1,710,398
616,2,1248,488
616,3,1784,588
616,4,2270,810
616,5,2736,1016
616,6,3602,1410
616,7,4684,1848
616,8,6130,2194
616,9,7452,2754
616,10,8868,3046
616,11,10350,3126
616,12,11882,3238
616,13,13380,3368
616,14,14688,3518
616,15,15944,3606
616,16,17050,3776
616,17,17914,3892
616,18,18814,4048
616,19,19710,4186
616,20,20552,4432
616,21,21256,4578
616,22,21928,4682
616,23,22628,4798
616,24,23350,4966
616,25,24074,5222
616,26,24688,5504
616,27,25150,5742
616,28,25272,5840
616,29,25310,5902
617,-1,5464,1232
617,0,18,36
617,1,146,148
617,2,406,218
617,3,708,256
617,4,990,296
617,5,1268,360
617,6,1608,412
617,7,1856,524
617,8,2140,696
617,9,2652,896
617,10,3268,1008
617,11,3886,1106
617,12,4538,1148
617,13,5144,1260
617,14,5668,1396
617,15,6204,1468
617,16,6714,1520
617,17,7170,1586
617,18,7644,1636
617,19,8112,1736
617,20,8558,1798
617,21,9044,1930
617,22,9516,2022
617,23,9892,2080
617,24,10234,2118
617,25,10532,2166
617,26,10778,2306
617,27,10846,2382
617,28,10906,2416
617,29,10928,2460
618,-1,3430,982
618,0,6,14
618,1,26,32
618,2,48,58
618,3,84,90
618,4,132,126
618,5,164,184
618,6,264,306
618,7,468,462
618,8,782,634
618,9,1154,720
618,10,1620,796
618,11,2142,858
618,12,2670,900
618,13,3202,918
618,14,3724,964
618,15,4218,1036
618,16,4656,1112
618,17,5056,1196
618,18,5442,1312
618,19,5808,1402
618,20,6144,1500
618,21,6392,1658
618,22,6522,1760
618,23,6588,1790
618,24,6638,1806
618,25,6702,1832
618,26,6764,1850
618,27,6822,1898
618,28,6854,1940
618,29,6860,1962
619,-1,4055,1242
619,0,20,44
619,1,114,152
619,2,268,242
619,3,480,338
619,4,742,428
619,5,1022,544
619,6,1364,656
619,7,1732,736
619,8,2094,806
619,9,2432,842
619,10,2792,916
619,11,3210,1034
619,12,3734,1160
619,13,4228,1268
619,14,4668,1348
619,15,5060,1436
619,16,5508,1528
619,17,5990,1602
619,18,6440,1728
619,19,6722,1786
619,20,6970,1872
619,21,7210,1944
619,22,7404,2032
619,23,7586,2090
619,24,7750,2164
619,25,7878,2244
619,26,7966,2320
619,27,8036,2368
619,28,8084,2420
619,29,8110,2476
620,-1,7430,1764
620,0,28,34
620,1,96,78
620,2,212,176
620,3,412,248
620,4,634,368
620,5,1034,572
620,6,1502,812
620,7,1976,962
620,8,2598,1084
620,9,3332,1222
620,10,4100,1324
620,11,4854,1424
620,12,5642,1510
620,13,6454,1580
620,14,7374,1654
620,15,8314,1712
620,16,9248,1744
620,17,10144,1800
620,18,11000,1840
620,19,11916,1876
620,20,12746,2032
620,21,13210,2382
620,22,13464,2638
620,23,13730,2806
620,24,14042,3028
620,25,14344,3198
620,26,14580,3320
620,27,14700,3406
620,28,14792,3438
620,29,14860,3522
621,-1,3210,1030
621,0,64,90
621,1,200,160
621,2,336,216
621,3,464,312
621,4,664,392
621,5,890,422
621,6,1122,444
621,7,1414,506
621,8,1724,544
621,9,2004,584
621,10,2298,604
621,11,2568,656
621,12,2850,766
621,13,3214,858
621,14,3602,904
621,15,4020,956
621,16,4406,1010
621,17,4758,1072
621,18,5080,1142
621,19,5348,1242
621,20,5614,1336
621,21,5786,1508
621,22,5898,1624
621,23,6020,1712
621,24,6128,1782
621,25,6230,1856
621,26,6336,1942
621,27,6380,1990
621,28,6406,2022
621,29,6420,2056
622,-1,3377,974
622,0,28,30
622,1,130,104
622,2,348,218
622,3,570,272
622,4,796,334
622,5,1028,384
622,6,1286,418
622,7,1526,472
622,8,1764,542
622,9,2000,612
622,10,2256,676
622,11,2532,698
622,12,2758,746
622,13,2976,816
622,14,3256,930
622,15,3554,974
622,16,3862,1030
622,17,4220,1106
622,18,4548,1156
622,19,4850,1234
622,20,5148,1362
622,21,5446,1468
622,22,5744,1526
622,23,6034,1578
622,24,6286,1684
622,25,6466,1764
622,26,6592,1838
622,27,6676,1870
622,28,6738,1906
622,29,6754,1944
623,-1,5454,1602
623,0,132,156
623,1,524,444
623,2,1112,636
623,3,1570,766
623,4,2078,884
623,5,2674,1008
623,6,3408,1110
623,7,4190,1176
623,8,4744,1220
623,9,5172,1374
623,10,5616,1532
623,11,6022,1620
623,12,6452,1668
623,13,7034,1770
623,14,7648,1844
623,15,8042,2016
623,16,8274,2198
623,17,8394,2316
623,18,8502,2358
623,19,8750,2522
623,20,9086,2622
623,21,9474,2664
623,22,9844,2720
623,23,10168,2802
623,24,10402,2894
623,25,10570,2948
623,26,10668,3024
623,27,10770,3112
623,28,10860,3156
623,29,10908,3202
624,-1,28739,4704
624,0,72,88
624,1,224,260
624,2,938,548
624,3,1770,730
624,4,2290,1000
624,5,2852,1278
624,6,3596,1456
624,7,4560,1592
624,8,5412,1736
624,9,6780,1966
624,10,8684,2384
624,11,11048,2970
624,12,14046,3252
624,13,17348,3568
624,14,21120,3770
624,15,24980,3924
624,16,28614,4156
624,17,31802,4446
624,18,34808,4754
624,19,37850,5150
624,20,41066,5700
624,21,44364,6120
624,22,47384,6520
624,23,50386,6790
624,24,53302,7130
624,25,55304,8062
624,26,56098,8562
624,27,56696,8882
624,28,57256,9184
624,29,57478,9404
625,-1,9933,2202
625,0,160,110
625,1,422,222
625,2,722,308
625,3,1130,418
625,4,1554,506
625,5,2064,650
625,6,2776,880
625,7,3494,1020
625,8,4282,1152
625,9,5144,1300
625,10,6032,1404
625,11,7042,1520
625,12,8052,1594
625,13,9068,1650
625,14,10048,1742
625,15,11058,1808
625,16,12102,1918
625,17,12908,2082
625,18,13600,2164
625,19,14258,2242
625,20,14900,2320
625,21,15766,2574
625,22,16522,2844
625,23,17102,3096
625,24,17678,3308
625,25,18208,3476
625,26,18912,3754
625,27,19528,4016
625,28,19792,4282
625,29,19866,4396
626,-1,3291,1406
626,0,30,52
626,1,100,114
626,2,242,196
626,3,448,266
626,4,708,376
626,5,1054,478
626,6,1414,570
626,7,1764,672
626,8,2084,808
626,9,2360,902
626,10,2604,1010
626,11,2880,1158
626,12,3206,1310
626,13,3488,1504
626,14,3746,1626
626,15,4050,1718
626,16,4354,1778
626,17,4622,1884
626,18,4798,2060
626,19,5054,2196
626,20,5288,2266
626,21,5528,2302
626,22,5808,2364
626,23,6110,2444
626,24,6338,2540
626,25,6454,2638
626,26,6526,2724
626,27,6562,2770
626,28,6576,2796
626,29,6582,2808
627,-1,6670,1742
627,0,58,64
627,1,166,106
627,2,270,136
627,3,404,224
627,4,626,378
627,5,934,530
627,6,1476,720
627,7,2102,944
627,8,2810,1244
627,9,3572,1428
627,10,4268,1566
627,11,4906,1672
627,12,5594,1784
627,13,6294,1848
627,14,6986,1922
627,15,7622,1948
627,16,8262,2032
627,17,8888,2096
627,18,9512,2176
627,19,10146,2266
627,20,10840,2356
627,21,11482,2538
627,22,11968,2736
627,23,12352,2930
627,24,12630,3090
627,25,12858,3202
627,26,13106,3290
627,27,13286,3370
627,28,13330,3450
627,29,13340,3480
628,-1,7722,2046
628,0,42,62
628,1,146,132
628,2,342,302
628,3,586,430
628,4,976,590
628,5,1428,640
628,6,1890,712
628,7,2374,846
628,8,2826,940
628,9,3272,1012
628,10,3810,1196
628,11,4368,1350
628,12,5008,1548
628,13,5686,1754
628,14,6406,2022
628,15,7082,2182
628,16,7784,2430
628,17,8522,2592
628,18,9378,2698
628,19,10318,2794
628,20,11350,2930
628,21,12366,3058
628,22,13242,3180
628,23,14036,3310
628,24,14654,3474
628,25,15016,3640
628,26,15252,3850
628,27,15374,4010
628,28,15416,4060
628,29,15444,4090
629,-1,3472,1024
629,0,28,40
629,1,68,64
629,2,176,144
629,3,376,252
629,4,704,346
629,5,1014,470
629,6,1300,608
629,7,1674,704
629,8,2054,802
629,9,2448,952
629,10,2898,1116
629,11,3300,1272
629,12,3730,1326
629,13,4160,1344
629,14,4588,1368
629,15,4974,1434
629,16,5262,1512
629,17,5534,1536
629,18,5788,1568
629,19,5934,1590
629,20,6084,1636
629,21,6228,1666
629,22,6384,1696
629,23,6534,1752
629,24,6674,1826
629,25,6798,1908
629,26,6868,1946
629,27,6924,1988
629,28,6938,2030
629,29,6944,2046
630,-1,4213,1422
630,0,34,52
630,1,300,152
630,2,582,220
630,3,794,286
630,4,980,350
630,5,1190,394
630,6,1350,440
630,7,1542,522
630,8,1828,674
630,9,2200,740
630,10,2622,804
630,11,3114,884
630,12,3618,952
630,13,4090,1018
630,14,4470,1148
630,15,4760,1258
630,16,5016,1348
630,17,5334,1410
630,18,5626,1470
630,19,5864,1584
630,20,6164,1788
630,21,6614,2050
630,22,7110,2210
630,23,7596,2386
630,24,7918,2546
630,25,8098,2622
630,26,8278,2700
630,27,8344,2748
630,28,8396,2792
630,29,8426,2840
631,-1,4116,1094
631,0,36,50
631,1,210,136
631,2,494,226
631,3,886,302
631,4,1300,348
631,5,1674,410
631,6,2024,486
631,7,2352,528
631,8,2672,612
631,9,2934,718
631,10,3182,830
631,11,3432,958
631,12,3714,1006
631,13,4026,1172
631,14,4342,1292
631,15,4594,1396
631,16,4880,1488
631,17,5332,1586
631,18,5810,1626
631,19,6240,1670
631,20,6628,1702
631,21,7020,1756
631,22,7396,1844
631,23,7664,1934
631,24,7860,2000
631,25,7988,2064
631,26,8102,2084
631,27,8174,2138
631,28,8210,2160
631,29,8232,2182
632,-1,5031,1252
632,0,32,60
632,1,174,222
632,2,382,422
632,3,612,580
632,4,828,726
632,5,1166,892
632,6,1586,976
632,7,2038,1016
632,8,2492,1030
632,9,2972,1070
632,10,3464,1102
632,11,3938,1180
632,12,4392,1228
632,13,4878,1282
632,14,5392,1318
632,15,5910,1388
632,16,6442,1452
632,17,7008,1532
632,18,7538,1578
632,19,8036,1648
632,20,8462,1764
632,21,8766,1880
632,22,9056,1978
632,23,9338,2112
632,24,9626,2280
632,25,9816,2358
632,26,9914,2388
632,27,9982,2428
632,28,10044,2458
632,29,10062,2502
634,-1,4859,1326
634,0,70,68
634,1,256,214
634,2,502,346
634,3,788,428
634,4,1140,498
634,5,1490,548
634,6,1900,604
634,7,2384,658
634,8,2764,766
634,9,3176,888
634,10,3664,990
634,11,4220,1088
634,12,4716,1144
634,13,5178,1180
634,14,5610,1246
634,15,6076,1350
634,16,6388,1408
634,17,6698,1522
634,18,7020,1628
634,19,7352,1690
634,20,7698,1740
634,21,7998,1832
634,22,8324,1956
634,23,8670,2030
634,24,8954,2134
634,25,9194,2282
634,26,9434,2398
634,27,9628,2514
634,28,9702,2610
634,29,9718,2646
635,-1,3541,1152
635,0,46,60
635,1,140,102
635,2,246,124
635,3,342,148
635,4,458,186
635,5,582,254
635,6,760,312
635,7,942,374
635,8,1202,478
635,9,1464,562
635,10,1824,664
635,11,2256,764
635,12,2746,800
635,13,3242,838
635,14,3688,920
635,15,4104,1050
635,16,4514,1178
635,17,5032,1314
635,18,5522,1440
635,19,5932,1606
635,20,6280,1752
635,21,6588,1816
635,22,6760,1972
635,23,6868,2070
635,24,6914,2138
635,25,6942,2194
635,26,6974,2236
635,27,7014,2252
635,28,7062,2268
635,29,7082,2298
636,-1,16582,3076
636,0,296,138
636,1,692,216
636,2,1134,332
636,3,1874,492
636,4,2464,796
636,5,3088,998
636,6,3722,1136
636,7,4384,1334
636,8,5124,1524
636,9,6282,1652
636,10,7518,1818
636,11,8922,1938
636,12,10410,2162
636,13,11980,2460
636,14,13518,2692
636,15,15032,2964
636,16,16744,3148
636,17,18522,3354
636,18,20308,3442
636,19,21868,3640
636,20,23258,3770
636,21,24498,4078
636,22,25592,4220
636,23,26894,4504
636,24,28648,4648
636,25,30346,4902
636,26,31716,5302
636,27,32636,5690
636,28,33044,6006
636,29,33164,6150
637,-1,4501,2028
637,0,84,58
637,1,138,132
637,2,258,212
637,3,394,362
637,4,612,534
637,5,840,680
637,6,1146,788
637,7,1304,900
637,8,1476,990
637,9,1688,1130
637,10,1974,1198
637,11,2304,1316
637,12,2742,1572
637,13,3184,1802
637,14,3684,2004
637,15,4348,2202
637,16,4908,2420
637,17,5630,2688
637,18,6446,2840
637,19,7046,2986
637,20,7648,3094
637,21,8112,3264
637,22,8480,3552
637,23,8664,3696
637,24,8760,3754
637,25,8818,3838
637,26,8892,3900
637,27,8950,3986
637,28,8980,4018
637,29,9002,4054
638,-1,17407,2858
638,0,80,54
638,1,330,186
638,2,798,286
638,3,1422,398
638,4,2236,558
638,5,3120,720
638,6,3808,778
638,7,4534,916
638,8,5412,1114
638,9,6432,1234
638,10,7664,1432
638,11,9060,1640
638,12,10550,1848
638,13,12066,1994
638,14,13650,2182
638,15,15528,2366
638,16,17526,2578
638,17,19602,2772
638,18,21726,2958
638,19,24062,3150
638,20,26452,3436
638,21,28460,3848
638,22,30108,4152
638,23,31598,4402
638,24,32906,4802
638,25,33732,5124
638,26,34308,5328
638,27,34542,5504
638,28,34742,5608
638,29,34814,5714
639,-1,6348,1506
639,0,80,102
639,1,322,208
639,2,656,320
639,3,994,404
639,4,1284,520
639,5,1578,592
639,6,1888,722
639,7,2164,806
639,8,2494,906
639,9,2890,1030
639,10,3450,1250
639,11,4134,1386
639,12,4918,1496
639,13,5740,1568
639,14,6564,1650
639,15,7390,1736
639,16,8154,1796
639,17,8858,1842
639,18,9574,1894
639,19,10222,2012
639,20,10688,2154
639,21,11186,2300
639,22,11654,2530
639,23,12020,2686
639,24,12286,2796
639,25,12468,2852
639,26,12564,2912
639,27,12628,2932
639,28,12676,2972
639,29,12696,3010
640,-1,6963,2002
640,0,46,80
640,1,184,194
640,2,538,442
640,3,1168,570
640,4,1840,694
640,5,2614,782
640,6,3606,940
640,7,4800,1084
640,8,6100,1324
640,9,7204,1688
640,10,8054,2106
640,11,8738,2230
640,12,9286,2300
640,13,9910,2438
640,14,10434,2636
640,15,10880,2752
640,16,11332,2906
640,17,11658,3016
640,18,12000,3104
640,19,12362,3164
640,20,12710,3244
640,21,12928,3394
640,22,13042,3484
640,23,13132,3558
640,24,13290,3630
640,25,13390,3694
640,26,13490,3734
640,27,13688,3824
640,28,13892,3940
640,29,13926,4002
641,-1,5557,1212
641,0,50,94
641,1,194,200
641,2,428,360
641,3,768,488
641,4,1210,652
641,5,1742,708
641,6,2288,730
641,7,2826,762
641,8,3354,790
641,9,3850,846
641,10,4328,916
641,11,4816,1038
641,12,5342,1134
641,13,5898,1212
641,14,6454,1268
641,15,7002,1312
641,16,7550,1356
641,17,8076,1398
641,18,8618,1438
641,19,9142,1548
641,20,9564,1670
641,21,9940,1764
641,22,10238,1868
641,23,10504,1964
641,24,10766,2098
641,25,10980,2238
641,26,11076,2366
641,27,11092,2390
641,28,11106,2402
641,29,11114,2422
642,-1,5992,1518
642,0,42,70
642,1,190,174
642,2,386,230
642,3,696,340
642,4,1106,480
642,5,1592,604
642,6,2108,754
642,7,2710,838
642,8,3286,900
642,9,3856,1000
642,10,4390,1204
642,11,4854,1374
642,12,5310,1520
642,13,5760,1670
642,14,6170,1756
642,15,6600,1820
642,16,7060,1926
642,17,7518,2064
642,18,7978,2112
642,19,8458,2154
642,20,8972,2190
642,21,9490,2246
642,22,10028,2302
642,23,10516,2380
642,24,10926,2524
642,25,11294,2664
642,26,11560,2738
642,27,11788,2882
642,28,11932,2970
642,29,11984,3028
643,-1,23450,3702
643,0,146,172
643,1,568,462
643,2,1414,710
643,3,2368,890
643,4,3202,1120
643,5,4104,1220
643,6,5134,1372
643,7,6350,1720
643,8,7700,2096
643,9,9464,2604
643,10,11782,2916
643,11,14266,3100
643,12,16980,3274
643,13,19984,3574
643,14,23254,3804
643,15,26260,4042
643,16,29076,4214
643,17,31836,4376
643,18,34268,4560
643,19,36232,4734
643,20,38060,4862
643,21,39822,5046
643,22,41380,5316
643,23,42860,5598
643,24,44094,5956
643,25,45144,6372
643,26,46140,6792
643,27,46754,7218
643,28,46852,7336
643,29,46900,7402
644,-1,6193,1510
644,0,58,68
644,1,208,124
644,2,364,252
644,3,602,460
644,4,1020,540
644,5,1492,582
644,6,1990,634
644,7,2534,698
644,8,3142,788
644,9,3810,866
644,10,4546,998
644,11,5316,1096
644,12,5920,1172
644,13,6524,1234
644,14,7140,1274
644,15,7790,1334
644,16,8386,1422
644,17,8926,1518
644,18,9374,1700
644,19,9754,1836
644,20,10098,1974
644,21,10504,2174
644,22,10988,2316
644,23,11410,2492
644,24,11716,2610
644,25,11948,2714
644,26,12160,2808
644,27,12310,2902
644,28,12370,2986
644,29,12386,3018
645,-1,5620,1750
645,0,34,50
645,1,170,152
645,2,366,264
645,3,564,426
645,4,814,528
645,5,1218,634
645,6,1684,756
645,7,2308,910
645,8,2988,1004
645,9,3576,1164
645,10,4426,1350
645,11,5458,1506
645,12,6296,1688
645,13,7010,1928
645,14,7542,2248
645,15,7958,2420
645,16,8246,2492
645,17,8510,2552
645,18,8792,2606
645,19,9114,2648
645,20,9472,2692
645,21,9846,2790
645,22,10120,2920
645,23,10348,3040
645,24,10538,3152
645,25,10772,3208
645,26,10994,3286
645,27,11108,3368
645,28,11214,3432
645,29,11240,3494
646,-1,17294,2908
646,0,358,346
646,1,1480,592
646,2,2704,718
646,3,3852,896
646,4,4754,1144
646,5,5552,1254
646,6,6390,1420
646,7,7280,1578
646,8,8202,1868
646,9,9534,2292
646,10,11384,2514
646,11,13298,2856
646,12,15402,3084
646,13,17668,3328
646,14,19474,3608
646,15,21160,3768
646,16,22746,3872
646,17,24242,4056
646,18,25600,4242
646,19,26834,4370
646,20,28014,4476
646,21,29036,4616
646,22,30022,4794
646,23,30820,4900
646,24,31480,5088
646,25,32306,5246
646,26,33172,5378
646,27,33846,5512
646,28,34452,5676
646,29,34588,5810
647,-1,28856,3986
647,0,150,112
647,1,670,284
647,2,1478,430
647,3,2636,610
647,4,3964,780
647,5,5360,900
647,6,6928,1088
647,7,8628,1326
647,8,10542,1490
647,9,12544,1730
647,10,14150,2214
647,11,16024,2694
647,12,18536,3116
647,13,21254,3622
647,14,24070,3926
647,15,27024,4080
647,16,30406,4494
647,17,34208,4718
647,18,37614,5036
647,19,40902,5270
647,20,43822,5674
647,21,46088,6076
647,22,48148,6266
647,23,50276,6402
647,24,52004,6606
647,25,53528,6846
647,26,55104,7116
647,27,56534,7354
647,28,57504,7726
647,29,57712,7970
648,-1,11956,2498
648,0,60,94
648,1,462,436
648,2,1356,778
648,3,2330,974
648,4,3392,1262
648,5,4612,1426
648,6,5832,1666
648,7,7214,1784
648,8,8612,1846
648,9,9974,1980
648,10,11254,2166
648,11,12636,2258
648,12,14080,2310
648,13,15416,2474
648,14,16558,2694
648,15,17430,2786
648,16,18260,2880
648,17,19032,2970
648,18,19816,3038
648,19,20552,3312
648,20,21112,3730
648,21,21456,3928
648,22,21932,4130
648,23,22296,4414
648,24,22606,4588
648,25,22970,4632
648,26,23296,4690
648,27,23610,4750
648,28,23824,4876
648,29,23912,4992
649,-1,6164,2032
649,0,96,96
649,1,180,172
649,2,372,280
649,3,608,334
649,4,882,410
649,5,1172,516
649,6,1412,594
649,7,1788,864
649,8,2346,1194
649,9,2962,1362
649,10,3706,1492
649,11,4466,1806
649,12,5188,2096
649,13,6116,2314
649,14,6868,2560
649,15,7448,2656
649,16,7998,2702
649,17,8578,2772
649,18,9202,2878
649,19,9838,2974
649,20,10418,3078
649,21,10950,3170
649,22,11394,3330
649,23,11668,3522
649,24,11826,3648
649,25,11998,3800
649,26,12116,3876
649,27,12220,3918
649,28,12278,3992
649,29,12328,4062
650,-1,6265,1584
650,0,26,48
650,1,92,96
650,2,308,188
650,3,632,416
650,4,1024,488
650,5,1428,546
650,6,1888,646
650,7,2388,818
650,8,2990,916
650,9,3552,1060
650,10,4178,1274
650,11,4768,1412
650,12,5226,1536
650,13,5838,1688
650,14,6384,1756
650,15,6910,1828
650,16,7448,1940
650,17,8056,2044
650,18,8706,2218
650,19,9306,2316
650,20,9818,2388
650,21,10268,2440
650,22,10664,2500
650,23,10976,2600
650,24,11308,2708
650,25,11562,2798
650,26,11812,2866
650,27,12138,2938
650,28,12434,3040
650,29,12530,3160
651,-1,22355,3196
651,0,66,94
651,1,148,188
651,2,400,364
651,3,1212,552
651,4,2224,734
651,5,3274,1022
651,6,4314,1170
651,7,5514,1368
651,8,6838,1430
651,9,8104,1498
651,10,9656,1770
651,11,11662,1962
651,12,14068,2242
651,13,16838,2552
651,14,19228,2878
651,15,21948,3094
651,16,24812,3162
651,17,27452,3334
651,18,29868,3726
651,19,32088,4074
651,20,34196,4330
651,21,36494,4428
651,22,38704,4652
651,23,40610,4928
651,24,42108,5226
651,25,43244,5630
651,26,44028,5912
651,27,44556,6220
651,28,44654,6336
651,29,44710,6386
652,-1,3447,850
652,0,16,28
652,1,46,70
652,2,70,122
652,3,164,204
652,4,316,284
652,5,488,382
652,6,720,458
652,7,1008,600
652,8,1374,710
652,9,1772,792
652,10,2182,818
652,11,2596,834
652,12,2996,862
652,13,3418,900
652,14,3858,918
652,15,4280,950
652,16,4716,972
652,17,5110,1024
652,18,5474,1056
652,19,5704,1100
652,20,5924,1176
652,21,6084,1236
652,22,6250,1280
652,23,6392,1334
652,24,6522,1402
652,25,6650,1458
652,26,6756,1538
652,27,6830,1606
652,28,6880,1660
652,29,6894,1698
653,-1,8604,1810
653,0,18,34
653,1,188,206
653,2,604,318
653,3,1148,410
653,4,1700,486
653,5,2296,594
653,6,2788,682
653,7,3184,872
653,8,3758,1136
653,9,4474,1372
653,10,5352,1504
653,11,6168,1680
653,12,6888,1724
653,13,7630,1792
653,14,8586,1902
653,15,9578,2002
653,16,10410,2194
653,17,11148,2278
653,18,11910,2338
653,19,12608,2402
653,20,13328,2506
653,21,14004,2594
653,22,14732,2626
653,23,15344,2768
653,24,15924,2986
653,25,16428,3148
653,26,16878,3288
653,27,17126,3484
653,28,17192,3590
653,29,17208,3618
654,-1,4934,1892
654,0,72,82
654,1,286,130
654,2,502,174
654,3,668,222
654,4,840,288
654,5,1034,356
654,6,1172,454
654,7,1302,544
654,8,1450,674
654,9,1644,854
654,10,1846,976
654,11,2138,1128
654,12,2514,1244
654,13,2912,1394
654,14,3362,1474
654,15,3746,1578
654,16,4116,1764
654,17,4538,1956
654,18,5114,2188
654,19,5720,2422
654,20,6346,2542
654,21,6930,2648
654,22,7508,2786
654,23,8088,2904
654,24,8634,2984
654,25,9084,3128
654,26,9400,3320
654,27,9688,3534
654,28,9828,3708
654,29,9868,3782
655,-1,4051,1262
655,0,80,98
655,1,230,208
655,2,396,292
655,3,582,356
655,4,888,496
655,5,1348,684
655,6,1974,742
655,7,2612,836
655,8,3230,986
655,9,3700,1206
655,10,3976,1286
655,11,4200,1394
655,12,4330,1506
655,13,4480,1532
655,14,4632,1586
655,15,4754,1648
655,16,4970,1710
655,17,5214,1738
655,18,5486,1782
655,19,5728,1826
655,20,5972,1854
655,21,6174,1902
655,22,6346,1974
655,23,6596,2090
655,24,6936,2160
655,25,7330,2212
655,26,7666,2274
655,27,7880,2334
655,28,8038,2416
655,29,8102,2516
656,-1,10309,1768
656,0,96,128
656,1,240,236
656,2,460,456
656,3,908,676
656,4,1350,746
656,5,1872,868
656,6,2532,1050
656,7,3270,1110
656,8,4050,1150
656,9,4882,1228
656,10,5778,1286
656,11,6762,1444
656,12,7798,1572
656,13,8856,1702
656,14,9954,1786
656,15,11038,1850
656,16,12132,1958
656,17,13298,2060
656,18,14416,2148
656,19,15512,2204
656,20,16626,2246
656,21,17682,2356
656,22,18564,2528
656,23,19292,2780
656,24,19802,3024
656,25,20160,3170
656,26,20398,3304
656,27,20530,3434
656,28,20594,3500
656,29,20618,3532
657,-1,3064,890
657,0,16,24
657,1,50,88
657,2,172,180
657,3,322,300
657,4,484,446
657,5,630,550
657,6,788,620
657,7,998,654
657,8,1228,676
657,9,1560,784
657,10,2004,834
657,11,2456,864
657,12,2908,902
657,13,3402,942
657,14,3902,964
657,15,4364,998
657,16,4792,1068
657,17,5134,1182
657,18,5346,1266
657,19,5532,1334
657,20,5668,1456
657,21,5784,1554
657,22,5872,1602
657,23,5926,1648
657,24,5960,1702
657,25,6006,1718
657,26,6050,1732
657,27,6090,1746
657,28,6114,1762
657,29,6128,1776
658,-1,3242,902
658,0,36,46
658,1,126,84
658,2,260,128
658,3,388,166
658,4,556,216
658,5,722,260
658,6,814,306
658,7,882,396
658,8,996,478
658,9,1160,568
658,10,1394,682
658,11,1644,770
658,12,1886,840
658,13,2160,884
658,14,2454,920
658,15,2752,950
658,16,3056,976
658,17,3370,996
658,18,3706,1058
658,19,4092,1112
658,20,4488,1150
658,21,4852,1190
658,22,5186,1256
658,23,5468,1322
658,24,5746,1406
658,25,6008,1512
658,26,6244,1632
658,27,6376,1692
658,28,6456,1746
658,29,6484,1800
659,-1,22532,3102
659,0,226,154
659,1,616,218
659,2,988,338
659,3,1744,540
659,4,2558,648
659,5,3352,748
659,6,4268,938
659,7,5046,1178
659,8,5938,1278
659,9,6798,1356
659,10,7762,1508
659,11,8932,1784
659,12,10268,1956
659,13,11690,2018
659,14,13208,2232
659,15,15054,2476
659,16,17178,2742
659,17,19654,2938
659,18,22384,3156
659,19,25530,3416
659,20,28482,3624
659,21,31248,3882
659,22,33932,4132
659,23,36390,4354
659,24,38952,4594
659,25,41316,4850
659,26,43120,5220
659,27,44156,5738
659,28,44858,6054
659,29,45064,6198
660,-1,18719,2670
660,0,84,88
660,1,278,178
660,2,530,240
660,3,788,296
660,4,1010,360
660,5,1394,548
660,6,2100,818
660,7,3140,1176
660,8,4782,1434
660,9,6752,1632
660,10,8936,1716
660,11,11096,1772
660,12,13214,1850
660,13,15606,2068
660,14,18236,2220
660,15,20822,2376
660,16,23188,2656
660,17,25252,2910
660,18,27168,3208
660,19,29166,3504
660,20,30760,3840
660,21,32194,4098
660,22,33394,4356
660,23,34478,4554
660,24,35636,4812
660,25,36564,4972
660,26,37058,5156
660,27,37276,5232
660,28,37396,5282
660,29,37438,5334
661,-1,4018,1164
661,0,36,48
661,1,130,72
661,2,248,152
661,3,416,326
661,4,550,460
661,5,798,628
661,6,1244,734
661,7,1812,830
661,8,2458,894
661,9,3130,986
661,10,3696,1082
661,11,4184,1168
661,12,4612,1258
661,13,4938,1356
661,14,5194,1454
661,15,5406,1514
661,16,5658,1630
661,17,5938,1678
661,18,6224,1740
661,19,6522,1798
661,20,6800,1860
661,21,7036,1934
661,22,7240,1978
661,23,7446,2048
661,24,7646,2118
661,25,7792,2180
661,26,7914,2234
661,27,7984,2264
661,28,8016,2292
661,29,8036,2326
662,-1,9427,1598
662,0,100,98
662,1,250,198
662,2,426,260
662,3,686,316
662,4,1040,360
662,5,1414,408
662,6,1874,480
662,7,2456,552
662,8,3068,622
662,9,3760,826
662,10,4440,980
662,11,5120,1166
662,12,6004,1280
662,13,6924,1408
662,14,7948,1518
662,15,9056,1584
662,16,10202,1650
662,17,11334,1704
662,18,12356,1842
662,19,13434,2024
662,20,14396,2234
662,21,15294,2404
662,22,16182,2476
662,23,17008,2576
662,24,17596,2654
662,25,18066,2764
662,26,18404,2938
662,27,18632,3088
662,28,18772,3142
662,29,18854,3194
663,-1,3123,852
663,0,16,34
663,1,66,102
663,2,220,184
663,3,426,302
663,4,764,396
663,5,1200,456
663,6,1678,562
663,7,2214,646
663,8,2802,740
663,9,3396,830
663,10,3828,944
663,11,4184,986
663,12,4518,1054
663,13,4728,1122
663,14,4934,1198
663,15,5128,1238
663,16,5296,1276
663,17,5436,1304
663,18,5584,1328
663,19,5692,1378
663,20,5790,1412
663,21,5866,1434
663,22,5948,1460
663,23,6010,1490
663,24,6090,1530
663,25,6154,1590
663,26,6190,1626
663,27,6214,1652
663,28,6238,1686
663,29,6246,1702
664,-1,8322,2512
664,0,62,50
664,1,218,162
664,2,454,294
664,3,686,454
664,4,1180,738
664,5,1610,1016
664,6,2210,1290
664,7,2794,1594
664,8,3686,2062
664,9,4532,2334
664,10,5444,2626
664,11,6222,3050
664,12,7014,3342
664,13,7926,3460
664,14,8846,3550
664,15,9702,3644
664,16,10554,3754
664,17,11436,3828
664,18,12298,3868
664,19,13080,3954
664,20,13852,4070
664,21,14460,4182
664,22,14964,4272
664,23,15396,4404
664,24,15730,4570
664,25,16030,4700
664,26,16280,4812
664,27,16460,4880
664,28,16604,4954
664,29,16644,5016
665,-1,3174,1124
665,0,8,16
665,1,28,54
665,2,136,180
665,3,348,284
665,4,624,386
665,5,982,510
665,6,1370,606
665,7,1768,702
665,8,2134,796
665,9,2492,896
665,10,2906,1002
665,11,3310,1062
665,12,3732,1126
665,13,4084,1190
665,14,4450,1250
665,15,4828,1300
665,16,5206,1336
665,17,5540,1466
665,18,5756,1612
665,19,5878,1756
665,20,5952,1850
665,21,6016,1936
665,22,6096,2052
665,23,6160,2104
665,24,6226,2144
665,25,6284,2170
665,26,6306,2186
665,27,6316,2212
665,28,6336,2228
665,29,6348,2244
666,-1,4968,1742
666,0,66,64
666,1,230,182
666,2,600,366
666,3,994,576
666,4,1324,702
666,5,1676,854
666,6,2118,998
666,7,2482,1042
666,8,2818,1116
666,9,3264,1248
666,10,3890,1350
666,11,4554,1474
666,12,5080,1622
666,13,5424,1736
666,14,5706,1818
666,15,5990,1906
666,16,6208,1954
666,17,6494,2144
666,18,6794,2294
666,19,7248,2416
666,20,7776,2526
666,21,8324,2606
666,22,8770,2680
666,23,9062,2810
666,24,9260,2988
666,25,9488,3114
666,26,9632,3212
666,27,9738,3326
666,28,9868,3414
666,29,9936,3480
667,-1,11328,2008
667,0,182,124
667,1,510,268
667,2,986,522
667,3,1726,704
667,4,2380,850
667,5,3010,934
667,6,3792,1106
667,7,4824,1236
667,8,5984,1442
667,9,7214,1758
667,10,8262,1902
667,11,9324,2024
667,12,10510,2156
667,13,11654,2270
667,14,12790,2376
667,15,13900,2462
667,16,15098,2546
667,17,16260,2598
667,18,17430,2712
667,19,18448,2810
667,20,19198,2908
667,21,19896,3030
667,22,20514,3210
667,23,21118,3370
667,24,21620,3466
667,25,22114,3518
667,26,22366,3736
667,27,22490,3864
667,28,22638,3982
667,29,22656,4014
668,-1,14522,2606
668,0,52,72
668,1,262,152
668,2,610,264
668,3,1044,410
668,4,1662,558
668,5,2506,846
668,6,3564,1244
668,7,4444,1670
668,8,5374,1894
668,9,6386,2114
668,10,7720,2368
668,11,9286,2628
668,12,11024,2754
668,13,13018,2924
668,14,15054,3000
668,15,17026,3110
668,16,18970,3340
668,17,20806,3606
668,18,22436,3738
668,19,24040,3812
668,20,25548,4050
668,21,26610,4290
668,22,27412,4488
668,23,27870,4628
668,24,28186,4760
668,25,28516,4856
668,26,28790,4976
668,27,28974,5110
668,28,29028,5172
668,29,29044,5208
669,-1,3097,1074
669,0,16,34
669,1,54,90
669,2,146,184
669,3,278,214
669,4,406,264
669,5,634,464
669,6,922,660
669,7,1284,774
669,8,1602,916
669,9,1936,1052
669,10,2302,1150
669,11,2678,1240
669,12,3032,1310
669,13,3422,1362
669,14,3800,1408
669,15,4104,1466
669,16,4396,1516
669,17,4656,1568
669,18,4938,1670
669,19,5210,1732
669,20,5412,1772
669,21,5582,1858
669,22,5674,1932
669,23,5770,1968
669,24,5874,1992
669,25,5978,2016
669,26,6082,2042
669,27,6146,2098
669,28,6182,2120
669,29,6194,2144
670,-1,3070,880
670,0,42,54
670,1,106,88
670,2,178,146
670,3,338,256
670,4,516,320
670,5,750,384
670,6,998,412
670,7,1252,444
670,8,1510,484
670,9,1840,554
670,10,2180,598
670,11,2522,628
670,12,2860,666
670,13,3172,700
670,14,3468,732
670,15,3744,750
670,16,4014,770
670,17,4272,834
670,18,4534,904
670,19,4820,994
670,20,5072,1118
670,21,5314,1192
670,22,5498,1308
670,23,5644,1444
670,24,5810,1512
670,25,5930,1590
670,26,6006,1634
670,27,6088,1674
670,28,6126,1730
670,29,6140,1754
671,-1,3502,1082
671,0,24,36
671,1,70,72
671,2,132,102
671,3,194,142
671,4,250,204
671,5,302,274
671,6,398,330
671,7,528,404
671,8,738,540
671,9,1022,710
671,10,1396,778
671,11,1776,838
671,12,2224,910
671,13,2716,962
671,14,3234,1024
671,15,3738,1054
671,16,4226,1122
671,17,4728,1204
671,18,5264,1284
671,19,5760,1386
671,20,6042,1478
671,21,6288,1596
671,22,6474,1710
671,23,6614,1826
671,24,6754,1938
671,25,6862,2030
671,26,6926,2092
671,27,6972,2108
671,28,6994,2142
671,29,7004,2158
672,-1,10762,2232
672,0,76,78
672,1,330,204
672,2,822,376
672,3,1530,504
672,4,2344,666
672,5,3288,932
672,6,4274,1038
672,7,5302,1176
672,8,6486,1326
672,9,7502,1558
672,10,8450,1814
672,11,9392,1980
672,12,10286,2026
672,13,11196,2112
672,14,12262,2252
672,15,13474,2426
672,16,14676,2554
672,17,15750,2690
672,18,16734,2784
672,19,17636,2912
672,20,18456,3082
672,21,19000,3356
672,22,19488,3656
672,23,20076,3836
672,24,20458,3974
672,25,20812,4076
672,26,21148,4178
672,27,21368,4306
672,28,21492,4416
672,29,21524,4462
673,-1,5896,1688
673,0,116,118
673,1,436,324
673,2,884,420
673,3,1368,468
673,4,1788,518
673,5,2132,590
673,6,2636,774
673,7,3280,994
673,8,4086,1214
673,9,4870,1358
673,10,5594,1534
673,11,6174,1648
673,12,6670,1736
673,13,7110,1894
673,14,7378,2022
673,15,7670,2110
673,16,8012,2266
673,17,8430,2442
673,18,8792,2542
673,19,9160,2638
673,20,9590,2702
673,21,9966,2814
673,22,10322,2896
673,23,10694,2968
673,24,10980,3046
673,25,11230,3102
673,26,11444,3216
673,27,11610,3252
673,28,11748,3318
673,29,11792,3368
674,-1,9549,1508
674,0,46,72
674,1,120,130
674,2,340,246
674,3,686,334
674,4,1174,464
674,5,1790,540
674,6,2528,600
674,7,3132,712
674,8,3850,770
674,9,4630,866
674,10,5482,1008
674,11,6334,1120
674,12,7166,1254
674,13,8004,1468
674,14,8910,1594
674,15,9760,1712
674,16,10582,1826
674,17,11452,1872
674,18,12348,1938
674,19,13326,1974
674,20,14294,2014
674,21,15216,2060
674,22,16074,2116
674,23,16814,2186
674,24,17498,2272
674,25,18118,2364
674,26,18636,2596
674,27,18968,2824
674,28,19064,2952
674,29,19098,3012
675,-1,7840,1970
675,0,134,82
675,1,306,232
675,2,764,456
675,3,1344,630
675,4,2126,788
675,5,3140,990
675,6,3932,1180
675,7,4580,1306
675,8,5078,1452
675,9,5462,1498
675,10,5808,1584
675,11,6152,1644
675,12,6496,1690
675,13,6806,1758
675,14,7240,1928
675,15,7826,2030
675,16,8378,2110
675,17,8990,2284
675,18,9716,2456
675,19,10580,2646
675,20,11722,2758
675,21,12684,2924
675,22,13394,3142
675,23,13806,3224
675,24,14304,3432
675,25,14750,3644
675,26,15106,3748
675,27,15396,3792
675,28,15616,3858
675,29,15680,3934
676,-1,14649,3228
676,0,300,212
676,1,1126,438
676,2,2246,662
676,3,3388,964
676,4,4610,1182
676,5,5930,1410
676,6,7174,1632
676,7,8844,1812
676,8,10552,1978
676,9,11902,2168
676,10,13190,2312
676,11,14664,2692
676,12,16126,2944
676,13,17214,3212
676,14,17982,3376
676,15,18652,3578
676,16,19418,3862
676,17,20426,4036
676,18,21584,4158
676,19,22720,4326
676,20,23744,4484
676,21,24400,4630
676,22,25208,4860
676,23,26142,5124
676,24,26928,5378
676,25,27724,5528
676,26,28338,5860
676,27,28666,6152
676,28,29100,6302
676,29,29298,6448
677,-1,5186,1374
677,0,12,22
677,1,90,130
677,2,282,266
677,3,616,390
677,4,1084,500
677,5,1596,596
677,6,2026,674
677,7,2434,744
677,8,2852,834
677,9,3340,960
677,10,3844,1086
677,11,4394,1258
677,12,4954,1502
677,13,5464,1682
677,14,6014,1780
677,15,6554,1896
677,16,7058,1986
677,17,7578,2042
677,18,8080,2090
677,19,8516,2166
677,20,8928,2246
677,21,9268,2316
677,22,9570,2338
677,23,9830,2390
677,24,10036,2508
677,25,10160,2570
677,26,10258,2628
677,27,10332,2684
677,28,10352,2720
677,29,10372,2742
678,-1,3716,834
678,0,80,90
678,1,220,126
678,2,350,158
678,3,464,202
678,4,622,230
678,5,838,290
678,6,1114,340
678,7,1396,384
678,8,1710,432
678,9,2058,466
678,10,2398,498
678,11,2758,548
678,12,3130,590
678,13,3422,644
678,14,3684,670
678,15,3938,712
678,16,4216,764
678,17,4516,830
678,18,4832,882
678,19,5112,972
678,20,5430,1050
678,21,5766,1120
678,22,6092,1190
678,23,6392,1260
678,24,6672,1286
678,25,6922,1314
678,26,7160,1376
678,27,7312,1518
678,28,7396,1584
678,29,7432,1660
679,-1,5376,1740
679,0,74,62
679,1,242,112
679,2,454,214
679,3,702,318
679,4,1024,436
679,5,1382,614
679,6,1610,744
679,7,1842,860
679,8,2238,1012
679,9,2696,1102
679,10,3070,1254
679,11,3346,1382
679,12,3622,1460
679,13,3868,1630
679,14,4266,1766
679,15,4776,1866
679,16,5140,1942
679,17,5464,1998
679,18,5832,2052
679,19,6322,2158
679,20,6884,2230
679,21,7460,2280
679,22,8048,2348
679,23,8752,2464
679,24,9462,2576
679,25,10012,2864
679,26,10296,3114
679,27,10514,3274
679,28,10686,3390
679,29,10752,3476
680,-1,3445,1274
680,0,48,68
680,1,222,166
680,2,406,232
680,3,612,300
680,4,806,350
680,5,978,388
680,6,1150,426
680,7,1304,474
680,8,1634,638
680,9,2038,762
680,10,2498,810
680,11,2956,888
680,12,3398,984
680,13,3814,1082
680,14,4192,1302
680,15,4436,1506
680,16,4664,1600
680,17,4896,1700
680,18,5110,1792
680,19,5368,1890
680,20,5684,1988
680,21,6002,2046
680,22,6276,2108
680,23,6486,2196
680,24,6588,2302
680,25,6650,2360
680,26,6734,2404
680,27,6776,2448
680,28,6838,2488
680,29,6890,2542
681,-1,3412,1064
681,0,58,80
681,1,266,188
681,2,522,332
681,3,808,434
681,4,1270,632
681,5,1754,758
681,6,2072,938
681,7,2244,1040
681,8,2420,1080
681,9,2596,1138
681,10,2750,1204
681,11,2962,1272
681,12,3188,1310
681,13,3420,1362
681,14,3636,1392
681,15,3898,1442
681,16,4172,1482
681,17,4448,1514
681,18,4720,1544
681,19,5020,1572
681,20,5342,1600
681,21,5678,1640
681,22,5980,1682
681,23,6234,1734
681,24,6396,1826
681,25,6522,1918
681,26,6646,1988
681,27,6742,2030
681,28,6808,2084
681,29,6824,2124
682,-1,14094,2066
682,0,42,42
682,1,140,180
682,2,486,436
682,3,1350,746
682,4,2600,926
682,5,3810,1110
682,6,5088,1318
682,7,6570,1520
682,8,8024,1652
682,9,9526,1784
682,10,11034,1850
682,11,12730,2002
682,12,14354,2176
682,13,15878,2334
682,14,17324,2474
682,15,18574,2674
682,16,19662,2894
682,17,20730,2962
682,18,21790,3066
682,19,22800,3134
682,20,23814,3212
682,21,24698,3328
682,22,25424,3442
682,23,26024,3526
682,24,26490,3634
682,25,26912,3728
682,26,27358,3820
682,27,27682,3904
682,28,27988,3994
682,29,28188,4126
683,-1,4805,1306
683,0,22,48
683,1,74,88
683,2,138,134
683,3,290,236
683,4,532,372
683,5,870,470
683,6,1276,530
683,7,1726,588
683,8,2156,694
683,9,2488,868
683,10,2818,986
683,11,3194,1066
683,12,3586,1144
683,13,3940,1198
683,14,4282,1228
683,15,4648,1272
683,16,5040,1328
683,17,5418,1380
683,18,5826,1470
683,19,6338,1570
683,20,6862,1636
683,21,7368,1710
683,22,7862,1844
683,23,8320,1926
683,24,8750,2024
683,25,9058,2168
683,26,9246,2318
683,27,9422,2438
683,28,9542,2528
683,29,9610,2608
684,-1,4423,1246
684,0,42,34
684,1,134,78
684,2,256,110
684,3,406,198
684,4,638,328
684,5,998,414
684,6,1368,450
684,7,1764,520
684,8,2138,612
684,9,2530,730
684,10,2996,832
684,11,3508,972
684,12,4022,1122
684,13,4516,1236
684,14,4906,1276
684,15,5338,1336
684,16,5760,1380
684,17,6200,1412
684,18,6640,1464
684,19,7030,1528
684,20,7366,1622
684,21,7614,1710
684,22,7796,1772
684,23,7962,1842
684,24,8194,1966
684,25,8392,2074
684,26,8596,2200
684,27,8742,2340
684,28,8816,2420
684,29,8846,2488
685,-1,5778,1726
685,0,26,36
685,1,114,140
685,2,316,210
685,3,572,298
685,4,896,356
685,5,1298,472
685,6,1786,530
685,7,2310,588
685,8,2852,694
685,9,3286,834
685,10,3614,910
685,11,3928,1022
685,12,4276,1088
685,13,4560,1196
685,14,4760,1326
685,15,4990,1452
685,16,5354,1652
685,17,5972,1824
685,18,6604,1980
685,19,7344,2078
685,20,8150,2254
685,21,9136,2438
685,22,9954,2556
685,23,10418,2762
685,24,10742,2908
685,25,11014,3024
685,26,11206,3136
685,27,11350,3250
685,28,11484,3352
685,29,11556,3444
686,-1,3369,1100
686,0,54,68
686,1,228,118
686,2,418,214
686,3,670,330
686,4,978,364
686,5,1338,422
686,6,1712,514
686,7,2040,608
686,8,2420,674
686,9,2834,730
686,10,3134,786
686,11,3428,834
686,12,3722,924
686,13,4044,1044
686,14,4338,1138
686,15,4618,1202
686,16,4912,1288
686,17,5118,1428
686,18,5300,1496
686,19,5472,1528
686,20,5620,1570
686,21,5818,1622
686,22,6084,1696
686,23,6310,1808
686,24,6414,1910
686,25,6516,1968
686,26,6586,2042
686,27,6642,2096
686,28,6716,2166
686,29,6738,2194
687,-1,5511,1684
687,0,42,66
687,1,246,254
687,2,686,548
687,3,1222,782
687,4,1810,966
687,5,2340,1102
687,6,2932,1268
687,7,3594,1496
687,8,4382,1744
687,9,5002,1862
687,10,5634,1966
687,11,6252,2066
687,12,6858,2114
687,13,7390,2204
687,14,7866,2256
687,15,8342,2308
687,16,8750,2386
687,17,9054,2502
687,18,9308,2598
687,19,9546,2660
687,20,9782,2726
687,21,10012,2780
687,22,10264,2852
687,23,10528,2930
687,24,10738,3014
687,25,10878,3142
687,26,10934,3242
687,27,10960,3270
687,28,10994,3322
687,29,11022,3358
688,-1,3463,820
688,0,44,44
688,1,124,90
688,2,248,162
688,3,464,244
688,4,734,354
688,5,1078,492
688,6,1530,666
688,7,2056,776
688,8,2586,840
688,9,3108,888
688,10,3600,938
688,11,4022,986
688,12,4430,1044
688,13,4790,1130
688,14,5100,1184
688,15,5414,1218
688,16,5682,1254
688,17,5918,1316
688,18,6048,1346
688,19,6172,1358
688,20,6308,1390
688,21,6428,1414
688,22,6562,1428
688,23,6680,1464
688,24,6758,1506
688,25,6820,1530
688,26,6866,1556
688,27,6898,1586
688,28,6918,1616
688,29,6926,1638
689,-1,4582,1100
689,0,42,52
689,1,158,122
689,2,364,214
689,3,554,294
689,4,800,466
689,5,1226,608
689,6,1856,778
689,7,2538,860
689,8,3206,946
689,9,3852,1008
689,10,4530,1040
689,11,5050,1076
689,12,5530,1160
689,13,6024,1218
689,14,6506,1316
689,15,6944,1404
689,16,7290,1532
689,17,7550,1616
689,18,7744,1662
689,19,7884,1714
689,20,8024,1744
689,21,8170,1766
689,22,8322,1806
689,23,8520,1862
689,24,8714,1916
689,25,8868,1958
689,26,9020,2000
689,27,9114,2094
689,28,9152,2166
689,29,9164,2196
690,-1,4328,1282
690,0,32,44
690,1,240,194
690,2,584,320
690,3,934,394
690,4,1326,478
690,5,1662,542
690,6,2042,644
690,7,2552,746
690,8,3090,818
690,9,3666,938
690,10,4284,1082
690,11,4848,1208
690,12,5366,1332
690,13,5792,1416
690,14,6158,1598
690,15,6480,1696
690,16,6858,1750
690,17,7168,1822
690,18,7426,1916
690,19,7598,1998
690,20,7776,2090
690,21,7912,2158
690,22,8026,2220
690,23,8112,2286
690,24,8194,2328
690,25,8312,2358
690,26,8438,2388
690,27,8536,2440
690,28,8622,2520
690,29,8656,2562
691,-1,6627,1702
691,0,40,62
691,1,282,316
691,2,856,592
691,3,1758,904
691,4,2844,1194
691,5,3982,1424
691,6,5208,1564
691,7,6328,1744
691,8,7266,1870
691,9,7904,1988
691,10,8360,2148
691,11,8780,2214
691,12,9186,2274
691,13,9580,2332
691,14,9990,2414
691,15,10390,2504
691,16,10770,2616
691,17,11112,2698
691,18,11424,2756
691,19,11712,2806
691,20,11972,2864
691,21,12224,2920
691,22,12424,3022
691,23,12618,3108
691,24,12798,3164
691,25,12926,3224
691,26,13050,3268
691,27,13178,3296
691,28,13242,3366
691,29,13254,3402
692,-1,4074,1394
692,0,54,74
692,1,252,282
692,2,600,460
692,3,1098,560
692,4,1626,646
692,5,2108,744
692,6,2556,812
692,7,2958,854
692,8,3354,888
692,9,3712,932
692,10,4038,1002
692,11,4322,1132
692,12,4532,1178
692,13,4750,1240
692,14,5032,1314
692,15,5418,1400
692,16,5892,1560
692,17,6404,1722
692,18,6866,2032
692,19,7210,2282
692,20,7360,2384
692,21,7496,2442
692,22,7612,2470
692,23,7766,2512
692,24,7930,2542
692,25,8040,2650
692,26,8076,2724
692,27,8092,2742
692,28,8120,2758
692,29,8148,2782
694,-1,19707,3732
694,0,278,282
694,1,1284,568
694,2,2310,688
694,3,3466,802
694,4,4686,920
694,5,5746,1220
694,6,6942,1460
694,7,7988,1690
694,8,8944,1980
694,9,9866,2214
694,10,10842,2678
694,11,12536,3156
694,12,14746,3414
694,13,17334,3666
694,14,20152,3806
694,15,22944,3934
694,16,25584,4136
694,17,28236,4316
694,18,30716,4650
694,19,33100,5130
694,20,35148,5740
694,21,36032,6356
694,22,36170,6538
694,23,36346,6660
694,24,36820,6810
694,25,37448,6920
694,26,38198,7028
694,27,38844,7160
694,28,39308,7368
694,29,39414,7458
695,-1,3178,940
695,0,30,46
695,1,84,136
695,2,224,246
695,3,342,384
695,4,498,468
695,5,720,566
695,6,1002,634
695,7,1320,670
695,8,1638,706
695,9,1978,742
695,10,2388,810
695,11,2728,914
695,12,3030,990
695,13,3274,1046
695,14,3542,1110
695,15,3858,1176
695,16,4172,1244
695,17,4504,1286
695,18,4814,1324
695,19,5100,1400
695,20,5394,1450
695,21,5654,1510
695,22,5834,1592
695,23,5964,1658
695,24,6076,1728
695,25,6158,1760
695,26,6236,1784
695,27,6286,1812
695,28,6328,1842
695,29,6356,1878
696,-1,4698,1462
696,0,48,68
696,1,196,116
696,2,412,190
696,3,650,234
696,4,830,286
696,5,1002,368
696,6,1152,452
696,7,1332,560
696,8,1512,668
696,9,1752,802
696,10,1994,924
696,11,2246,1004
696,12,2578,1138
696,13,2968,1294
696,14,3374,1422
696,15,3922,1560
696,16,4564,1654
696,17,5224,1748
696,18,5832,1902
696,19,6438,2052
696,20,6986,2220
696,21,7366,2378
696,22,7732,2440
696,23,8138,2532
696,24,8554,2590
696,25,8932,2626
696,26,9246,2740
696,27,9362,2852
696,28,9388,2904
696,29,9396,2922
697,-1,3777,1202
697,0,66,66
697,1,254,190
697,2,454,250
697,3,652,336
697,4,816,410
697,5,946,518
697,6,1138,624
697,7,1328,676
697,8,1522,718
697,9,1686,802
697,10,1886,906
697,11,2252,1052
697,12,2710,1110
697,13,3202,1192
697,14,3686,1260
697,15,4096,1310
697,16,4480,1376
697,17,4756,1462
697,18,4988,1512
697,19,5238,1554
697,20,5466,1600
697,21,5776,1688
697,22,6076,1770
697,23,6378,1876
697,24,6658,1924
697,25,6918,2070
697,26,7138,2198
697,27,7352,2274
697,28,7504,2348
697,29,7554,2402
698,-1,3799,1014
698,0,28,36
698,1,82,78
698,2,176,124
698,3,274,168
698,4,400,210
698,5,584,286
698,6,834,350
698,7,1128,410
698,8,1438,458
698,9,1756,488
698,10,2116,522
698,11,2516,632
698,12,3000,738
698,13,3510,840
698,14,3978,906
698,15,4486,984
698,16,4964,1038
698,17,5424,1090
698,18,5794,1180
698,19,6072,1276
698,20,6274,1396
698,21,6484,1464
698,22,6712,1500
698,23,6968,1574
698,24,7186,1690
698,25,7390,1782
698,26,7524,1934
698,27,7560,1984
698,28,7584,2004
698,29,7598,2024
699,-1,4337,1406
699,0,40,50
699,1,170,194
699,2,566,372
699,3,942,492
699,4,1328,548
699,5,1726,592
699,6,2156,718
699,7,2610,872
699,8,3126,1006
699,9,3736,1194
699,10,4470,1376
699,11,5082,1514
699,12,5586,1628
699,13,6004,1668
699,14,6316,1714
699,15,6584,1784
699,16,6768,1880
699,17,6864,1926
699,18,6938,1988
699,19,7024,2068
699,20,7156,2164
699,21,7326,2200
699,22,7518,2276
699,23,7792,2400
699,24,8082,2426
699,25,8324,2522
699,26,8504,2634
699,27,8584,2710
699,28,8648,2772
699,29,8674,2810
700,-1,21509,3788
700,0,106,116
700,1,590,414
700,2,1884,662
700,3,3516,872
700,4,5232,1082
700,5,7738,1282
700,6,10742,1524
700,7,13224,1904
700,8,15018,2212
700,9,17196,2438
700,10,19816,2704
700,11,22478,2914
700,12,24842,3078
700,13,26956,3254
700,14,29330,3482
700,15,31800,3726
700,16,33542,4178
700,17,34648,4620
700,18,35644,4896
700,19,36590,5264
700,20,37344,5482
700,21,38242,5678
700,22,39410,6078
700,23,40436,6440
700,24,41360,6586
700,25,41908,6798
700,26,42086,6900
700,27,42360,7220
700,28,42818,7390
700,29,43018,7574
701,-1,215737,16660
701,0,1058,410
701,1,4268,1550
701,2,8994,2168
701,3,14076,3466
701,4,23022,4146
701,5,33072,4924
701,6,47404,6688
701,7,67734,8588
701,8,94222,9944
701,9,122320,10428
701,10,151292,11520
701,11,181780,11846
701,12,210940,12442
701,13,237274,13712
701,14,259834,15586
701,15,276150,16556
701,16,291482,17438
701,17,312498,18852
701,18,335316,20456
701,19,353532,22030
701,20,368760,23292
701,21,380908,24336
701,22,390370,25068
701,23,399850,26282
701,24,406070,28396
701,25,412948,29612
701,26,420396,31180
701,27,426212,32002
701,28,430278,32662
701,29,431474,33314
702,-1,14725,2246
702,0,202,170
702,1,778,330
702,2,1422,444
702,3,2198,602
702,4,3134,772
702,5,4116,918
702,6,5082,1114
702,7,5964,1324
702,8,7030,1430
702,9,8096,1598
702,10,9026,1798
702,11,10054,2070
702,12,11158,2234
702,13,12448,2492
702,14,13998,2566
702,15,15478,2628
702,16,17036,2714
702,17,18662,2874
702,18,20134,3004
702,19,21432,3124
702,20,22566,3328
702,21,23670,3508
702,22,24804,3576
702,23,25868,3674
702,24,26934,3762
702,25,27922,3902
702,26,28638,3992
702,27,29072,4206
702,28,29274,4376
702,29,29450,4484
703,-1,3805,1088
703,0,6,14
703,1,38,68
703,2,108,136
703,3,218,208
703,4,390,338
703,5,644,480
703,6,930,578
703,7,1270,738
703,8,1662,838
703,9,2058,946
703,10,2528,1038
703,11,2984,1104
703,12,3392,1146
703,13,3788,1196
703,14,4160,1230
703,15,4530,1296
703,16,4906,1378
703,17,5224,1446
703,18,5494,1510
703,19,5756,1562
703,20,5994,1588
703,21,6240,1634
703,22,6502,1698
703,23,6758,1758
703,24,6994,1810
703,25,7212,1878
703,26,7372,1968
703,27,7528,2042
703,28,7594,2132
703,29,7610,2174
704,-1,5307,1734
704,0,26,34
704,1,104,106
704,2,244,204
704,3,488,338
704,4,862,426
704,5,1230,578
704,6,1758,898
704,7,2398,1204
704,8,3012,1360
704,9,3586,1488
704,10,4008,1716
704,11,4214,1798
704,12,4434,1888
704,13,4710,1968
704,14,5082,2094
704,15,5536,2184
704,16,6052,2234
704,17,6640,2298
704,18,7192,2396
704,19,7696,2532
704,20,8114,2628
704,21,8600,2754
704,22,8956,2818
704,23,9306,2918
704,24,9640,3022
704,25,9934,3134
704,26,10226,3226
704,27,10436,3318
704,28,10558,3386
704,29,10614,3462
705,-1,11299,1722
705,0,16,34
705,1,66,118
705,2,282,264
705,3,812,530
705,4,1776,776
705,5,2876,916
705,6,4104,962
705,7,5360,1010
705,8,6640,1056
705,9,7936,1200
705,10,9306,1320
705,11,10710,1432
705,12,12062,1606
705,13,13224,1718
705,14,14402,1804
705,15,15530,1950
705,16,16606,2090
705,17,17492,2222
705,18,18248,2386
705,19,18868,2548
705,20,19430,2680
705,21,20066,2780
705,22,20648,2892
705,23,21134,3006
705,24,21530,3060
705,25,21894,3102
705,26,22232,3172
705,27,22438,3272
705,28,22550,3382
705,29,22598,3442
706,-1,7344,2172
706,0,98,100
706,1,448,272
706,2,892,406
706,3,1292,574
706,4,1706,722
706,5,2204,860
706,6,2822,986
706,7,3480,1104
706,8,4062,1226
706,9,4644,1346
706,10,5298,1486
706,11,5890,1602
706,12,6340,1732
706,13,6752,1840
706,14,7224,2018
706,15,7844,2242
706,16,8496,2426
706,17,9012,2632
706,18,9652,2930
706,19,10522,3182
706,20,11368,3354
706,21,12212,3534
706,22,12832,3724
706,23,13294,3812
706,24,13726,3890
706,25,14148,3988
706,26,14424,4118
706,27,14594,4242
706,28,14678,4316
706,29,14688,4342
707,-1,5374,1732
707,0,114,124
707,1,350,330
707,2,626,426
707,3,888,628
707,4,1442,802
707,5,2002,984
707,6,2730,1092
707,7,3450,1280
707,8,3902,1464
707,9,4322,1556
707,10,4814,1600
707,11,5266,1702
707,12,5688,1800
707,13,6088,1918
707,14,6334,2050
707,15,6494,2156
707,16,6702,2222
707,17,6972,2296
707,18,7226,2340
707,19,7574,2416
707,20,7994,2472
707,21,8454,2510
707,22,8872,2564
707,23,9268,2670
707,24,9714,2802
707,25,10048,2972
707,26,10316,3132
707,27,10502,3310
707,28,10688,3394
707,29,10748,3462
708,-1,4573,1656
708,0,114,144
708,1,302,284
708,2,440,368
708,3,560,486
708,4,884,642
708,5,1194,690
708,6,1526,776
708,7,1840,884
708,8,2168,948
708,9,2502,1018
708,10,2922,1154
708,11,3492,1372
708,12,3996,1538
708,13,4372,1716
708,14,4620,1812
708,15,4802,1942
708,16,4952,2020
708,17,5044,2080
708,18,5146,2176
708,19,5324,2320
708,20,5650,2436
708,21,6074,2488
708,22,6474,2536
708,23,6894,2598
708,24,7488,2772
708,25,8148,2958
708,26,8642,3072
708,27,8970,3172
708,28,9096,3244
708,29,9146,3310
709,-1,7372,1684
709,0,42,66
709,1,182,118
709,2,312,158
709,3,430,250
709,4,712,438
709,5,1230,754
709,6,1944,1028
709,7,2694,1224
709,8,3500,1376
709,9,4330,1438
709,10,5138,1468
709,11,5976,1532
709,12,6816,1602
709,13,7674,1650
709,14,8372,1680
709,15,9134,1774
709,16,9976,1814
709,17,10784,1854
709,18,11542,1926
709,19,12262,1970
709,20,12842,2218
709,21,13216,2390
709,22,13572,2512
709,23,13878,2682
709,24,14072,2812
709,25,14288,2972
709,26,14556,3108
709,27,14650,3216
709,28,14714,3304
709,29,14744,3366
710,-1,5119,1650
710,0,90,148
710,1,444,464
710,2,928,614
710,3,1426,752
710,4,1822,974
710,5,2212,1152
710,6,2700,1290
710,7,3104,1372
710,8,3494,1560
710,9,3840,1724
710,10,4116,1948
710,11,4406,2070
710,12,4796,2152
710,13,5178,2236
710,14,5564,2326
710,15,6008,2394
710,16,6474,2458
710,17,6896,2534
710,18,7308,2630
710,19,7746,2752
710,20,8134,2802
710,21,8512,2826
710,22,8936,2896
710,23,9384,2932
710,24,9752,3018
710,25,9976,3100
710,26,10126,3150
710,27,10200,3236
710,28,10224,3272
710,29,10238,3298
711,-1,5659,1946
711,0,82,96
711,1,294,324
711,2,598,558
711,3,1094,828
711,4,1704,962
711,5,2464,1050
711,6,3332,1126
711,7,4090,1232
711,8,4730,1342
711,9,5154,1426
711,10,5442,1530
711,11,5622,1570
711,12,5782,1614
711,13,5938,1684
711,14,6064,1784
711,15,6174,1886
711,16,6312,2018
711,17,6540,2186
711,18,6878,2332
711,19,7454,2484
711,20,8094,2528
711,21,8684,2604
711,22,9248,2730
711,23,9836,2844
711,24,10346,3022
711,25,10666,3266
711,26,11034,3520
711,27,11210,3722
711,28,11292,3856
711,29,11318,3890
712,-1,21587,3208
712,0,202,222
712,1,858,454
712,2,1794,600
712,3,2960,748
712,4,4408,1002
712,5,6408,1258
712,6,8354,1390
712,7,10248,1740
712,8,12448,2204
712,9,15052,2576
712,10,17722,2884
712,11,20530,3050
712,12,23436,3170
712,13,26300,3362
712,14,28864,3618
712,15,31100,3788
712,16,33084,3982
712,17,34994,4108
712,18,36772,4280
712,19,38058,4472
712,20,39004,4760
712,21,39806,4902
712,22,40500,5084
712,23,41142,5224
712,24,41786,5406
712,25,42484,5786
712,26,42760,6086
712,27,42912,6226
712,28,43058,6334
712,29,43174,6414
713,-1,6498,1982
713,0,72,80
713,1,140,120
713,2,222,222
713,3,406,276
713,4,570,334
713,5,736,454
713,6,972,592
713,7,1278,734
713,8,1638,842
713,9,1976,960
713,10,2274,1088
713,11,2606,1222
713,12,2972,1308
713,13,3430,1502
713,14,4130,1724
713,15,4966,1874
713,16,5724,2020
713,17,6532,2218
713,18,7350,2334
713,19,8176,2384
713,20,9022,2430
713,21,9838,2490
713,22,10596,2670
713,23,11234,2976
713,24,11736,3276
713,25,12218,3410
713,26,12594,3604
713,27,12844,3794
713,28,12966,3914
713,29,12996,3960
714,-1,3853,1036
714,0,74,90
714,1,228,234
714,2,468,306
714,3,728,404
714,4,1030,556
714,5,1432,654
714,6,1830,724
714,7,2162,760
714,8,2492,788
714,9,2860,838
714,10,3244,874
714,11,3624,902
714,12,4064,984
714,13,4470,1066
714,14,4812,1150
714,15,5116,1214
714,16,5482,1338
714,17,5886,1434
714,18,6244,1510
714,19,6564,1570
714,20,6830,1636
714,21,6996,1712
714,22,7100,1766
714,23,7158,1788
714,24,7218,1814
714,25,7326,1864
714,26,7454,1898
714,27,7590,1940
714,28,7670,2018
714,29,7706,2066
715,-1,42176,5994
715,0,582,252
715,1,1604,512
715,2,3050,828
715,3,4630,1268
715,4,8296,1976
715,5,10862,2744
715,6,13792,3160
715,7,16516,3330
715,8,18934,3522
715,9,21018,3760
715,10,23250,3928
715,11,25878,4320
715,12,28378,4680
715,13,30668,5234
715,14,32032,5620
715,15,33672,5772
715,16,35904,6340
715,17,39686,7392
715,18,44436,7828
715,19,49440,8062
715,20,54660,8398
715,21,59598,9044
715,22,63674,9376
715,23,68344,9664
715,24,72772,9936
715,25,77082,10180
715,26,80934,10736
715,27,83448,11454
715,28,84156,11832
715,29,84352,11982
717,-1,3472,898
717,0,28,42
717,1,96,84
717,2,148,130
717,3,238,204
717,4,390,296
717,5,578,404
717,6,838,522
717,7,1168,654
717,8,1564,810
717,9,2030,940
717,10,2576,1022
717,11,3090,1124
717,12,3540,1178
717,13,3952,1220
717,14,4370,1254
717,15,4784,1280
717,16,5160,1332
717,17,5470,1388
717,18,5782,1438
717,19,6064,1474
717,20,6318,1518
717,21,6502,1578
717,22,6622,1622
717,23,6714,1650
717,24,6776,1678
717,25,6826,1690
717,26,6884,1708
717,27,6924,1750
717,28,6940,1782
717,29,6944,1794
718,-1,7636,1948
718,0,136,96
718,1,482,192
718,2,898,346
718,3,1416,426
718,4,1858,540
718,5,2284,680
718,6,2802,852
718,7,3392,994
718,8,4214,1406
718,9,5136,1694
718,10,5994,1926
718,11,6802,2176
718,12,7654,2324
718,13,8464,2370
718,14,9300,2414
718,15,10174,2480
718,16,11108,2554
718,17,11862,2702
718,18,12506,2772
718,19,13042,2914
718,20,13538,3064
718,21,13876,3214
718,22,14122,3288
718,23,14374,3356
718,24,14654,3436
718,25,14798,3592
718,26,14922,3662
718,27,15060,3754
718,28,15210,3818
718,29,15272,3890
719,-1,51856,5586
719,0,104,164
719,1,594,414
719,2,1996,818
719,3,3938,1236
719,4,6564,1962
719,5,9808,2490
719,6,13622,3148
719,7,18380,3518
719,8,23792,3826
719,9,29500,4152
719,10,35064,4400
719,11,40544,4590
719,12,45820,4996
719,13,50808,5858
719,14,55824,6234
719,15,60622,6466
719,16,65360,6586
719,17,69598,6924
719,18,73302,7264
719,19,77718,7632
719,20,82106,7754
719,21,86780,8162
719,22,91072,8680
719,23,94694,9212
719,24,97574,9790
719,25,99926,9996
719,26,101636,10454
719,27,102660,10804
719,28,103450,10976
719,29,103712,11168
720,-1,3282,882
720,0,18,30
720,1,100,116
720,2,276,256
720,3,530,426
720,4,870,554
720,5,1294,640
720,6,1758,684
720,7,2170,744
720,8,2510,824
720,9,2772,908
720,10,3016,946
720,11,3282,1020
720,12,3506,1058
720,13,3760,1096
720,14,4032,1128
720,15,4296,1186
720,16,4558,1238
720,17,4832,1262
720,18,5084,1284
720,19,5318,1300
720,20,5538,1332
720,21,5722,1384
720,22,5888,1428
720,23,6068,1474
720,24,6232,1538
720,25,6356,1620
720,26,6458,1664
720,27,6530,1694
720,28,6560,1746
720,29,6564,1762
721,-1,3960,1214
721,0,60,66
721,1,146,144
721,2,232,240
721,3,334,318
721,4,476,454
721,5,722,630
721,6,1114,764
721,7,1576,878
721,8,2106,920
721,9,2632,954
721,10,3098,1040
721,11,3418,1102
721,12,3690,1242
721,13,3908,1334
721,14,4122,1368
721,15,4328,1404
721,16,4514,1498
721,17,4746,1588
721,18,5110,1700
721,19,5512,1782
721,20,5878,1854
721,21,6252,1910
721,22,6624,1940
721,23,6958,2020
721,24,7280,2104
721,25,7510,2198
721,26,7694,2238
721,27,7820,2322
721,28,7902,2390
721,29,7920,2426
722,-1,3018,1164
722,0,26,40
722,1,84,108
722,2,192,236
722,3,332,362
722,4,610,512
722,5,892,700
722,6,1238,812
722,7,1588,874
722,8,1860,996
722,9,2100,1086
722,10,2380,1238
722,11,2632,1314
722,12,2896,1366
722,13,3170,1424
722,14,3442,1472
722,15,3740,1518
722,16,4052,1578
722,17,4362,1670
722,18,4640,1746
722,19,4862,1822
722,20,5060,1872
722,21,5232,1902
722,22,5392,1960
722,23,5544,2054
722,24,5664,2130
722,25,5762,2192
722,26,5844,2220
722,27,5928,2248
722,28,6006,2282
722,29,6036,2324
723,-1,19300,3106
723,0,82,130
723,1,442,330
723,2,912,592
723,3,1778,1010
723,4,3278,1316
723,5,4780,1452
723,6,6248,1634
723,7,7574,1728
723,8,8958,1844
723,9,10800,2154
723,10,13012,2482
723,11,15382,2742
723,12,17498,3092
723,13,19714,3284
723,14,21868,3572
723,15,23984,3676
723,16,25828,3834
723,17,27906,4114
723,18,30118,4394
723,19,31962,4754
723,20,33264,4936
723,21,34328,5120
723,22,35290,5258
723,23,36074,5320
723,24,36730,5416
723,25,37298,5560
723,26,37702,5658
723,27,38094,5786
723,28,38484,6010
723,29,38600,6206
724,-1,3737,1100
724,0,26,52
724,1,124,144
724,2,292,214
724,3,516,262
724,4,846,358
724,5,1180,422
724,6,1450,552
724,7,1728,628
724,8,1986,712
724,9,2194,766
724,10,2420,816
724,11,2656,906
724,12,2896,958
724,13,3122,1032
724,14,3402,1140
724,15,3764,1216
724,16,4194,1314
724,17,4618,1358
724,18,4930,1406
724,19,5244,1436
724,20,5588,1478
724,21,5894,1538
724,22,6176,1576
724,23,6440,1650
724,24,6686,1704
724,25,6892,1782
724,26,7088,1888
724,27,7310,1998
724,28,7438,2138
724,29,7474,2198
725,-1,4721,1156
725,0,36,34
725,1,76,66
725,2,124,106
725,3,214,176
725,4,330,252
725,5,534,314
725,6,780,380
725,7,1114,506
725,8,1576,688
725,9,2060,850
725,10,2654,1034
725,11,3180,1114
725,12,3708,1186
725,13,4262,1248
725,14,4796,1290
725,15,5326,1326
725,16,5826,1394
725,17,6218,1506
725,18,6518,1578
725,19,6856,1626
725,20,7216,1658
725,21,7544,1700
725,22,7876,1734
725,23,8234,1786
725,24,8588,1898
725,25,8878,1932
725,26,9120,2022
725,27,9302,2124
725,28,9424,2264
725,29,9442,2308
726,-1,4438,1640
726,0,92,92
726,1,238,258
726,2,554,456
726,3,1010,596
726,4,1548,752
726,5,2078,824
726,6,2418,996
726,7,2638,1128
726,8,2906,1276
726,9,3260,1416
726,10,3656,1524
726,11,3936,1640
726,12,4146,1688
726,13,4304,1718
726,14,4466,1774
726,15,4656,1906
726,16,4848,1958
726,17,5090,2100
726,18,5348,2200
726,19,5624,2242
726,20,5910,2270
726,21,6230,2360
726,22,6652,2510
726,23,7134,2668
726,24,7718,2800
726,25,8272,2926
726,26,8586,3086
726,27,8740,3166
726,28,8824,3214
726,29,8876,3272
727,-1,4296,1668
727,0,26,34
727,1,100,72
727,2,210,142
727,3,368,254
727,4,596,392
727,5,898,562
727,6,1206,738
727,7,1526,948
727,8,1758,1116
727,9,1988,1264
727,10,2250,1400
727,11,2546,1540
727,12,2888,1740
727,13,3286,1920
727,14,3662,2136
727,15,3972,2248
727,16,4296,2348
727,17,4732,2458
727,18,5162,2604
727,19,5596,2716
727,20,6088,2794
727,21,6556,2834
727,22,7018,2856
727,23,7436,2912
727,24,7880,2996
727,25,8230,3092
727,26,8420,3210
727,27,8524,3262
727,28,8578,3304
727,29,8592,3334
728,-1,3666,1104
728,0,62,72
728,1,274,176
728,2,516,298
728,3,826,376
728,4,1148,434
728,5,1498,574
728,6,1878,654
728,7,2286,772
728,8,2736,842
728,9,3080,888
728,10,3488,982
728,11,3854,1038
728,12,4194,1098
728,13,4462,1192
728,14,4732,1282
728,15,4992,1392
728,16,5244,1506
728,17,5482,1586
728,18,5650,1644
728,19,5786,1704
728,20,5926,1758
728,21,6088,1788
728,22,6294,1872
728,23,6548,1906
728,24,6780,1952
728,25,6970,2010
728,26,7134,2052
728,27,7250,2100
728,28,7308,2154
728,29,7332,2204
729,-1,3669,1042
729,0,12,24
729,1,56,80
729,2,232,202
729,3,454,270
729,4,686,346
729,5,938,410
729,6,1194,470
729,7,1482,526
729,8,1778,592
729,9,2100,660
729,10,2426,706
729,11,2776,750
729,12,3124,810
729,13,3494,902
729,14,3834,996
729,15,4206,1090
729,16,4626,1168
729,17,4940,1288
729,18,5208,1342
729,19,5452,1408
729,20,5702,1468
729,21,5962,1534
729,22,6248,1592
729,23,6548,1674
729,24,6784,1780
729,25,6974,1852
729,26,7118,1892
729,27,7252,1972
729,28,7326,2058
729,29,7338,2082
730,-1,21481,3792
730,0,484,184
730,1,1156,486
730,2,1894,796
730,3,3322,1224
730,4,5038,1684
730,5,7064,1928
730,6,9202,2104
730,7,11336,2432
730,8,13622,2704
730,9,16182,2966
730,10,19036,3186
730,11,21818,3516
730,12,24262,3770
730,13,26524,3998
730,14,29016,4168
730,15,31470,4256
730,16,33708,4492
730,17,35574,4650
730,18,37050,4954
730,19,37506,5408
730,20,37788,5532
730,21,38036,5632
730,22,38418,5916
730,23,38926,6370
730,24,39846,6524
730,25,40822,6606
730,26,41710,6816
730,27,42308,7154
730,28,42796,7402
730,29,42962,7582
731,-1,6644,1630
731,0,58,98
731,1,152,196
731,2,302,288
731,3,558,438
731,4,840,482
731,5,1104,576
731,6,1474,742
731,7,1876,880
731,8,2414,992
731,9,3066,1134
731,10,3754,1214
731,11,4372,1424
731,12,4954,1568
731,13,5536,1728
731,14,6290,1908
731,15,7094,2030
731,16,7946,2126
731,17,8858,2198
731,18,9728,2294
731,19,10518,2446
731,20,11050,2632
731,21,11378,2726
731,22,11714,2782
731,23,12048,2814
731,24,12376,2842
731,25,12732,2876
731,26,13018,3002
731,27,13202,3132
731,28,13268,3222
731,29,13288,3258
732,-1,3960,962
732,0,88,96
732,1,308,184
732,2,512,230
732,3,778,296
732,4,1056,332
732,5,1344,366
732,6,1622,440
732,7,1778,526
732,8,1906,594
732,9,2090,642
732,10,2296,698
732,11,2496,838
732,12,2734,924
732,13,3066,1028
732,14,3454,1072
732,15,3918,1152
732,16,4414,1226
732,17,4838,1286
732,18,5280,1312
732,19,5684,1368
732,20,6100,1420
732,21,6470,1486
732,22,6764,1560
732,23,7050,1606
732,24,7298,1672
732,25,7504,1706
732,26,7668,1754
732,27,7810,1804
732,28,7892,1880
732,29,7920,1920
733,-1,4940,1290
733,0,38,42
733,1,158,124
733,2,332,208
733,3,480,292
733,4,698,344
733,5,926,388
733,6,1186,422
733,7,1434,462
733,8,1686,490
733,9,1968,560
733,10,2270,628
733,11,2616,698
733,12,2984,768
733,13,3376,844
733,14,3762,908
733,15,4194,1050
733,16,4598,1204
733,17,5108,1326
733,18,5588,1430
733,19,6072,1620
733,20,6560,1692
733,21,7096,1758
733,22,7636,1786
733,23,8146,1836
733,24,8576,1942
733,25,8932,2066
733,26,9280,2196
733,27,9614,2312
733,28,9828,2472
733,29,9880,2574
734,-1,4125,1484
734,0,34,60
734,1,62,112
734,2,116,200
734,3,232,304
734,4,402,456
734,5,716,688
734,6,1064,864
734,7,1386,960
734,8,1824,1146
734,9,2336,1300
734,10,2888,1502
734,11,3470,1690
734,12,4108,1776
734,13,4718,1808
734,14,5300,1876
734,15,5828,1932
734,16,6148,1990
734,17,6442,2036
734,18,6754,2134
734,19,6984,2268
734,20,7140,2370
734,21,7318,2482
734,22,7496,2586
734,23,7706,2642
734,24,7910,2708
734,25,8072,2788
734,26,8164,2868
734,27,8204,2918
734,28,8236,2946
734,29,8250,2966
735,-1,6313,2258
735,0,150,106
735,1,400,224
735,2,686,350
735,3,1124,486
735,4,1390,604
735,5,1588,670
735,6,1766,792
735,7,2002,900
735,8,2362,1024
735,9,2830,1148
735,10,3310,1304
735,11,3922,1520
735,12,4590,1740
735,13,5310,1918
735,14,6194,2136
735,15,7156,2408
735,16,8140,2646
735,17,9062,2872
735,18,9872,3212
735,19,10484,3506
735,20,10984,3688
735,21,11338,3832
735,22,11598,3958
735,23,11720,4108
735,24,11830,4202
735,25,11994,4250
735,26,12208,4318
735,27,12428,4392
735,28,12578,4472
735,29,12626,4514
736,-1,3279,1174
736,0,24,26
736,1,76,58
736,2,144,88
736,3,270,192
736,4,546,270
736,5,850,322
736,6,1232,374
736,7,1616,456
736,8,1978,558
736,9,2292,648
736,10,2540,680
736,11,2738,726
736,12,2890,766
736,13,3058,844
736,14,3298,944
736,15,3558,1052
736,16,3824,1190
736,17,4084,1354
736,18,4340,1410
736,19,4682,1502
736,20,4976,1554
736,21,5272,1616
736,22,5498,1682
736,23,5684,1756
736,24,5898,1834
736,25,6088,1924
736,26,6300,2042
736,27,6440,2156
736,28,6530,2280
736,29,6558,2346
737,-1,5595,1242
737,0,8,18
737,1,76,108
737,2,302,288
737,3,652,464
737,4,1078,568
737,5,1564,630
737,6,2070,708
737,7,2574,818
737,8,3058,914
737,9,3592,1002
737,10,4158,1086
737,11,4816,1228
737,12,5518,1320
737,13,6200,1404
737,14,6856,1474
737,15,7516,1542
737,16,8094,1626
737,17,8556,1680
737,18,8998,1732
737,19,9424,1826
737,20,9794,1950
737,21,10072,2032
737,22,10350,2090
737,23,10650,2152
737,24,10902,2256
737,25,11066,2356
737,26,11138,2406
737,27,11174,2448
737,28,11184,2472
737,29,11190,2482
738,-1,6207,1494
738,0,54,76
738,1,240,218
738,2,646,400
738,3,1106,542
738,4,1552,664
738,5,2038,854
738,6,2702,1000
738,7,3464,1080
738,8,4322,1142
738,9,5232,1260
738,10,6128,1332
738,11,6888,1508
738,12,7568,1660
738,13,8192,1748
738,14,8752,1808
738,15,9316,1868
738,16,9826,1954
738,17,10298,2072
738,18,10684,2204
738,19,10918,2340
738,20,11058,2398
738,21,11208,2466
738,22,11440,2528
738,23,11702,2584
738,24,11900,2658
738,25,12100,2722
738,26,12252,2814
738,27,12328,2874
738,28,12378,2934
738,29,12414,2984
739,-1,6298,1218
739,0,42,66
739,1,102,128
739,2,214,182
739,3,454,326
739,4,880,486
739,5,1416,652
739,6,2102,864
739,7,2962,920
739,8,3794,994
739,9,4652,1060
739,10,5498,1094
739,11,6296,1154
739,12,7060,1204
739,13,7758,1296
739,14,8320,1412
739,15,8846,1452
739,16,9354,1504
739,17,9890,1578
739,18,10474,1642
739,19,11044,1704
739,20,11516,1828
739,21,11902,1984
739,22,12170,2028
739,23,12350,2108
739,24,12438,2214
739,25,12508,2304
739,26,12538,2338
739,27,12554,2370
739,28,12576,2404
739,29,12596,2434
740,-1,16726,3904
740,0,166,78
740,1,886,304
740,2,1944,446
740,3,3242,578
740,4,4542,866
740,5,6128,1260
740,6,7826,1660
740,7,9030,2000
740,8,10552,2476
740,9,12302,3000
740,10,13460,3538
740,11,14264,3812
740,12,15058,4060
740,13,16188,4234
740,14,17412,4384
740,15,18806,4606
740,16,20694,4776
740,17,22548,4982
740,18,24252,5210
740,19,26142,5332
740,20,27930,5592
740,21,29422,5984
740,22,30486,6330
740,23,31322,6692
740,24,31924,6846
740,25,32448,7074
740,26,32932,7432
740,27,33254,7642
740,28,33354,7730
740,29,33452,7806
741,-1,4697,1274
741,0,18,22
741,1,52,58
741,2,64,86
741,3,100,132
741,4,158,158
741,5,216,230
741,6,318,288
741,7,468,386
741,8,646,524
741,9,856,670
741,10,1132,792
741,11,1454,894
741,12,1830,980
741,13,2336,1100
741,14,2916,1196
741,15,3556,1236
741,16,4240,1310
741,17,4906,1404
741,18,5586,1470
741,19,6296,1592
741,20,7002,1664
741,21,7658,1786
741,22,8212,1930
741,23,8670,2116
741,24,8924,2298
741,25,9074,2372
741,26,9178,2400
741,27,9286,2430
741,28,9366,2478
741,29,9394,2538
742,-1,11092,2782
742,0,70,90
742,1,318,406
742,2,1018,698
742,3,1898,932
742,4,2884,1276
742,5,3970,1602
742,6,5172,1858
742,7,6620,2162
742,8,8270,2350
742,9,9998,2592
742,10,11606,2844
742,11,13066,3010
742,12,14450,3242
742,13,15748,3578
742,14,16972,3852
742,15,18028,4220
742,16,18784,4518
742,17,19366,4782
742,18,19804,4898
742,19,20162,4982
742,20,20492,5068
742,21,20738,5134
742,22,20984,5162
742,23,21254,5202
742,24,21532,5262
742,25,21732,5324
742,26,21866,5362
742,27,22002,5424
742,28,22138,5496
742,29,22184,5562
743,-1,4434,1202
743,0,24,40
743,1,102,124
743,2,210,196
743,3,334,278
743,4,468,358
743,5,656,502
743,6,868,578
743,7,1066,716
743,8,1214,814
743,9,1420,996
743,10,1766,1206
743,11,2236,1320
743,12,2802,1404
743,13,3408,1448
743,14,4018,1482
743,15,4580,1526
743,16,5118,1572
743,17,5636,1620
743,18,6156,1650
743,19,6660,1696
743,20,7102,1798
743,21,7434,1890
743,22,7712,2018
743,23,7972,2128
743,24,8238,2210
743,25,8446,2258
743,26,8632,2284
743,27,8784,2318
743,28,8846,2358
743,29,8868,2396
744,-1,6808,1466
744,0,58,68
744,1,246,158
744,2,572,310
744,3,1024,456
744,4,1624,588
744,5,2310,654
744,6,3178,814
744,7,4080,882
744,8,4934,960
744,9,5860,1020
744,10,6776,1126
744,11,7662,1186
744,12,8558,1258
744,13,9392,1390
744,14,9978,1506
744,15,10540,1674
744,16,11080,1842
744,17,11504,1950
744,18,11870,2074
744,19,12140,2216
744,20,12364,2308
744,21,12528,2388
744,22,12692,2448
744,23,12860,2490
744,24,13014,2550
744,25,13206,2622
744,26,13368,2746
744,27,13488,2818
744,28,13582,2876
744,29,13616,2930
745,-1,5452,1552
745,0,40,42
745,1,162,194
745,2,410,276
745,3,708,368
745,4,1082,488
745,5,1518,678
745,6,1928,804
745,7,2446,938
745,8,3096,1018
745,9,3790,1122
745,10,4554,1278
745,11,5310,1446
745,12,6024,1644
745,13,6578,1848
745,14,7116,1964
745,15,7560,2036
745,16,8036,2164
745,17,8474,2238
745,18,8930,2348
745,19,9312,2422
745,20,9658,2514
745,21,9910,2652
745,22,10056,2698
745,23,10212,2732
745,24,10386,2764
745,25,10532,2862
745,26,10680,2950
745,27,10798,3020
745,28,10868,3060
745,29,10904,3102
746,-1,10174,1554
746,0,30,58
746,1,96,120
746,2,206,196
746,3,332,282
746,4,574,356
746,5,812,428
746,6,920,514
746,7,956,560
746,8,1056,634
746,9,1372,786
746,10,1848,908
746,11,2504,1058
746,12,3316,1130
746,13,4166,1226
746,14,5124,1348
746,15,6218,1442
746,16,7342,1568
746,17,8470,1666
746,18,9768,1848
746,19,11146,1972
746,20,12552,2060
746,21,14000,2140
746,22,15506,2190
746,23,16846,2324
746,24,18016,2492
746,25,18918,2690
746,26,19560,2850
746,27,19978,2916
746,28,20256,3030
746,29,20348,3104
747,-1,5490,1438
747,0,36,30
747,1,104,60
747,2,186,144
747,3,266,226
747,4,432,378
747,5,820,612
747,6,1328,800
747,7,1876,920
747,8,2526,1112
747,9,3326,1224
747,10,4112,1282
747,11,4886,1380
747,12,5520,1454
747,13,6174,1508
747,14,6852,1572
747,15,7506,1644
747,16,8056,1772
747,17,8580,1908
747,18,9026,2090
747,19,9424,2212
747,20,9786,2338
747,21,10012,2464
747,22,10168,2516
747,23,10322,2570
747,24,10446,2600
747,25,10572,2654
747,26,10766,2712
747,27,10904,2780
747,28,10964,2854
747,29,10980,2872
748,-1,3415,884
748,0,10,22
748,1,52,74
748,2,148,152
748,3,326,312
748,4,620,432
748,5,958,508
748,6,1278,604
748,7,1582,698
748,8,1912,782
748,9,2276,834
748,10,2668,854
748,11,3072,878
748,12,3470,954
748,13,3822,1048
748,14,4120,1134
748,15,4390,1208
748,16,4702,1248
748,17,5020,1272
748,18,5312,1324
748,19,5564,1358
748,20,5808,1404
748,21,6040,1430
748,22,6234,1476
748,23,6358,1500
748,24,6480,1514
748,25,6610,1538
748,26,6720,1604
748,27,6778,1690
748,28,6816,1730
748,29,6830,1764
749,-1,5209,1058
749,0,16,28
749,1,68,106
749,2,218,246
749,3,440,348
749,4,656,418
749,5,858,466
749,6,1148,622
749,7,1514,786
749,8,1878,890
749,9,2298,978
749,10,2766,1058
749,11,3252,1122
749,12,3742,1184
749,13,4278,1214
749,14,4786,1254
749,15,5266,1304
749,16,5732,1326
749,17,6212,1346
749,18,6688,1378
749,19,7170,1414
749,20,7674,1470
749,21,8196,1494
749,22,8736,1590
749,23,9256,1668
749,24,9704,1772
749,25,9996,1904
749,26,10166,1974
749,27,10286,2014
749,28,10388,2066
749,29,10418,2112
750,-1,17680,3654
750,0,208,124
750,1,622,292
750,2,1140,456
750,3,1638,654
750,4,2012,874
750,5,2480,1168
750,6,3310,1388
750,7,3938,1612
750,8,4722,1766
750,9,5564,1984
750,10,6556,2072
750,11,7536,2396
750,12,8450,2644
750,13,9456,2838
750,14,10602,3106
750,15,12052,3360
750,16,13534,3518
750,17,14678,3730
750,18,15986,3858
750,19,17532,4130
750,20,19106,4448
750,21,21176,4716
750,22,23706,4976
750,23,26154,5476
750,24,28674,5824
750,25,30728,6032
750,26,32708,6398
750,27,34106,6676
750,28,35132,7010
750,29,35360,7306
751,-1,11396,2502
751,0,62,90
751,1,214,252
751,2,566,564
751,3,1348,836
751,4,2458,950
751,5,3476,1082
751,6,4552,1134
751,7,5726,1276
751,8,7126,1392
751,9,8740,1514
751,10,10388,1658
751,11,12022,1788
751,12,13670,1960
751,13,15236,2160
751,14,16554,2460
751,15,17810,2740
751,16,18794,3148
751,17,19408,3520
751,18,20000,3794
751,19,20564,3982
751,20,20962,4052
751,21,21220,4182
751,22,21430,4312
751,23,21664,4378
751,24,21920,4458
751,25,22094,4586
751,26,22326,4690
751,27,22588,4766
751,28,22740,4908
751,29,22792,5002
752,-1,15136,3330
752,0,138,150
752,1,504,452
752,2,1162,718
752,3,1872,980
752,4,2824,1178
752,5,3718,1344
752,6,4572,1578
752,7,5764,1964
752,8,7482,2326
752,9,9496,2780
752,10,11406,3022
752,11,13168,3206
752,12,15062,3320
752,13,16778,3468
752,14,18502,3604
752,15,20402,3856
752,16,22256,4580
752,17,23590,5042
752,18,24614,5230
752,19,25478,5384
752,20,26160,5434
752,21,26884,5526
752,22,27672,5640
752,23,28368,5762
752,24,28924,5948
752,25,29392,6142
752,26,29780,6326
752,27,30000,6390
752,28,30224,6604
752,29,30272,6658
753,-1,3059,1404
753,0,54,80
753,1,150,198
753,2,358,360
753,3,582,542
753,4,828,712
753,5,1224,876
753,6,1692,1034
753,7,2196,1168
753,8,2690,1290
753,9,3020,1340
753,10,3372,1440
753,11,3682,1550
753,12,3984,1618
753,13,4252,1680
753,14,4494,1726
753,15,4704,1792
753,16,4870,1878
753,17,4996,1976
753,18,5116,2060
753,19,5264,2164
753,20,5376,2284
753,21,5480,2384
753,22,5566,2452
753,23,5664,2518
753,24,5778,2596
753,25,5906,2644
753,26,5998,2712
753,27,6046,2748
753,28,6088,2764
753,29,6118,2794
754,-1,4755,1348
754,0,18,34
754,1,66,68
754,2,174,114
754,3,276,152
754,4,436,252
754,5,778,400
754,6,1144,502
754,7,1428,578
754,8,1682,610
754,9,1964,680
754,10,2326,760
754,11,2640,856
754,12,2948,936
754,13,3308,1018
754,14,3690,1114
754,15,4212,1258
754,16,4788,1434
754,17,5304,1622
754,18,5844,1776
754,19,6346,1910
754,20,6834,1996
754,21,7256,2058
754,22,7656,2154
754,23,8070,2258
754,24,8472,2366
754,25,8810,2452
754,26,9112,2482
754,27,9366,2546
754,28,9464,2642
754,29,9510,2690
755,-1,76759,9094
755,0,912,422
755,1,2944,814
755,2,5138,1160
755,3,8146,1724
755,4,11932,2718
755,5,15388,3798
755,6,18694,4908
755,7,24246,5854
755,8,31082,7024
755,9,37656,7766
755,10,45018,8720
755,11,53622,9384
755,12,61978,10562
755,13,69132,11378
755,14,75358,11662
755,15,82028,12112
755,16,88728,12406
755,17,94692,12588
755,18,100440,12818
755,19,105660,13106
755,20,110838,13466
755,21,117430,14100
755,22,125130,14350
755,23,132512,14892
755,24,139036,15558
755,25,144356,16160
755,26,148618,16796
755,27,151292,17314
755,28,153116,17860
755,29,153518,18182
756,-1,3341,836
756,0,12,22
756,1,76,88
756,2,182,158
756,3,312,256
756,4,474,346
756,5,656,428
756,6,830,502
756,7,1046,578
756,8,1336,660
756,9,1688,736
756,10,2086,774
756,11,2490,800
756,12,2888,844
756,13,3272,872
756,14,3622,934
756,15,3922,966
756,16,4244,998
756,17,4604,1020
756,18,4966,1052
756,19,5272,1118
756,20,5514,1188
756,21,5758,1234
756,22,5966,1320
756,23,6160,1384
756,24,6344,1460
756,25,6464,1498
756,26,6574,1546
756,27,6652,1622
756,28,6678,1658
756,29,6682,1670
757,-1,6374,1736
757,0,26,54
757,1,114,164
757,2,292,236
757,3,530,372
757,4,952,490
757,5,1436,600
757,6,1990,652
757,7,2582,682
757,8,3228,734
757,9,3930,816
757,10,4692,1030
757,11,5368,1324
757,12,5980,1570
757,13,6596,1680
757,14,7150,1790
757,15,7650,1956
757,16,8018,2094
757,17,8448,2270
757,18,8904,2414
757,19,9408,2528
757,20,9868,2630
757,21,10344,2680
757,22,10750,2758
757,23,11114,2844
757,24,11500,2944
757,25,11948,3008
757,26,12288,3134
757,27,12566,3270
757,28,12716,3400
757,29,12748,3468
758,-1,5857,1988
758,0,14,32
758,1,82,82
758,2,136,132
758,3,234,210
758,4,412,324
758,5,678,432
758,6,1030,546
758,7,1436,720
758,8,2018,956
758,9,2806,1172
758,10,3728,1358
758,11,4648,1540
758,12,5558,1736
758,13,6464,1926
758,14,7340,2098
758,15,8178,2284
758,16,8952,2554
758,17,9552,2776
758,18,10116,2992
758,19,10520,3222
758,20,10842,3388
758,21,11086,3558
758,22,11320,3698
758,23,11428,3784
758,24,11480,3844
758,25,11534,3878
758,26,11598,3902
758,27,11654,3920
758,28,11698,3950
758,29,11714,3968
759,-1,44216,5990
759,0,1182,682
759,1,3076,1290
759,2,4776,1804
759,3,5958,2388
759,4,8514,3348
759,5,12680,3984
759,6,17238,4408
759,7,21632,5122
759,8,26428,5586
759,9,31258,6112
759,10,35434,6564
759,11,40524,7024
759,12,46046,7228
759,13,50628,7498
759,14,54170,7984
759,15,57348,8228
759,16,60892,8504
759,17,65226,8658
759,18,69410,8868
759,19,72794,9056
759,20,75836,9258
759,21,78950,9368
759,22,81798,9538
759,23,83940,10040
759,24,84772,10712
759,25,85620,10996
759,26,86796,11294
759,27,87742,11538
759,28,88218,11790
759,29,88432,11978
760,-1,3850,1348
760,0,100,54
760,1,210,194
760,2,516,338
760,3,992,436
760,4,1444,530
760,5,1814,610
760,6,2076,738
760,7,2376,914
760,8,2702,994
760,9,3034,1042
760,10,3306,1094
760,11,3582,1182
760,12,3882,1250
760,13,4196,1330
760,14,4596,1414
760,15,4956,1478
760,16,5154,1626
760,17,5242,1706
760,18,5358,1784
760,19,5434,1864
760,20,5554,1962
760,21,5748,2024
760,22,6022,2106
760,23,6412,2186
760,24,6826,2272
760,25,7184,2328
760,26,7428,2428
760,27,7524,2530
760,28,7650,2620
760,29,7700,2694
761,-1,5687,1654
761,0,36,64
761,1,158,136
761,2,330,302
761,3,606,414
761,4,916,464
761,5,1246,534
761,6,1454,614
761,7,1588,750
761,8,1834,840
761,9,2074,1038
761,10,2334,1152
761,11,2734,1372
761,12,3302,1608
761,13,4144,1830
761,14,4928,1898
761,15,5654,2058
761,16,6228,2152
761,17,6838,2234
761,18,7514,2340
761,19,8126,2440
761,20,8648,2550
761,21,9168,2614
761,22,9658,2666
761,23,10076,2792
761,24,10432,2890
761,25,10688,2982
761,26,10952,3040
761,27,11202,3150
761,28,11342,3256
761,29,11374,3306
762,-1,5099,1760
762,0,66,48
762,1,236,192
762,2,582,380
762,3,1128,576
762,4,1730,678
762,5,2376,820
762,6,3056,1104
762,7,3658,1348
762,8,4246,1566
762,9,4728,1704
762,10,5134,1784
762,11,5614,1858
762,12,6086,1966
762,13,6442,2094
762,14,6838,2190
762,15,7096,2324
762,16,7408,2466
762,17,7736,2576
762,18,7970,2658
762,19,8122,2702
762,20,8380,2804
762,21,8642,2902
762,22,8952,3000
762,23,9330,3084
762,24,9708,3156
762,25,9920,3278
762,26,10066,3340
762,27,10136,3416
762,28,10178,3486
762,29,10198,3516
763,-1,4465,1502
763,0,62,52
763,1,152,100
763,2,190,136
763,3,266,250
763,4,444,372
763,5,634,436
763,6,836,558
763,7,1094,676
763,8,1458,836
763,9,1862,1008
763,10,2280,1126
763,11,2692,1240
763,12,3086,1406
763,13,3418,1548
763,14,3762,1658
763,15,4150,1780
763,16,4586,1850
763,17,5016,1910
763,18,5442,1938
763,19,5892,1964
763,20,6382,2004
763,21,6902,2092
763,22,7364,2232
763,23,7798,2328
763,24,8168,2446
763,25,8466,2658
763,26,8664,2816
763,27,8822,2902
763,28,8900,2952
763,29,8930,3002
764,-1,3302,1074
764,0,32,36
764,1,72,76
764,2,130,106
764,3,254,174
764,4,412,252
764,5,590,304
764,6,754,368
764,7,890,450
764,8,1024,508
764,9,1208,590
764,10,1458,718
764,11,1746,852
764,12,2128,974
764,13,2536,1032
764,14,2958,1102
764,15,3360,1160
764,16,3734,1202
764,17,4036,1318
764,18,4390,1406
764,19,4742,1478
764,20,5064,1568
764,21,5324,1644
764,22,5552,1704
764,23,5782,1746
764,24,6006,1798
764,25,6204,1882
764,26,6356,1966
764,27,6480,2036
764,28,6576,2096
764,29,6604,2140
765,-1,3661,1206
765,0,36,44
765,1,124,130
765,2,298,246
765,3,476,354
765,4,642,484
765,5,830,622
765,6,1054,778
765,7,1406,912
765,8,1900,1056
765,9,2246,1140
765,10,2588,1230
765,11,2948,1314
765,12,3298,1340
765,13,3650,1368
765,14,4016,1420
765,15,4416,1468
765,16,4816,1506
765,17,5204,1554
765,18,5562,1614
765,19,5866,1716
765,20,6098,1820
765,21,6306,1904
765,22,6476,1962
765,23,6658,2016
765,24,6830,2084
765,25,6984,2152
765,26,7116,2234
765,27,7220,2306
765,28,7288,2356
765,29,7322,2400
766,-1,19171,2654
766,0,72,52
766,1,422,220
766,2,946,426
766,3,1624,668
766,4,2632,1094
766,5,3956,1386
766,6,5552,1596
766,7,7252,1790
766,8,9132,1954
766,9,11050,2108
766,10,12786,2238
766,11,14444,2318
766,12,16094,2442
766,13,17710,2582
766,14,19170,2748
766,15,20694,2900
766,16,22320,2988
766,17,24076,3182
766,18,26004,3290
766,19,27882,3376
766,20,29752,3534
766,21,31506,3716
766,22,33226,3872
766,23,34578,4176
766,24,35580,4336
766,25,36376,4502
766,26,37156,4742
766,27,37878,4996
766,28,38224,5174
766,29,38342,5304
767,-1,5116,1386
767,0,52,68
767,1,198,170
767,2,410,246
767,3,724,344
767,4,1094,450
767,5,1476,558
767,6,1842,664
767,7,2110,730
767,8,2324,806
767,9,2570,914
767,10,2856,1042
767,11,3144,1194
767,12,3572,1286
767,13,4058,1340
767,14,4482,1406
767,15,4916,1474
767,16,5360,1564
767,17,5878,1686
767,18,6472,1746
767,19,6990,1838
767,20,7468,1876
767,21,7940,1908
767,22,8426,1970
767,23,8846,2094
767,24,9200,2216
767,25,9556,2314
767,26,9842,2434
767,27,10066,2534
767,28,10170,2664
767,29,10232,2770
768,-1,5300,1784
768,0,116,148
768,1,446,254
768,2,810,282
768,3,1240,362
768,4,1646,496
768,5,1860,612
768,6,2022,664
768,7,2188,704
768,8,2386,824
768,9,2756,968
768,10,3204,1140
768,11,3682,1316
768,12,4012,1462
768,13,4332,1600
768,14,4738,1694
768,15,5256,1816
768,16,5812,1862
768,17,6372,1892
768,18,6950,1940
768,19,7564,2090
768,20,8090,2308
768,21,8590,2458
768,22,9098,2608
768,23,9506,2718
768,24,9880,2854
768,25,10110,3032
768,26,10298,3230
768,27,10430,3370
768,28,10560,3482
768,29,10600,3562
769,-1,4997,1382
769,0,22,42
769,1,130,134
769,2,336,358
769,3,674,498
769,4,1084,580
769,5,1478,656
769,6,1874,786
769,7,2310,884
769,8,2798,1032
769,9,3368,1130
769,10,3954,1216
769,11,4430,1306
769,12,4902,1386
769,13,5410,1458
769,14,5812,1490
769,15,6178,1580
769,16,6514,1710
769,17,6878,1806
769,18,7222,1972
769,19,7516,2108
769,20,7828,2244
769,21,8170,2304
769,22,8492,2348
769,23,8756,2418
769,24,9012,2458
769,25,9276,2484
769,26,9530,2514
769,27,9762,2552
769,28,9928,2660
769,29,9994,2758
770,-1,3065,870
770,0,32,44
770,1,64,68
770,2,108,110
770,3,188,158
770,4,266,200
770,5,332,256
770,6,430,330
770,7,520,390
770,8,636,412
770,9,762,430
770,10,908,462
770,11,1036,484
770,12,1208,578
770,13,1466,692
770,14,1756,808
770,15,2074,904
770,16,2468,1018
770,17,2930,1092
770,18,3386,1130
770,19,3832,1154
770,20,4284,1178
770,21,4706,1222
770,22,5096,1272
770,23,5410,1338
770,24,5698,1420
770,25,5880,1516
770,26,6024,1578
770,27,6076,1648
770,28,6114,1698
770,29,6130,1738
771,-1,3698,1116
771,0,34,38
771,1,112,130
771,2,234,202
771,3,354,296
771,4,398,346
771,5,468,382
771,6,580,434
771,7,710,528
771,8,790,594
771,9,910,692
771,10,1142,806
771,11,1432,894
771,12,1728,976
771,13,2038,1040
771,14,2426,1110
771,15,2846,1208
771,16,3246,1270
771,17,3676,1350
771,18,4130,1400
771,19,4560,1470
771,20,5038,1532
771,21,5488,1582
771,22,5874,1728
771,23,6268,1830
771,24,6612,1898
771,25,6898,1970
771,26,7136,2036
771,27,7270,2100
771,28,7366,2170
771,29,7396,2230
772,-1,6756,1588
772,0,48,42
772,1,68,84
772,2,144,170
772,3,374,394
772,4,898,596
772,5,1392,820
772,6,2028,966
772,7,2812,1050
772,8,3660,1092
772,9,4520,1154
772,10,5312,1236
772,11,6274,1450
772,12,7344,1578
772,13,8444,1634
772,14,9366,1776
772,15,10110,1864
772,16,10680,2028
772,17,11048,2232
772,18,11358,2354
772,19,11640,2444
772,20,11872,2546
772,21,12084,2618
772,22,12350,2708
772,23,12554,2782
772,24,12784,2840
772,25,13012,2908
772,26,13172,2952
772,27,13324,2982
772,28,13460,3080
772,29,13512,3174
773,-1,6091,1766
773,0,72,86
773,1,190,224
773,2,410,304
773,3,774,402
773,4,1220,502
773,5,1722,596
773,6,2310,716
773,7,2966,826
773,8,3606,996
773,9,4400,1076
773,10,5218,1114
773,11,5896,1224
773,12,6500,1388
773,13,7024,1526
773,14,7492,1646
773,15,7932,1734
773,16,8212,1842
773,17,8536,1928
773,18,8872,2130
773,19,9218,2350
773,20,9666,2628
773,21,10042,2706
773,22,10370,2792
773,23,10752,2904
773,24,11182,2990
773,25,11632,3058
773,26,11934,3230
773,27,12088,3370
773,28,12158,3482
773,29,12182,3528
774,-1,28434,3870
774,0,374,180
774,1,1350,466
774,2,2756,802
774,3,4060,1032
774,4,5272,1172
774,5,6566,1448
774,6,8062,1674
774,7,9832,2014
774,8,11736,2304
774,9,13734,2416
774,10,15950,2772
774,11,18350,3018
774,12,20956,3228
774,13,23744,3342
774,14,26906,3680
774,15,29902,4006
774,16,33092,4406
774,17,36396,4680
774,18,39456,4938
774,19,42064,5176
774,20,44382,5398
774,21,46442,5584
774,22,48260,5758
774,23,50120,5958
774,24,51860,6204
774,25,53576,6658
774,26,55108,7052
774,27,56180,7402
774,28,56692,7560
774,29,56868,7738
775,-1,3530,1196
775,0,32,54
775,1,176,174
775,2,396,260
775,3,788,488
775,4,1316,602
775,5,1964,696
775,6,2608,774
775,7,3142,882
775,8,3620,1016
775,9,4024,1134
775,10,4356,1242
775,11,4562,1346
775,12,4710,1408
775,13,4876,1472
775,14,5006,1548
775,15,5134,1598
775,16,5268,1638
775,17,5400,1698
775,18,5540,1776
775,19,5672,1830
775,20,5852,1860
775,21,6018,1934
775,22,6192,1996
775,23,6324,2046
775,24,6490,2114
775,25,6654,2160
775,26,6828,2218
775,27,6946,2282
775,28,7026,2340
775,29,7060,2390
776,-1,4342,1128
776,0,66,48
776,1,164,84
776,2,280,128
776,3,484,216
776,4,732,318
776,5,922,402
776,6,1042,482
776,7,1230,638
776,8,1504,726
776,9,1848,864
776,10,2240,938
776,11,2698,1060
776,12,3142,1152
776,13,3652,1230
776,14,4218,1348
776,15,4758,1444
776,16,5208,1526
776,17,5632,1560
776,18,6080,1588
776,19,6516,1622
776,20,6942,1668
776,21,7358,1742
776,22,7744,1850
776,23,8056,1932
776,24,8316,1996
776,25,8470,2092
776,26,8552,2120
776,27,8620,2158
776,28,8658,2212
776,29,8684,2254
777,-1,5090,1364
777,0,28,32
777,1,94,64
777,2,224,144
777,3,450,212
777,4,734,314
777,5,1046,404
777,6,1456,492
777,7,1936,590
777,8,2324,632
777,9,2770,712
777,10,3256,816
777,11,3760,964
777,12,4308,1118
777,13,4848,1196
777,14,5356,1298
777,15,5814,1370
777,16,6284,1474
777,17,6778,1542
777,18,7262,1658
777,19,7774,1746
777,20,8222,1834
777,21,8648,1930
777,22,9042,2028
777,23,9362,2206
777,24,9584,2340
777,25,9808,2428
777,26,10018,2528
777,27,10120,2632
777,28,10158,2682
777,29,10180,2724
778,-1,3965,1282
778,0,28,26
778,1,106,70
778,2,274,140
778,3,454,196
778,4,652,252
778,5,872,278
778,6,1100,352
778,7,1354,392
778,8,1602,446
778,9,1894,510
778,10,2226,558
778,11,2562,604
778,12,2826,650
778,13,3128,726
778,14,3500,846
778,15,3954,964
778,16,4412,1036
778,17,4868,1104
778,18,5332,1186
778,19,5876,1320
778,20,6440,1518
778,21,6888,1794
778,22,7182,1992
778,23,7452,2134
778,24,7674,2282
778,25,7794,2364
778,26,7868,2462
778,27,7902,2510
778,28,7918,2542
778,29,7930,2562
779,-1,3501,1130
779,0,30,52
779,1,120,102
779,2,260,180
779,3,476,256
779,4,776,360
779,5,1096,432
779,6,1460,488
779,7,1850,562
779,8,2264,636
779,9,2660,714
779,10,3054,776
779,11,3412,830
779,12,3776,892
779,13,4112,964
779,14,4434,1052
779,15,4792,1150
779,16,5106,1212
779,17,5402,1296
779,18,5620,1372
779,19,5830,1468
779,20,6000,1566
779,21,6160,1662
779,22,6322,1742
779,23,6508,1834
779,24,6642,1948
779,25,6754,2032
779,26,6822,2100
779,27,6900,2156
779,28,6970,2208
779,29,7002,2256
780,-1,5549,1512
780,0,78,88
780,1,428,312
780,2,944,488
780,3,1496,676
780,4,2016,790
780,5,2478,880
780,6,2936,924
780,7,3488,1030
780,8,4040,1110
780,9,4464,1234
780,10,4774,1340
780,11,5078,1486
780,12,5324,1602
780,13,5630,1726
780,14,6008,1818
780,15,6440,1896
780,16,6892,1930
780,17,7264,1990
780,18,7580,2034
780,19,7916,2084
780,20,8272,2126
780,21,8568,2198
780,22,8864,2284
780,23,9222,2366
780,24,9596,2436
780,25,9988,2586
780,26,10350,2690
780,27,10734,2770
780,28,11032,2912
780,29,11098,3020
781,-1,3057,1248
781,0,22,40
781,1,130,114
781,2,230,208
781,3,352,296
781,4,564,402
781,5,834,490
781,6,1154,546
781,7,1486,580
781,8,1814,618
781,9,2116,738
781,10,2472,916
781,11,2936,1046
781,12,3384,1190
781,13,3830,1324
781,14,4218,1482
781,15,4556,1582
781,16,4796,1746
781,17,5014,1850
781,18,5184,1962
781,19,5316,2060
781,20,5454,2146
781,21,5620,2218
781,22,5788,2258
781,23,5876,2312
781,24,5938,2370
781,25,5990,2398
781,26,6046,2434
781,27,6098,2458
781,28,6110,2484
781,29,6114,2494
782,-1,11840,2666
782,0,76,114
782,1,356,258
782,2,628,346
782,3,994,398
782,4,1380,430
782,5,1748,480
782,6,2156,578
782,7,2706,760
782,8,3504,974
782,9,4524,1246
782,10,5718,1554
782,11,7028,1834
782,12,8278,2132
782,13,9476,2324
782,14,10582,2488
782,15,11814,2776
782,16,13282,3026
782,17,14884,3392
782,18,16552,3756
782,19,18144,3918
782,20,19560,4156
782,21,20548,4292
782,22,21548,4380
782,23,22390,4612
782,24,22948,4790
782,25,23316,4996
782,26,23468,5160
782,27,23564,5210
782,28,23664,5284
782,29,23680,5328
783,-1,3529,1080
783,0,36,44
783,1,156,94
783,2,386,196
783,3,708,260
783,4,1068,292
783,5,1434,340
783,6,1800,444
783,7,2240,532
783,8,2630,580
783,9,2990,652
783,10,3326,742
783,11,3628,838
783,12,3854,906
783,13,4050,942
783,14,4266,1002
783,15,4550,1066
783,16,4820,1114
783,17,5114,1166
783,18,5448,1292
783,19,5822,1472
783,20,6208,1600
783,21,6428,1778
783,22,6608,1880
783,23,6750,1938
783,24,6864,1982
783,25,6918,2048
783,26,6974,2080
783,27,7016,2104
783,28,7042,2132
783,29,7058,2156
784,-1,5025,1682
784,0,50,82
784,1,176,182
784,2,370,282
784,3,678,394
784,4,1038,500
784,5,1444,612
784,6,1816,784
784,7,2108,964
784,8,2360,1084
784,9,2726,1308
784,10,3192,1490
784,11,3596,1574
784,12,4036,1628
784,13,4428,1672
784,14,4736,1790
784,15,4966,1896
784,16,5210,1956
784,17,5572,2080
784,18,6040,2244
784,19,6594,2336
784,20,7236,2382
784,21,7782,2540
784,22,8302,2652
784,23,8690,2828
784,24,9008,2998
784,25,9278,3098
784,26,9578,3140
784,27,9830,3230
784,28,9974,3280
784,29,10050,3350
785,-1,6382,1614
785,0,68,78
785,1,198,216
785,2,502,448
785,3,1040,732
785,4,1494,800
785,5,1860,890
785,6,2238,958
785,7,2714,1032
785,8,3104,1084
785,9,3526,1184
785,10,3942,1272
785,11,4362,1332
785,12,4822,1474
785,13,5286,1536
785,14,5756,1594
785,15,6212,1642
785,16,6672,1692
785,17,7104,1734
785,18,7454,1802
785,19,7896,1974
785,20,8480,2104
785,21,9068,2226
785,22,9626,2358
785,23,10344,2522
785,24,11066,2642
785,25,11566,2762
785,26,12032,2884
785,27,12436,3006
785,28,12688,3118
785,29,12764,3226
786,-1,3261,862
786,0,20,26
786,1,98,104
786,2,162,170
786,3,262,222
786,4,400,290
786,5,572,344
786,6,742,374
786,7,924,428
786,8,1142,488
786,9,1410,584
786,10,1722,634
786,11,2058,664
786,12,2390,688
786,13,2710,702
786,14,3046,728
786,15,3400,750
786,16,3754,792
786,17,4112,822
786,18,4472,836
786,19,4834,862
786,20,5174,886
786,21,5484,954
786,22,5712,1060
786,23,5918,1168
786,24,6112,1270
786,25,6282,1400
786,26,6404,1556
786,27,6464,1640
786,28,6502,1694
786,29,6522,1718
787,-1,10604,1790
787,0,62,108
787,1,336,300
787,2,848,464
787,3,1372,530
787,4,1930,588
787,5,2580,674
787,6,3278,822
787,7,4078,990
787,8,4848,1124
787,9,5664,1226
787,10,6630,1374
787,11,7738,1532
787,12,8886,1656
787,13,10058,1764
787,14,11256,1856
787,15,12432,1954
787,16,13638,1990
787,17,14822,2044
787,18,15936,2148
787,19,16976,2216
787,20,17932,2318
787,21,18776,2460
787,22,19566,2658
787,23,20256,2814
787,24,20692,3098
787,25,20952,3306
787,26,21060,3390
787,27,21128,3488
787,28,21184,3534
787,29,21208,3578
788,-1,3117,1042
788,0,44,44
788,1,186,110
788,2,364,148
788,3,566,208
788,4,732,276
788,5,898,364
788,6,1116,436
788,7,1302,484
788,8,1522,522
788,9,1742,578
788,10,1942,622
788,11,2124,660
788,12,2362,752
788,13,2648,834
788,14,2928,952
788,15,3242,1050
788,16,3594,1132
788,17,3890,1208
788,18,4176,1308
788,19,4400,1410
788,20,4592,1488
788,21,4892,1552
788,22,5192,1592
788,23,5448,1656
788,24,5638,1718
788,25,5808,1786
788,26,6028,1902
788,27,6182,1990
788,28,6228,2066
788,29,6234,2082
789,-1,8433,2046
789,0,126,144
789,1,406,272
789,2,852,430
789,3,1410,560
789,4,2084,676
789,5,2854,726
789,6,3616,782
789,7,4390,850
789,8,5380,1042
789,9,6456,1232
789,10,7534,1514
789,11,8174,1844
789,12,8656,2060
789,13,9368,2344
789,14,10234,2578
789,15,11060,2834
789,16,11666,2982
789,17,12258,3060
789,18,12898,3168
789,19,13462,3232
789,20,13928,3326
789,21,14392,3422
789,22,14878,3510
789,23,15324,3588
789,24,15644,3696
789,25,16014,3828
789,26,16356,3900
789,27,16578,3974
789,28,16784,4028
789,29,16866,4086
790,-1,5124,1236
790,0,74,68
790,1,182,192
790,2,248,248
790,3,386,356
790,4,712,530
790,5,1134,596
790,6,1574,626
790,7,2016,682
790,8,2422,786
790,9,2914,846
790,10,3376,930
790,11,3802,1058
790,12,4258,1144
790,13,4732,1174
790,14,5218,1216
790,15,5682,1290
790,16,6088,1402
790,17,6490,1456
790,18,6888,1520
790,19,7172,1592
790,20,7436,1640
790,21,7840,1744
790,22,8268,1816
790,23,8722,1928
790,24,9126,2088
790,25,9506,2150
790,26,9802,2214
790,27,10032,2300
790,28,10164,2392
790,29,10248,2462
791,-1,5323,1484
791,0,24,44
791,1,98,124
791,2,278,206
791,3,580,326
791,4,908,416
791,5,1284,526
791,6,1720,636
791,7,2204,804
791,8,2708,924
791,9,3340,1032
791,10,3886,1154
791,11,4318,1226
791,12,4710,1318
791,13,5106,1440
791,14,5608,1692
791,15,6160,1794
791,16,6690,1922
791,17,7208,1974
791,18,7758,2038
791,19,8322,2114
791,20,8840,2202
791,21,9300,2330
791,22,9746,2438
791,23,10048,2606
791,24,10294,2684
791,25,10460,2758
791,26,10564,2864
791,27,10600,2910
791,28,10634,2944
791,29,10646,2966
792,-1,4026,1042
792,0,36,42
792,1,206,176
792,2,422,290
792,3,662,428
792,4,968,630
792,5,1314,724
792,6,1684,780
792,7,2060,826
792,8,2418,848
792,9,2792,868
792,10,3174,916
792,11,3570,962
792,12,3958,996
792,13,4336,1038
792,14,4684,1104
792,15,5024,1178
792,16,5360,1268
792,17,5632,1358
792,18,5892,1460
792,19,6188,1526
792,20,6542,1580
792,21,6876,1646
792,22,7210,1716
792,23,7476,1790
792,24,7686,1868
792,25,7802,1928
792,26,7920,1958
792,27,7996,2020
792,28,8022,2042
792,29,8052,2080
793,-1,9903,1920
793,0,58,74
793,1,380,312
793,2,872,432
793,3,1446,496
793,4,2120,600
793,5,2742,734
793,6,3292,844
793,7,3808,1096
793,8,4464,1434
793,9,5326,1614
793,10,6380,1782
793,11,7482,1848
793,12,8556,1902
793,13,9566,1946
793,14,10498,2072
793,15,11516,2238
793,16,12684,2376
793,17,14068,2522
793,18,15476,2658
793,19,16610,2884
793,20,17360,3124
793,21,17780,3212
793,22,18214,3256
793,23,18602,3304
793,24,18842,3380
793,25,19130,3516
793,26,19430,3598
793,27,19614,3702
793,28,19744,3778
793,29,19806,3838
794,-1,3143,680
794,0,6,14
794,1,44,82
794,2,136,122
794,3,232,152
794,4,370,202
794,5,512,236
794,6,680,286
794,7,904,364
794,8,1184,414
794,9,1520,476
794,10,1886,542
794,11,2270,576
794,12,2674,600
794,13,3000,660
794,14,3304,678
794,15,3614,710
794,16,3892,772
794,17,4134,810
794,18,4406,894
794,19,4722,942
794,20,5042,978
794,21,5346,1008
794,22,5616,1040
794,23,5876,1076
794,24,6056,1180
794,25,6168,1264
794,26,6204,1286
794,27,6236,1308
794,28,6272,1328
794,29,6286,1356
795,-1,4894,1088
795,0,68,92
795,1,306,232
795,2,590,314
795,3,874,390
795,4,1308,524
795,5,1832,644
795,6,2434,804
795,7,3130,856
795,8,3626,886
795,9,4076,966
795,10,4578,1068
795,11,5042,1156
795,12,5430,1222
795,13,5780,1278
795,14,6116,1336
795,15,6440,1422
795,16,6818,1552
795,17,7206,1600
795,18,7550,1624
795,19,7912,1696
795,20,8246,1744
795,21,8580,1778
795,22,8876,1814
795,23,9132,1866
795,24,9362,1914
795,25,9514,1998
795,26,9620,2044
795,27,9718,2072
795,28,9762,2122
795,29,9788,2174
796,-1,3820,1196
796,0,34,56
796,1,116,110
796,2,252,178
796,3,500,272
796,4,606,426
796,5,734,548
796,6,910,630
796,7,1160,726
796,8,1502,810
796,9,1886,880
796,10,2282,1024
796,11,2728,1130
796,12,3084,1234
796,13,3430,1326
796,14,3696,1398
796,15,3942,1440
796,16,4218,1510
796,17,4550,1552
796,18,4876,1576
796,19,5198,1610
796,20,5506,1654
796,21,5842,1744
796,22,6240,1816
796,23,6600,1910
796,24,6934,1990
796,25,7250,2086
796,26,7446,2210
796,27,7566,2320
796,28,7614,2360
796,29,7640,2384
797,-1,59706,6310
797,0,736,476
797,1,3284,1358
797,2,8588,2038
797,3,13568,2424
797,4,18070,2690
797,5,22284,3080
797,6,26434,3274
797,7,30590,3478
797,8,34728,3648
797,9,39176,3968
797,10,44502,4486
797,11,50268,4824
797,12,56190,5084
797,13,62876,5766
797,14,69908,6290
797,15,76548,6530
797,16,82656,6786
797,17,88264,7306
797,18,93308,7832
797,19,97752,8460
797,20,101752,9122
797,21,105128,9740
797,22,107614,10006
797,23,109842,10326
797,24,111576,10764
797,25,113374,11146
797,26,115596,11460
797,27,117404,11796
797,28,119098,12316
797,29,119412,12618
798,-1,16438,2914
798,0,116,170
798,1,576,552
798,2,1402,800
798,3,2514,900
798,4,3764,1096
798,5,5296,1170
798,6,6822,1272
798,7,8224,1468
798,8,9348,1760
798,9,10184,2064
798,10,10984,2216
798,11,11696,2336
798,12,12616,2504
798,13,13662,2686
798,14,14724,2900
798,15,16020,3072
798,16,17230,3148
798,17,18474,3200
798,18,19652,3372
798,19,20938,3478
798,20,22372,3624
798,21,23998,3690
798,22,25588,3748
798,23,27196,3972
798,24,29150,4186
798,25,30822,4652
798,26,31806,5070
798,27,32406,5394
798,28,32814,5716
798,29,32876,5822
799,-1,3145,940
799,0,22,28
799,1,62,56
799,2,124,112
799,3,196,188
799,4,278,260
799,5,388,350
799,6,580,460
799,7,840,532
799,8,1160,608
799,9,1540,664
799,10,1914,700
799,11,2282,758
799,12,2614,826
799,13,2960,896
799,14,3314,956
799,15,3616,1022
799,16,3890,1120
799,17,4114,1172
799,18,4350,1206
799,19,4576,1240
799,20,4832,1282
799,21,5092,1330
799,22,5354,1392
799,23,5642,1478
799,24,5848,1596
799,25,6014,1682
799,26,6162,1750
799,27,6262,1822
799,28,6284,1864
799,29,6290,1878
800,-1,8132,2412
800,0,32,42
800,1,130,170
800,2,326,362
800,3,800,600
800,4,1334,860
800,5,2050,1056
800,6,2686,1244
800,7,3284,1458
800,8,3874,1636
800,9,4598,1860
800,10,5230,2002
800,11,6022,2172
800,12,7014,2360
800,13,8012,2542
800,14,9020,2732
800,15,10006,2934
800,16,10922,3192
800,17,11682,3520
800,18,12546,3804
800,19,13238,3994
800,20,13810,4072
800,21,14382,4140
800,22,14980,4178
800,23,15468,4316
800,24,15788,4472
800,25,15972,4598
800,26,16120,4664
800,27,16206,4752
800,28,16240,4790
800,29,16264,4822
801,-1,14029,2804
801,0,82,94
801,1,462,284
801,2,966,422
801,3,1408,478
801,4,1800,600
801,5,2210,680
801,6,2816,906
801,7,3734,1246
801,8,5012,1440
801,9,6490,1686
801,10,8154,1774
801,11,9718,1906
801,12,11232,2098
801,13,12638,2276
801,14,14274,2376
801,15,15870,2460
801,16,17430,2516
801,17,18836,2676
801,18,20048,2938
801,19,21144,3350
801,20,22518,3654
801,21,23948,3994
801,22,25128,4286
801,23,26114,4570
801,24,26900,4876
801,25,27334,5180
801,26,27636,5360
801,27,27846,5466
801,28,28000,5530
801,29,28058,5604
802,-1,43252,7508
802,0,750,554
802,1,3440,1330
802,2,7246,1682
802,3,11772,2270
802,4,16626,3226
802,5,20316,4724
802,6,22768,5138
802,7,25472,5366
802,8,28382,5846
802,9,31194,6572
802,10,33254,7306
802,11,36018,7702
802,12,39398,7874
802,13,42948,8510
802,14,46924,9306
802,15,50290,9560
802,16,53462,9702
802,17,56660,10276
802,18,60216,10846
802,19,63840,11470
802,20,67518,11846
802,21,71088,12040
802,22,74672,12194
802,23,78124,12436
802,24,81728,12902
802,25,84136,13858
802,26,85208,14282
802,27,85776,14576
802,28,86356,14854
802,29,86504,15012
803,-1,28368,4110
803,0,210,162
803,1,1126,648
803,2,2518,992
803,3,4418,1494
803,4,6808,1754
803,5,9710,1950
803,6,12622,2050
803,7,15552,2110
803,8,18454,2214
803,9,21426,2348
803,10,24454,2570
803,11,27224,2988
803,12,29726,3308
803,13,32538,3528
803,14,35144,3806
803,15,37494,4042
803,16,39904,4236
803,17,42402,4430
803,18,44746,4826
803,19,47014,5314
803,20,49446,5604
803,21,51568,6078
803,22,53292,6680
803,23,54476,7186
803,24,55288,7456
803,25,55884,7672
803,26,56242,7830
803,27,56496,7974
803,28,56652,8146
803,29,56736,8216
804,-1,11054,2628
804,0,42,58
804,1,236,188
804,2,572,282
804,3,866,542
804,4,1242,752
804,5,1772,962
804,6,2408,1060
804,7,3164,1250
804,8,3982,1372
804,9,5030,1566
804,10,6276,1748
804,11,7328,1868
804,12,8474,2064
804,13,9668,2224
804,14,10878,2446
804,15,12138,2610
804,16,13288,2794
804,17,14444,2976
804,18,15698,3192
804,19,16892,3408
804,20,17956,3696
804,21,18918,3936
804,22,19778,4162
804,23,20454,4394
804,24,20952,4580
804,25,21354,4720
804,26,21696,4912
804,27,21926,5084
804,28,22074,5198
804,29,22108,5254
805,-1,3264,974
805,0,34,48
805,1,132,126
805,2,272,192
805,3,426,218
805,4,556,246
805,5,668,292
805,6,824,330
805,7,1012,356
805,8,1174,400
805,9,1324,494
805,10,1476,544
805,11,1620,598
805,12,1792,656
805,13,1984,696
805,14,2208,772
805,15,2432,822
805,16,2854,964
805,17,3426,1020
805,18,4008,1058
805,19,4538,1208
805,20,4960,1338
805,21,5266,1430
805,22,5496,1478
805,23,5750,1514
805,24,6032,1552
805,25,6256,1640
805,26,6372,1742
805,27,6472,1854
805,28,6502,1908
805,29,6528,1946
806,-1,4635,1026
806,0,42,48
806,1,126,170
806,2,272,210
806,3,450,238
806,4,758,374
806,5,1210,530
806,6,1698,604
806,7,2238,676
806,8,2802,706
806,9,3364,734
806,10,3928,758
806,11,4526,810
806,12,5148,836
806,13,5766,874
806,14,6370,948
806,15,6882,1068
806,16,7314,1248
806,17,7680,1322
806,18,8104,1426
806,19,8462,1536
806,20,8654,1646
806,21,8800,1744
806,22,8910,1824
806,23,9028,1872
806,24,9134,1912
806,25,9194,1974
806,26,9224,2002
806,27,9242,2018
806,28,9258,2028
806,29,9270,2046
807,-1,55936,7032
807,0,432,212
807,1,1598,690
807,2,3418,1170
807,3,6166,1590
807,4,9108,2264
807,5,14268,2850
807,6,20360,3344
807,7,26034,3676
807,8,30974,4078
807,9,35042,4722
807,10,39340,4912
807,11,43260,5218
807,12,47130,5618
807,13,51688,6178
807,14,56940,6444
807,15,61350,6908
807,16,65636,7182
807,17,70248,7714
807,18,75576,8246
807,19,81106,8608
807,20,86656,8876
807,21,92146,9278
807,22,97110,10418
807,23,101758,11156
807,24,105586,11790
807,25,108168,12316
807,26,109668,13084
807,27,110782,13514
807,28,111582,13772
807,29,111872,14058
808,-1,7244,1566
808,0,74,96
808,1,340,306
808,2,876,516
808,3,1460,724
808,4,2206,966
808,5,3052,1098
808,6,3936,1228
808,7,4772,1356
808,8,5518,1422
808,9,6292,1456
808,10,7054,1546
808,11,7750,1616
808,12,8422,1708
808,13,8962,1866
808,14,9466,1950
808,15,10002,2030
808,16,10574,2104
808,17,11106,2186
808,18,11606,2240
808,19,12074,2314
808,20,12466,2396
808,21,12820,2454
808,22,13190,2516
808,23,13562,2578
808,24,13862,2660
808,25,14040,2806
808,26,14160,2888
808,27,14342,2982
808,28,14460,3086
808,29,14488,3126
809,-1,15310,3416
809,0,198,214
809,1,1046,728
809,2,2272,844
809,3,3428,962
809,4,4420,1194
809,5,5220,1502
809,6,5900,1614
809,7,6808,1918
809,8,7812,2294
809,9,8714,2568
809,10,9514,2852
809,11,10596,3266
809,12,11568,3740
809,13,12804,4020
809,14,14362,4344
809,15,16228,4476
809,16,18204,4664
809,17,19734,4870
809,18,21358,5140
809,19,22600,5362
809,20,23710,5582
809,21,24784,5678
809,22,25990,5800
809,23,27248,5928
809,24,28382,6042
809,25,29266,6360
809,26,29808,6538
809,27,30158,6652
809,28,30488,6734
809,29,30620,6824
810,-1,3107,952
810,0,64,72
810,1,190,150
810,2,314,268
810,3,376,322
810,4,476,448
810,5,656,566
810,6,880,616
810,7,1118,646
810,8,1344,674
810,9,1620,768
810,10,1950,864
810,11,2354,976
810,12,2792,1016
810,13,3190,1070
810,14,3562,1168
810,15,3950,1244
810,16,4174,1312
810,17,4380,1372
810,18,4592,1432
810,19,4816,1468
810,20,5042,1498
810,21,5252,1516
810,22,5456,1544
810,23,5676,1582
810,24,5866,1644
810,25,6022,1748
810,26,6120,1816
810,27,6176,1862
810,28,6208,1878
810,29,6214,1902
811,-1,11020,2374
811,0,56,68
811,1,222,216
811,2,536,278
811,3,950,444
811,4,1332,618
811,5,1768,714
811,6,2174,788
811,7,2462,852
811,8,2690,912
811,9,2818,1036
811,10,3058,1276
811,11,3654,1564
811,12,4494,1718
811,13,5236,1906
811,14,6272,2096
811,15,7618,2332
811,16,8930,2450
811,17,10388,2608
811,18,11898,2672
811,19,13296,2730
811,20,14718,2792
811,21,16106,2930
811,22,17670,3144
811,23,18958,3408
811,24,20044,3658
811,25,20920,3942
811,26,21322,4272
811,27,21638,4394
811,28,21940,4600
811,29,22040,4742
812,-1,16022,3682
812,0,108,154
812,1,270,296
812,2,456,376
812,3,626,452
812,4,990,706
812,5,1942,952
812,6,3078,1066
812,7,3912,1188
812,8,4762,1336
812,9,5800,1680
812,10,6918,2114
812,11,7784,2416
812,12,8576,2858
812,13,9496,3048
812,14,10642,3336
812,15,12160,3726
812,16,13878,4098
812,17,15476,4338
812,18,17334,4704
812,19,19336,4896
812,20,21458,5128
812,21,23442,5418
812,22,25180,5754
812,23,26788,6002
812,24,28312,6240
812,25,29694,6554
812,26,30756,6800
812,27,31526,6990
812,28,31936,7200
812,29,32044,7354
813,-1,3671,1186
813,0,10,22
813,1,22,44
813,2,44,82
813,3,138,184
813,4,350,352
813,5,692,472
813,6,1090,636
813,7,1590,782
813,8,2106,870
813,9,2680,938
813,10,3230,986
813,11,3734,1074
813,12,4226,1184
813,13,4736,1276
813,14,5204,1342
813,15,5562,1474
813,16,5828,1542
813,17,6046,1600
813,18,6222,1660
813,19,6396,1688
813,20,6578,1726
813,21,6736,1828
813,22,6894,1958
813,23,7040,2112
813,24,7176,2214
813,25,7230,2266
813,26,7284,2292
813,27,7318,2330
813,28,7338,2356
813,29,7342,2370
814,-1,12082,1904
814,0,42,52
814,1,162,96
814,2,324,224
814,3,662,352
814,4,1148,410
814,5,1680,462
814,6,2284,550
814,7,2948,610
814,8,3658,708
814,9,4426,784
814,10,5190,850
814,11,6100,962
814,12,7120,1060
814,13,8220,1218
814,14,9372,1384
814,15,10618,1546
814,16,11944,1588
814,17,13314,1634
814,18,14702,1730
814,19,16226,1840
814,20,17774,1956
814,21,19322,2078
814,22,20692,2298
814,23,21772,2696
814,24,22490,3034
814,25,23044,3190
814,26,23570,3368
814,27,23942,3576
814,28,24120,3724
814,29,24164,3804
815,-1,4353,1282
815,0,12,22
815,1,80,74
815,2,184,134
815,3,334,182
815,4,506,238
815,5,738,306
815,6,996,386
815,7,1238,522
815,8,1556,640
815,9,1916,740
815,10,2294,856
815,11,2760,976
815,12,3238,1060
815,13,3760,1156
815,14,4332,1202
815,15,4878,1254
815,16,5446,1324
815,17,5950,1418
815,18,6490,1576
815,19,7072,1680
815,20,7606,1852
815,21,7966,2056
815,22,8200,2208
815,23,8356,2290
815,24,8468,2344
815,25,8566,2406
815,26,8620,2460
815,27,8656,2492
815,28,8692,2536
815,29,8706,2560
816,-1,3711,1100
816,0,40,44
816,1,176,130
816,2,366,168
816,3,570,212
816,4,786,268
816,5,1046,322
816,6,1330,388
816,7,1746,532
816,8,2296,664
816,9,2862,770
816,10,3372,840
816,11,3922,906
816,12,4482,952
816,13,4998,998
816,14,5506,1086
816,15,5916,1208
816,16,6256,1360
816,17,6536,1500
816,18,6724,1686
816,19,6836,1796
816,20,6914,1884
816,21,7038,1926
816,22,7130,1982
816,23,7194,2010
816,24,7250,2046
816,25,7300,2074
816,26,7354,2094
816,27,7382,2134
816,28,7400,2158
816,29,7422,2196
817,-1,3499,1206
817,0,38,30
817,1,78,74
817,2,174,154
817,3,372,286
817,4,698,380
817,5,998,472
817,6,1286,568
817,7,1568,646
817,8,1854,710
817,9,2138,790
817,10,2376,886
817,11,2576,950
817,12,2806,1058
817,13,3186,1218
817,14,3596,1304
817,15,3952,1420
817,16,4260,1546
817,17,4548,1662
817,18,4824,1770
817,19,5128,1878
817,20,5432,1966
817,21,5726,2054
817,22,5978,2106
817,23,6210,2120
817,24,6434,2140
817,25,6644,2172
817,26,6812,2250
817,27,6932,2294
817,28,6986,2372
817,29,6998,2410
818,-1,3349,1130
818,0,44,66
818,1,200,144
818,2,372,178
818,3,560,224
818,4,772,274
818,5,1018,328
818,6,1274,354
818,7,1508,446
818,8,1832,554
818,9,2182,648
818,10,2452,728
818,11,2768,812
818,12,3126,900
818,13,3482,984
818,14,3806,1094
818,15,4160,1198
818,16,4494,1278
818,17,4832,1384
818,18,5130,1454
818,19,5412,1486
818,20,5690,1552
818,21,5946,1688
818,22,6118,1856
818,23,6268,1978
818,24,6436,2046
818,25,6540,2092
818,26,6624,2140
818,27,6668,2208
818,28,6692,2240
818,29,6698,2258
819,-1,332710,22658
819,0,1520,1018
819,1,5930,1978
819,2,14224,3110
819,3,24294,3480
819,4,35606,4110
819,5,46248,4672
819,6,59430,5980
819,7,76478,7524
819,8,96350,8808
819,9,113146,10140
819,10,129228,11444
819,11,148712,12304
819,12,171534,14200
819,13,199558,16376
819,14,233158,17738
819,15,270152,20194
819,16,308988,23062
819,17,348528,23842
819,18,388082,24210
819,19,428012,24562
819,20,466940,25854
819,21,507394,26928
819,22,547354,29034
819,23,580354,31984
819,24,609814,35230
819,25,632018,38604
819,26,648202,41064
819,27,659796,43282
819,28,664170,44642
819,29,665420,45306
820,-1,65336,8652
820,0,794,502
820,1,3266,1042
820,2,6536,1824
820,3,9790,2506
820,4,13592,3132
820,5,17922,4166
820,6,22450,5174
820,7,28924,6062
820,8,36850,6754
820,9,45292,7166
820,10,54254,7590
820,11,62862,8274
820,12,69920,8820
820,13,77298,9302
820,14,84416,9870
820,15,92442,10532
820,16,98214,11794
820,17,101938,12072
820,18,106268,12326
820,19,110884,13008
820,20,114644,13618
820,21,117570,13948
820,22,119684,14532
820,23,121492,14802
820,24,123146,15180
820,25,125106,15574
820,26,126936,16074
820,27,128920,16536
820,28,130360,16960
820,29,130672,17302
821,-1,11264,1918
821,0,146,144
821,1,530,306
821,2,1128,444
821,3,1868,598
821,4,2662,704
821,5,3364,808
821,6,4210,996
821,7,5194,1236
821,8,6272,1376
821,9,7232,1526
821,10,8056,1614
821,11,8938,1954
821,12,9742,2194
821,13,10612,2318
821,14,11598,2370
821,15,12652,2436
821,16,13644,2560
821,17,14644,2656
821,18,15672,2710
821,19,16650,2772
821,20,17580,2830
821,21,18384,2900
821,22,19406,3064
821,23,20338,3152
821,24,21104,3256
821,25,21748,3344
821,26,22208,3526
821,27,22394,3644
821,28,22486,3764
821,29,22528,3832
822,-1,8370,1852
822,0,52,88
822,1,236,278
822,2,514,510
822,3,900,710
822,4,1338,812
822,5,1774,964
822,6,2178,1216
822,7,2592,1416
822,8,3068,1600
822,9,3628,1758
822,10,4374,1966
822,11,5320,2164
822,12,6294,2320
822,13,7348,2426
822,14,8482,2488
822,15,9666,2544
822,16,10822,2640
822,17,11876,2726
822,18,12642,2762
822,19,13360,2834
822,20,13892,2966
822,21,14376,2988
822,22,14876,3008
822,23,15358,3064
822,24,15780,3164
822,25,16138,3296
822,26,16406,3404
822,27,16604,3502
822,28,16728,3664
822,29,16740,3700
823,-1,3070,1016
823,0,18,32
823,1,82,94
823,2,194,172
823,3,338,276
823,4,480,348
823,5,600,386
823,6,742,418
823,7,974,480
823,8,1196,538
823,9,1408,628
823,10,1636,812
823,11,1926,940
823,12,2130,1014
823,13,2264,1060
823,14,2368,1096
823,15,2478,1154
823,16,2706,1232
823,17,2964,1338
823,18,3296,1406
823,19,3636,1466
823,20,3932,1526
823,21,4226,1570
823,22,4558,1618
823,23,4926,1656
823,24,5268,1696
823,25,5602,1744
823,26,5812,1786
823,27,5986,1876
823,28,6092,1950
823,29,6140,2026
824,-1,5206,1264
824,0,76,110
824,1,138,234
824,2,252,318
824,3,450,428
824,4,784,552
824,5,1032,644
824,6,1248,740
824,7,1522,806
824,8,1780,880
824,9,2096,1020
824,10,2532,1158
824,11,3024,1278
824,12,3614,1340
824,13,4242,1392
824,14,4764,1440
824,15,5282,1486
824,16,5842,1524
824,17,6414,1572
824,18,6934,1664
824,19,7484,1718
824,20,8030,1768
824,21,8496,1814
824,22,8916,1880
824,23,9270,1954
824,24,9596,2024
824,25,9886,2178
824,26,10104,2324
824,27,10246,2396
824,28,10350,2458
824,29,10412,2522
825,-1,3017,1178
825,0,20,22
825,1,46,42
825,2,114,92
825,3,224,148
825,4,370,214
825,5,590,286
825,6,914,372
825,7,1244,508
825,8,1652,680
825,9,2168,820
825,10,2668,946
825,11,3078,1112
825,12,3358,1246
825,13,3564,1334
825,14,3816,1450
825,15,4026,1514
825,16,4232,1598
825,17,4434,1670
825,18,4654,1728
825,19,4896,1780
825,20,5126,1864
825,21,5324,1930
825,22,5510,1982
825,23,5656,2026
825,24,5756,2080
825,25,5846,2126
825,26,5914,2206
825,27,5982,2264
825,28,6024,2320
825,29,6034,2352
826,-1,5772,1504
826,0,150,116
826,1,424,172
826,2,712,216
826,3,970,280
826,4,1138,370
826,5,1370,466
826,6,1612,650
826,7,1990,746
826,8,2340,862
826,9,2746,926
826,10,3136,970
826,11,3592,1074
826,12,4036,1200
826,13,4474,1338
826,14,5062,1520
826,15,5824,1622
826,16,6564,1756
826,17,7126,1854
826,18,7782,1946
826,19,8366,2052
826,20,8886,2172
826,21,9320,2260
826,22,9692,2320
826,23,10036,2374
826,24,10398,2472
826,25,10752,2564
826,26,11042,2656
826,27,11308,2780
826,28,11478,2902
826,29,11544,3006
827,-1,8224,1804
827,0,110,120
827,1,504,328
827,2,1040,524
827,3,1516,730
827,4,1912,912
827,5,2366,1068
827,6,3054,1218
827,7,3792,1316
827,8,4700,1418
827,9,5724,1506
827,10,6652,1588
827,11,7628,1646
827,12,8482,1740
827,13,9254,1808
827,14,9972,1918
827,15,10758,2170
827,16,11584,2354
827,17,12278,2454
827,18,12944,2546
827,19,13568,2632
827,20,14088,2754
827,21,14546,2836
827,22,14992,2914
827,23,15410,3070
827,24,15720,3216
827,25,15958,3290
827,26,16172,3354
827,27,16326,3476
827,28,16432,3560
827,29,16448,3606
828,-1,4316,1742
828,0,60,82
828,1,164,208
828,2,392,428
828,3,786,624
828,4,1242,720
828,5,1656,840
828,6,2122,898
828,7,2658,1012
828,8,3190,1120
828,9,3556,1198
828,10,3892,1300
828,11,4174,1408
828,12,4514,1606
828,13,4926,1816
828,14,5372,1998
828,15,5784,2132
828,16,6148,2252
828,17,6522,2366
828,18,6910,2518
828,19,7264,2654
828,20,7586,2838
828,21,7880,2948
828,22,8134,3034
828,23,8278,3124
828,24,8378,3216
828,25,8464,3334
828,26,8514,3402
828,27,8568,3426
828,28,8616,3450
828,29,8632,3482
829,-1,8765,1680
829,0,52,60
829,1,178,162
829,2,376,290
829,3,644,452
829,4,1092,582
829,5,1594,678
829,6,2130,770
829,7,2826,912
829,8,3720,1056
829,9,4686,1174
829,10,5852,1316
829,11,7084,1420
829,12,8302,1498
829,13,9480,1632
829,14,10678,1740
829,15,11780,1848
829,16,12812,1952
829,17,13860,2016
829,18,14868,2062
829,19,15654,2282
829,20,16272,2584
829,21,16656,2850
829,22,16820,2994
829,23,16956,3084
829,24,17090,3158
829,25,17214,3204
829,26,17320,3248
829,27,17432,3284
829,28,17508,3326
829,29,17530,3358
830,-1,16308,2610
830,0,68,78
830,1,274,174
830,2,658,338
830,3,1236,508
830,4,1978,626
830,5,2828,868
830,6,4004,1056
830,7,5318,1128
830,8,6660,1272
830,9,8060,1408
830,10,9508,1552
830,11,10614,1680
830,12,11490,1844
830,13,12374,2096
830,14,13504,2384
830,15,15148,2606
830,16,16972,2704
830,17,18816,2754
830,18,20630,2820
830,19,22406,2942
830,20,24100,3008
830,21,25668,3156
830,22,27122,3320
830,23,28444,3580
830,24,29628,3986
830,25,30692,4404
830,26,31606,4642
830,27,32260,4908
830,28,32512,5138
830,29,32616,5218
831,-1,7946,1906
831,0,36,42
831,1,156,104
831,2,344,182
831,3,646,398
831,4,1094,588
831,5,1662,754
831,6,2232,870
831,7,2776,1012
831,8,3360,1154
831,9,4000,1288
831,10,4716,1414
831,11,5418,1508
831,12,6066,1628
831,13,6690,1792
831,14,7248,1962
831,15,7926,2126
831,16,8646,2266
831,17,9358,2404
831,18,10136,2502
831,19,11016,2570
831,20,11884,2618
831,21,12616,2718
831,22,13264,2820
831,23,13812,2910
831,24,14314,3042
831,25,14754,3180
831,26,15174,3350
831,27,15596,3496
831,28,15850,3722
831,29,15892,3808
832,-1,5659,1354
832,0,56,78
832,1,208,158
832,2,486,316
832,3,736,456
832,4,1022,586
832,5,1462,718
832,6,1960,772
832,7,2532,826
832,8,3152,946
832,9,3652,1024
832,10,4186,1098
832,11,4638,1170
832,12,5054,1330
832,13,5492,1528
832,14,5946,1718
832,15,6480,1792
832,16,7026,1872
832,17,7532,1956
832,18,8110,1996
832,19,8628,2076
832,20,9132,2132
832,21,9624,2176
832,22,10096,2216
832,23,10460,2324
832,24,10698,2426
832,25,10880,2508
832,26,11066,2532
832,27,11208,2582
832,28,11304,2664
832,29,11318,2706
833,-1,3199,1270
833,0,60,78
833,1,164,166
833,2,312,274
833,3,564,392
833,4,818,508
833,5,1046,572
833,6,1274,666
833,7,1436,740
833,8,1576,768
833,9,1714,836
833,10,1910,972
833,11,2078,1048
833,12,2212,1096
833,13,2374,1192
833,14,2714,1266
833,15,3042,1348
833,16,3318,1418
833,17,3522,1476
833,18,3700,1520
833,19,3874,1570
833,20,4078,1654
833,21,4356,1752
833,22,4704,1878
833,23,5124,2004
833,24,5586,2136
833,25,5932,2238
833,26,6092,2316
833,27,6224,2348
833,28,6354,2436
833,29,6398,2528
834,-1,11268,2422
834,0,112,124
834,1,358,350
834,2,888,558
834,3,1588,706
834,4,2398,796
834,5,3254,858
834,6,4158,916
834,7,5088,1008
834,8,6128,1162
834,9,7334,1406
834,10,8632,1652
834,11,9762,1816
834,12,10906,1962
834,13,11924,2264
834,14,13070,2502
834,15,14088,2672
834,16,14998,2778
834,17,15772,2832
834,18,16512,2948
834,19,17300,3044
834,20,18012,3268
834,21,18738,3528
834,22,19432,3760
834,23,19944,3960
834,24,20472,4066
834,25,21056,4168
834,26,21646,4296
834,27,22214,4532
834,28,22494,4770
834,29,22536,4842
835,-1,5440,1696
835,0,48,70
835,1,164,140
835,2,382,262
835,3,756,478
835,4,1230,714
835,5,1798,900
835,6,2344,1028
835,7,2922,1120
835,8,3480,1234
835,9,4112,1366
835,10,4764,1502
835,11,5306,1614
835,12,5824,1686
835,13,6400,1794
835,14,6990,1930
835,15,7580,2028
835,16,8164,2168
835,17,8636,2388
835,18,8984,2528
835,19,9314,2592
835,20,9672,2650
835,21,10000,2780
835,22,10302,2904
835,23,10444,3010
835,24,10522,3080
835,25,10608,3162
835,26,10702,3202
835,27,10782,3282
835,28,10840,3324
835,29,10880,3386
836,-1,3480,806
836,0,28,40
836,1,96,70
836,2,162,90
836,3,246,128
836,4,402,296
836,5,700,430
836,6,1082,526
836,7,1524,556
836,8,1970,600
836,9,2382,632
836,10,2652,644
836,11,2940,670
836,12,3244,736
836,13,3572,766
836,14,3908,776
836,15,4258,806
836,16,4614,828
836,17,4966,854
836,18,5310,916
836,19,5614,978
836,20,5868,1052
836,21,6102,1098
836,22,6332,1154
836,23,6530,1232
836,24,6658,1338
836,25,6786,1394
836,26,6876,1484
836,27,6940,1566
836,28,6956,1598
836,29,6960,1610
837,-1,7596,1532
837,0,82,94
837,1,266,216
837,2,330,330
837,3,420,402
837,4,624,546
837,5,1036,754
837,6,1552,974
837,7,2306,1192
837,8,3172,1304
837,9,4036,1434
837,10,4900,1534
837,11,5720,1632
837,12,6454,1722
837,13,7210,1794
837,14,7934,1864
837,15,8700,1938
837,16,9442,1998
837,17,10180,2116
837,18,10848,2264
837,19,11494,2346
837,20,12082,2444
837,21,12582,2568
837,22,13048,2668
837,23,13494,2712
837,24,13930,2754
837,25,14360,2780
837,26,14718,2846
837,27,14970,2926
837,28,15144,2992
837,29,15192,3062
838,-1,29376,5106
838,0,76,106
838,1,396,270
838,2,746,444
838,3,1606,728
838,4,2814,1244
838,5,4264,1960
838,6,6046,2376
838,7,7962,2612
838,8,9978,3058
838,9,13232,3544
838,10,16720,3904
838,11,20330,4278
838,12,24448,5216
838,13,29550,6076
838,14,34670,6616
838,15,38640,7174
838,16,41528,7394
838,17,44256,7556
838,18,47224,7776
838,19,50308,8198
838,20,52826,8690
838,21,54368,8996
838,22,55568,9154
838,23,56500,9316
838,24,57080,9492
838,25,57594,9688
838,26,58042,9920
838,27,58430,10016
838,28,58664,10130
838,29,58752,10208
839,-1,52956,5532
839,0,202,152
839,1,1014,378
839,2,2542,914
839,3,4942,1454
839,4,8270,1772
839,5,11984,1988
839,6,16300,2618
839,7,21616,2928
839,8,27440,3266
839,9,32962,3788
839,10,37956,4484
839,11,42472,4948
839,12,46424,5482
839,13,50522,5980
839,14,54486,6336
839,15,58492,6724
839,16,62364,6992
839,17,65972,7288
839,18,69272,7438
839,19,72954,7640
839,20,76764,7884
839,21,81102,8152
839,22,85456,8352
839,23,89806,8640
839,24,93640,9076
839,25,97372,9460
839,26,100532,9840
839,27,103400,10218
839,28,105490,10702
839,29,105912,11062
840,-1,8225,1946
840,0,38,62
840,1,130,118
840,2,310,222
840,3,618,358
840,4,1062,494
840,5,1790,752
840,6,2646,932
840,7,3532,1106
840,8,4440,1364
840,9,5316,1614
840,10,6242,1848
840,11,7022,2084
840,12,7792,2244
840,13,8456,2350
840,14,9122,2502
840,15,9706,2640
840,16,10426,2696
840,17,11216,2764
840,18,11802,2858
840,19,12374,2938
840,20,13030,2998
840,21,13678,3054
840,22,14358,3124
840,23,14970,3230
840,24,15406,3366
840,25,15734,3486
840,26,16004,3564
840,27,16260,3680
840,28,16416,3826
840,29,16450,3890
841,-1,5293,1682
841,0,92,62
841,1,258,160
841,2,550,358
841,3,1012,640
841,4,1856,922
841,5,2686,1118
841,6,3440,1200
841,7,4050,1314
841,8,4754,1356
841,9,5370,1440
841,10,5894,1590
841,11,6360,1702
841,12,6714,1748
841,13,7026,1826
841,14,7260,1908
841,15,7488,1990
841,16,7866,2144
841,17,8252,2270
841,18,8624,2390
841,19,8886,2488
841,20,8986,2592
841,21,9296,2724
841,22,9622,2836
841,23,9824,2926
841,24,10032,2988
841,25,10224,3084
841,26,10380,3208
841,27,10474,3254
841,28,10560,3308
841,29,10586,3362
842,-1,12341,2612
842,0,96,86
842,1,330,266
842,2,602,478
842,3,992,578
842,4,1480,848
842,5,1860,1100
842,6,2370,1326
842,7,3102,1510
842,8,3906,1694
842,9,4926,1982
842,10,5932,2200
842,11,6954,2380
842,12,7970,2492
842,13,8988,2688
842,14,10082,2824
842,15,11346,2890
842,16,12624,2998
842,17,13930,3102
842,18,15082,3232
842,19,16234,3462
842,20,17274,3658
842,21,18424,3754
842,22,19612,3864
842,23,20900,3968
842,24,22094,4078
842,25,23114,4232
842,26,23996,4572
842,27,24456,4928
842,28,24628,5146
842,29,24682,5220
843,-1,6473,1534
843,0,98,76
843,1,332,142
843,2,610,170
843,3,880,220
843,4,1176,272
843,5,1524,348
843,6,1884,452
843,7,2212,596
843,8,2576,664
843,9,2958,860
843,10,3318,1038
843,11,3698,1198
843,12,4094,1312
843,13,4470,1392
843,14,4952,1508
843,15,5522,1588
843,16,6186,1652
843,17,6888,1674
843,18,7628,1724
843,19,8454,1816
843,20,9276,1964
843,21,10100,2062
843,22,10888,2264
843,23,11528,2444
843,24,12050,2590
843,25,12442,2830
843,26,12660,2914
843,27,12826,2956
843,28,12910,3024
843,29,12946,3060
844,-1,4627,1182
844,0,18,30
844,1,94,116
844,2,276,248
844,3,650,448
844,4,1144,488
844,5,1630,554
844,6,2050,668
844,7,2466,788
844,8,2844,862
844,9,3232,908
844,10,3660,944
844,11,3978,988
844,12,4282,1038
844,13,4612,1060
844,14,4950,1090
844,15,5264,1108
844,16,5584,1142
844,17,5924,1196
844,18,6300,1270
844,19,6710,1406
844,20,7130,1462
844,21,7500,1568
844,22,7848,1668
844,23,8164,1788
844,24,8426,1888
844,25,8716,1994
844,26,8972,2142
844,27,9126,2268
844,28,9206,2316
844,29,9254,2354
845,-1,7005,1604
845,0,52,72
845,1,238,184
845,2,574,272
845,3,974,330
845,4,1534,562
845,5,2130,692
845,6,2802,760
845,7,3442,816
845,8,4040,902
845,9,4688,1026
845,10,5262,1152
845,11,5860,1198
845,12,6420,1240
845,13,7000,1320
845,14,7584,1442
845,15,8160,1508
845,16,8782,1568
845,17,9432,1628
845,18,10062,1730
845,19,10616,1794
845,20,11138,1956
845,21,11608,2082
845,22,12078,2234
845,23,12448,2354
845,24,12808,2454
845,25,13116,2548
845,26,13414,2736
845,27,13722,2900
845,28,13936,3108
845,29,14010,3204
846,-1,9989,1924
846,0,38,58
846,1,176,178
846,2,596,342
846,3,1146,516
846,4,1826,666
846,5,2622,886
846,6,3572,1090
846,7,4816,1258
846,8,6216,1396
846,9,7722,1544
846,10,9148,1708
846,11,10338,1832
846,12,11514,1960
846,13,12598,2136
846,14,13578,2278
846,15,14454,2452
846,16,15190,2564
846,17,15820,2614
846,18,16404,2668
846,19,17006,2706
846,20,17590,2756
846,21,18158,2810
846,22,18612,2958
846,23,18932,3098
846,24,19200,3278
846,25,19514,3496
846,26,19726,3714
846,27,19828,3774
846,28,19918,3798
846,29,19978,3846
847,-1,3750,1006
847,0,40,54
847,1,204,128
847,2,424,164
847,3,746,268
847,4,1182,438
847,5,1800,596
847,6,2428,708
847,7,3028,774
847,8,3602,816
847,9,4080,910
847,10,4544,1026
847,11,4906,1082
847,12,5260,1132
847,13,5510,1258
847,14,5742,1328
847,15,5908,1418
847,16,6072,1452
847,17,6230,1492
847,18,6378,1536
847,19,6514,1580
847,20,6650,1616
847,21,6792,1658
847,22,6906,1720
847,23,7012,1758
847,24,7100,1800
847,25,7218,1852
847,26,7364,1906
847,27,7432,1942
847,28,7482,1980
847,29,7500,2006
848,-1,3383,934
848,0,52,50
848,1,144,120
848,2,256,146
848,3,358,180
848,4,420,226
848,5,486,274
848,6,656,368
848,7,940,508
848,8,1316,612
848,9,1712,654
848,10,2038,702
848,11,2358,780
848,12,2702,826
848,13,3064,894
848,14,3378,930
848,15,3730,996
848,16,4110,1112
848,17,4426,1188
848,18,4758,1258
848,19,5034,1330
848,20,5258,1436
848,21,5476,1514
848,22,5734,1554
848,23,5992,1608
848,24,6204,1656
848,25,6398,1692
848,26,6544,1758
848,27,6650,1782
848,28,6738,1816
848,29,6766,1866
850,-1,3496,872
850,0,40,38
850,1,170,140
850,2,368,206
850,3,654,246
850,4,988,294
850,5,1356,348
850,6,1774,414
850,7,2228,494
850,8,2520,530
850,9,2802,556
850,10,3120,590
850,11,3446,618
850,12,3774,638
850,13,4104,656
850,14,4420,694
850,15,4672,778
850,16,4934,860
850,17,5202,930
850,18,5466,988
850,19,5758,1048
850,20,6026,1108
850,21,6252,1178
850,22,6390,1250
850,23,6494,1330
850,24,6558,1424
850,25,6640,1498
850,26,6756,1564
850,27,6906,1594
850,28,6976,1700
850,29,6992,1742
851,-1,4169,1112
851,0,12,22
851,1,34,46
851,2,72,62
851,3,100,114
851,4,186,174
851,5,342,282
851,6,590,350
851,7,858,434
851,8,1122,466
851,9,1358,514
851,10,1566,592
851,11,1866,720
851,12,2216,836
851,13,2674,962
851,14,3252,1146
851,15,3930,1234
851,16,4636,1308
851,17,5280,1440
851,18,5856,1506
851,19,6382,1574
851,20,6822,1708
851,21,7200,1782
851,22,7518,1898
851,23,7712,1930
851,24,7898,1986
851,25,8052,2028
851,26,8192,2068
851,27,8284,2140
851,28,8332,2192
851,29,8338,2222
852,-1,10411,3242
852,0,104,114
852,1,418,208
852,2,698,284
852,3,1102,444
852,4,1492,608
852,5,1838,734
852,6,2230,938
852,7,2702,1130
852,8,3246,1344
852,9,3834,1598
852,10,4412,1826
852,11,5142,2044
852,12,6072,2432
852,13,7048,2666
852,14,8090,2832
852,15,9148,2976
852,16,10090,3122
852,17,10758,3368
852,18,11364,3580
852,19,11950,3836
852,20,12596,4042
852,21,13302,4202
852,22,14032,4666
852,23,15130,5004
852,24,16518,5208
852,25,17988,5348
852,26,19222,5684
852,27,20162,5974
852,28,20700,6372
852,29,20822,6482
853,-1,6676,1268
853,0,42,48
853,1,164,166
853,2,394,274
853,3,664,322
853,4,924,372
853,5,1124,486
853,6,1442,616
853,7,1870,694
853,8,2318,726
853,9,2810,830
853,10,3524,994
853,11,4282,1062
853,12,5060,1100
853,13,5866,1132
853,14,6654,1184
853,15,7418,1238
853,16,8192,1274
853,17,8912,1322
853,18,9620,1368
853,19,10326,1444
853,20,10908,1530
853,21,11460,1676
853,22,11946,1836
853,23,12352,2004
853,24,12664,2082
853,25,12898,2190
853,26,13106,2360
853,27,13264,2444
853,28,13332,2494
853,29,13352,2534
854,-1,20011,3100
854,0,310,272
854,1,1118,684
854,2,2140,902
854,3,3092,1064
854,4,4140,1258
854,5,5480,1484
854,6,6814,1888
854,7,8350,2132
854,8,9914,2406
854,9,11552,2614
854,10,13002,2720
854,11,14164,2934
854,12,15324,3110
854,13,16986,3464
854,14,18830,3826
854,15,21062,4076
854,16,23436,4348
854,17,25984,4444
854,18,28466,4636
854,19,30296,4748
854,20,32072,4880
854,21,33760,4948
854,22,35248,5074
854,23,36654,5198
854,24,37756,5360
854,25,38652,5584
854,26,39370,5780
854,27,39672,5940
854,28,39884,6072
854,29,40022,6192
855,-1,6493,1660
855,0,50,60
855,1,136,110
855,2,322,222
855,3,682,360
855,4,1082,534
855,5,1632,680
855,6,2244,794
855,7,2798,998
855,8,3404,1152
855,9,4068,1246
855,10,4632,1378
855,11,5088,1472
855,12,5538,1586
855,13,5946,1724
855,14,6412,1822
855,15,6934,1896
855,16,7418,1966
855,17,7916,2052
855,18,8538,2176
855,19,9204,2234
855,20,9892,2298
855,21,10542,2392
855,22,11074,2488
855,23,11576,2616
855,24,12014,2734
855,25,12320,2890
855,26,12574,3030
855,27,12802,3140
855,28,12928,3252
855,29,12986,3316
856,-1,4430,1192
856,0,12,28
856,1,82,100
856,2,200,152
856,3,332,222
856,4,468,306
856,5,610,334
856,6,752,378
856,7,888,408
856,8,1052,492
856,9,1320,646
856,10,1636,812
856,11,2164,986
856,12,2766,1070
856,13,3308,1182
856,14,3828,1230
856,15,4298,1306
856,16,4770,1368
856,17,5218,1444
856,18,5694,1548
856,19,6198,1614
856,20,6726,1634
856,21,7276,1676
856,22,7822,1744
856,23,8262,1884
856,24,8608,2056
856,25,8722,2238
856,26,8764,2288
856,27,8806,2308
856,28,8846,2346
856,29,8860,2382
857,-1,5208,1286
857,0,74,68
857,1,220,112
857,2,288,220
857,3,390,304
857,4,532,398
857,5,878,576
857,6,1330,716
857,7,1898,780
857,8,2384,864
857,9,2926,994
857,10,3436,1076
857,11,3904,1156
857,12,4412,1214
857,13,4924,1288
857,14,5484,1414
857,15,6064,1482
857,16,6624,1544
857,17,7156,1626
857,18,7568,1756
857,19,7936,1838
857,20,8290,1958
857,21,8654,2052
857,22,8996,2144
857,23,9320,2214
857,24,9608,2284
857,25,9844,2362
857,26,10030,2394
857,27,10190,2456
857,28,10332,2486
857,29,10416,2564
858,-1,33000,3558
858,0,104,150
858,1,648,556
858,2,2302,962
858,3,4144,1254
858,4,6658,1524
858,5,9228,1712
858,6,11682,1914
858,7,14286,2224
858,8,17062,2346
858,9,19542,2486
858,10,21962,2592
858,11,24450,2692
858,12,27074,2860
858,13,30158,3236
858,14,33468,3512
858,15,36552,3694
858,16,39890,4004
858,17,43542,4172
858,18,46896,4386
858,19,49674,4550
858,20,52334,4708
858,21,54798,4920
858,22,57010,5086
858,23,59176,5236
858,24,61326,5642
858,25,63090,6062
858,26,64558,6432
858,27,65536,6818
858,28,65882,7012
858,29,66000,7114
859,-1,100680,11702
859,0,504,336
859,1,3158,948
859,2,7400,1636
859,3,13164,2694
859,4,20862,3888
859,5,29232,5202
859,6,39204,6688
859,7,51020,8454
859,8,66734,9280
859,9,83308,9758
859,10,98986,10324
859,11,114290,10534
859,12,129146,11330
859,13,141562,12630
859,14,153098,14430
859,15,162282,16332
859,16,168280,17154
859,17,173518,17508
859,18,178572,18112
859,19,182538,18894
859,20,185086,19184
859,21,187582,19620
859,22,189602,20114
859,23,191852,20748
859,24,194232,21150
859,25,196228,21414
859,26,198440,21836
859,27,200156,22456
859,28,200962,23058
859,29,201360,23402
860,-1,11401,2760
860,0,130,138
860,1,306,184
860,2,624,480
860,3,1234,820
860,4,2002,1200
860,5,2606,1494
860,6,3184,1748
860,7,3770,2062
860,8,4486,2324
860,9,5182,2768
860,10,6130,3170
860,11,7160,3286
860,12,8226,3448
860,13,9276,3572
860,14,10256,3686
860,15,11296,3812
860,16,12372,3910
860,17,13512,4026
860,18,14656,4202
860,19,15822,4320
860,20,17136,4452
860,21,18408,4530
860,22,19638,4584
860,23,20842,4644
860,24,21808,4908
860,25,22254,5112
860,26,22536,5266
860,27,22676,5376
860,28,22768,5466
860,29,22802,5518
861,-1,5614,1186
861,0,60,66
861,1,246,198
861,2,520,382
861,3,890,528
861,4,1306,624
861,5,1714,672
861,6,2200,770
861,7,2716,860
861,8,3210,930
861,9,3556,984
861,10,3956,1034
861,11,4378,1076
861,12,4834,1128
861,13,5374,1230
861,14,5958,1298
861,15,6540,1370
861,16,7102,1426
861,17,7710,1486
861,18,8280,1540
861,19,8750,1600
861,20,9174,1644
861,21,9576,1692
861,22,9998,1762
861,23,10340,1892
861,24,10578,2064
861,25,10790,2128
861,26,10998,2198
861,27,11122,2282
861,28,11194,2326
861,29,11228,2366
862,-1,8070,2634
862,0,270,288
862,1,812,586
862,2,1686,736
862,3,2618,832
862,4,3480,968
862,5,4200,1058
862,6,4786,1226
862,7,5396,1416
862,8,5718,1568
862,9,5896,1634
862,10,6244,1806
862,11,6862,2068
862,12,7862,2450
862,13,8954,2780
862,14,9646,3158
862,15,10020,3334
862,16,10456,3458
862,17,10996,3564
862,18,11606,3706
862,19,12250,3884
862,20,12806,4042
862,21,13436,4224
862,22,14034,4302
862,23,14474,4424
862,24,15030,4576
862,25,15474,4798
862,26,15740,5014
862,27,15974,5146
862,28,16104,5184
862,29,16140,5264
863,-1,3090,902
863,0,26,30
863,1,118,130
863,2,268,272
863,3,466,386
863,4,770,460
863,5,1124,534
863,6,1528,602
863,7,1974,632
863,8,2424,652
863,9,2872,676
863,10,3316,700
863,11,3716,774
863,12,4050,878
863,13,4324,976
863,14,4556,1072
863,15,4790,1164
863,16,5002,1234
863,17,5190,1318
863,18,5326,1370
863,19,5430,1402
863,20,5520,1438
863,21,5594,1520
863,22,5678,1586
863,23,5786,1624
863,24,5912,1646
863,25,6018,1680
863,26,6096,1708
863,27,6158,1756
863,28,6172,1784
863,29,6180,1800
864,-1,3102,920
864,0,46,78
864,1,180,172
864,2,416,300
864,3,704,380
864,4,1044,452
864,5,1434,484
864,6,1784,574
864,7,2104,696
864,8,2390,796
864,9,2614,872
864,10,2856,924
864,11,3020,970
864,12,3194,1036
864,13,3446,1130
864,14,3720,1188
864,15,3970,1232
864,16,4182,1268
864,17,4384,1300
864,18,4570,1356
864,19,4760,1422
864,20,5002,1466
864,21,5240,1490
864,22,5454,1522
864,23,5622,1576
864,24,5782,1600
864,25,5938,1656
864,26,6056,1696
864,27,6154,1744
864,28,6192,1810
864,29,6204,1836
865,-1,8585,2162
865,0,132,174
865,1,514,376
865,2,952,556
865,3,1568,826
865,4,2392,940
865,5,3122,984
865,6,3854,1070
865,7,4540,1130
865,8,5158,1200
865,9,5740,1332
865,10,6388,1626
865,11,7062,1904
865,12,7648,2216
865,13,8292,2436
865,14,9008,2588
865,15,9796,2714
865,16,10668,2752
865,17,11554,2806
865,18,12346,2888
865,19,12988,3028
865,20,13566,3156
865,21,14170,3306
865,22,14694,3406
865,23,15168,3460
865,24,15754,3598
865,25,16326,3756
865,26,16724,3952
865,27,17016,4096
865,28,17144,4262
865,29,17170,4322
866,-1,12527,1910
866,0,134,150
866,1,572,328
866,2,1302,512
866,3,2006,640
866,4,2716,758
866,5,3560,864
866,6,4500,978
866,7,5544,1034
866,8,6488,1090
866,9,7348,1176
866,10,8284,1364
866,11,9238,1590
866,12,10282,1698
866,13,11290,1796
866,14,12244,1850
866,15,13254,1922
866,16,14234,2014
866,17,15258,2080
866,18,16302,2118
866,19,17334,2170
866,20,18390,2226
866,21,19520,2278
866,22,20668,2380
866,23,21904,2488
866,24,22966,2752
866,25,23872,3126
866,26,24564,3466
866,27,24840,3686
866,28,24984,3750
866,29,25054,3816
867,-1,4143,1162
867,0,62,58
867,1,144,98
867,2,204,142
867,3,342,276
867,4,614,424
867,5,1006,532
867,6,1292,590
867,7,1554,672
867,8,1830,734
867,9,2178,778
867,10,2556,816
867,11,2960,898
867,12,3310,1030
867,13,3678,1084
867,14,4066,1114
867,15,4492,1170
867,16,4918,1202
867,17,5352,1298
867,18,5790,1384
867,19,6204,1456
867,20,6638,1524
867,21,7042,1588
867,22,7350,1686
867,23,7586,1830
867,24,7790,1962
867,25,7926,2070
867,26,8030,2110
867,27,8108,2168
867,28,8222,2232
867,29,8286,2322
868,-1,4345,1144
868,0,34,40
868,1,160,130
868,2,376,174
868,3,586,222
868,4,892,348
868,5,1278,470
868,6,1742,608
868,7,2270,868
868,8,2860,1024
868,9,3310,1130
868,10,3768,1276
868,11,4188,1344
868,12,4564,1414
868,13,4952,1436
868,14,5380,1476
868,15,5806,1516
868,16,6174,1580
868,17,6480,1616
868,18,6782,1652
868,19,7072,1684
868,20,7352,1754
868,21,7630,1816
868,22,7870,1926
868,23,8058,2046
868,24,8212,2100
868,25,8350,2136
868,26,8446,2166
868,27,8558,2198
868,28,8658,2228
868,29,8690,2286
869,-1,23733,3890
869,0,208,170
869,1,976,558
869,2,1978,1106
869,3,3218,1458
869,4,4602,1610
869,5,6234,1840
869,6,8380,2214
869,7,10400,2404
869,8,12214,2620
869,9,14116,2768
869,10,15758,3048
869,11,17026,3320
869,12,18210,3764
869,13,19564,4084
869,14,21072,4272
869,15,22890,4434
869,16,24832,4562
869,17,26766,4720
869,18,28654,4998
869,19,30788,5446
869,20,33448,5842
869,21,36026,5984
869,22,38504,6172
869,23,40638,6272
869,24,42798,6400
869,25,44728,6754
869,26,46062,7150
869,27,46888,7544
869,28,47300,7628
869,29,47466,7776
870,-1,4956,1844
870,0,50,62
870,1,142,112
870,2,336,266
870,3,698,444
870,4,1088,638
870,5,1496,844
870,6,1944,1034
870,7,2532,1228
870,8,3222,1356
870,9,3856,1412
870,10,4386,1496
870,11,4678,1650
870,12,4904,1808
870,13,5104,1932
870,14,5284,2010
870,15,5434,2120
870,16,5522,2192
870,17,5730,2264
870,18,5976,2340
870,19,6242,2400
870,20,6558,2482
870,21,6980,2660
870,22,7520,2818
870,23,8082,2924
870,24,8596,3012
870,25,9076,3102
870,26,9470,3310
870,27,9688,3448
870,28,9848,3574
870,29,9912,3684
871,-1,7040,2090
871,0,202,150
871,1,596,378
871,2,1338,616
871,3,2214,788
871,4,2884,906
871,5,3522,1084
871,6,4024,1270
871,7,4422,1390
871,8,4748,1474
871,9,4944,1594
871,10,5416,1836
871,11,6042,1948
871,12,6576,2134
871,13,7092,2286
871,14,7620,2426
871,15,8284,2502
871,16,9010,2578
871,17,9684,2666
871,18,10456,2742
871,19,11208,2810
871,20,11882,2960
871,21,12266,3202
871,22,12456,3302
871,23,12696,3388
871,24,13018,3464
871,25,13450,3594
871,26,13826,3854
871,27,13966,4006
871,28,14038,4108
871,29,14080,4178
872,-1,31471,5346
872,0,88,108
872,1,268,282
872,2,1288,582
872,3,2834,950
872,4,4856,1494
872,5,7172,1972
872,6,9798,2320
872,7,12220,2452
872,8,14736,2642
872,9,17202,2938
872,10,19430,3398
872,11,21904,4026
872,12,24630,4344
872,13,27628,4584
872,14,30506,4918
872,15,33706,5430
872,16,37454,5836
872,17,41130,6424
872,18,44816,6658
872,19,48628,6806
872,20,52138,7240
872,21,54800,8080
872,22,56744,8824
872,23,58490,9446
872,24,59634,9898
872,25,60680,10076
872,26,61538,10278
872,27,62248,10418
872,28,62778,10542
872,29,62942,10688
873,-1,10973,2252
873,0,32,38
873,1,242,218
873,2,652,482
873,3,1108,694
873,4,1714,818
873,5,2314,888
873,6,3028,984
873,7,3818,1042
873,8,4616,1136
873,9,5536,1284
873,10,6516,1580
873,11,7580,1906
873,12,8830,2116
873,13,10216,2226
873,14,11642,2320
873,15,13008,2468
873,16,14436,2788
873,17,15498,2954
873,18,16474,3068
873,19,17402,3246
873,20,18298,3440
873,21,19200,3596
873,22,19888,3832
873,23,20480,3998
873,24,20986,4124
873,25,21344,4204
873,26,21592,4320
873,27,21778,4354
873,28,21920,4440
873,29,21946,4502
874,-1,3723,1158
874,0,26,36
874,1,72,86
874,2,152,156
874,3,316,254
874,4,576,358
874,5,886,472
874,6,1262,596
874,7,1678,758
874,8,2152,916
874,9,2658,1044
874,10,3128,1092
874,11,3616,1174
874,12,4144,1272
874,13,4694,1346
874,14,5214,1460
874,15,5674,1566
874,16,6098,1644
874,17,6342,1704
874,18,6530,1798
874,19,6702,1920
874,20,6830,2016
874,21,6918,2068
874,22,7004,2084
874,23,7114,2112
874,24,7214,2154
874,25,7298,2196
874,26,7360,2222
874,27,7404,2246
874,28,7432,2280
874,29,7446,2312
875,-1,12065,2974
875,0,114,90
875,1,466,202
875,2,1018,354
875,3,1972,924
875,4,3198,1474
875,5,4244,1690
875,6,5338,1830
875,7,6468,1880
875,8,7562,1958
875,9,8594,2124
875,10,9614,2352
875,11,11006,2564
875,12,12424,2692
875,13,13868,2816
875,14,15106,3130
875,15,15886,3438
875,16,16514,3590
875,17,17248,3860
875,18,17936,4126
875,19,18552,4230
875,20,19174,4506
875,21,19848,4608
875,22,20598,4716
875,23,21404,4818
875,24,22092,4944
875,25,22738,5182
875,26,23064,5382
875,27,23494,5552
875,28,23912,5780
875,29,24130,5940
876,-1,91851,7124
876,0,880,626
876,1,3542,1760
876,2,7252,2470
876,3,12520,2936
876,4,17700,3536
876,5,22508,3854
876,6,27750,4096
876,7,33924,4482
876,8,41432,4892
876,9,50232,5334
876,10,59610,5722
876,11,69496,6002
876,12,79254,6278
876,13,87438,6622
876,14,94606,6970
876,15,101712,7500
876,16,109574,8216
876,17,117854,9092
876,18,126138,9592
876,19,134506,10026
876,20,142560,10436
876,21,150250,10682
876,22,157674,11028
876,23,163960,11338
876,24,169260,11556
876,25,174158,12302
876,26,179048,12854
876,27,181974,13648
876,28,183054,13988
876,29,183702,14246
877,-1,6697,1732
877,0,94,96
877,1,196,178
877,2,378,238
877,3,566,290
877,4,746,332
877,5,968,388
877,6,1250,460
877,7,1576,518
877,8,1916,566
877,9,2346,700
877,10,2872,774
877,11,3384,872
877,12,3842,1008
877,13,4210,1176
877,14,4570,1296
877,15,4998,1446
877,16,5464,1544
877,17,5974,1756
877,18,6590,2060
877,19,7332,2150
877,20,8142,2242
877,21,9026,2360
877,22,10012,2404
877,23,10978,2540
877,24,11766,2722
877,25,12402,2898
877,26,12846,3058
877,27,13196,3220
877,28,13350,3386
877,29,13394,3460
878,-1,4386,1364
878,0,36,60
878,1,176,120
878,2,318,232
878,3,492,322
878,4,654,392
878,5,880,492
878,6,1204,582
878,7,1554,642
878,8,2038,752
878,9,2564,860
878,10,3082,948
878,11,3644,1034
878,12,4204,1090
878,13,4720,1178
878,14,5166,1264
878,15,5588,1354
878,16,5966,1506
878,17,6302,1694
878,18,6520,1858
878,19,6652,1982
878,20,6806,2054
878,21,6994,2086
878,22,7188,2118
878,23,7460,2216
878,24,7778,2288
878,25,8080,2410
878,26,8384,2488
878,27,8588,2594
878,28,8710,2656
878,29,8772,2716
879,-1,23237,3828
879,0,162,134
879,1,572,344
879,2,1654,662
879,3,2818,980
879,4,4384,1228
879,5,6406,1446
879,6,8284,1760
879,7,10014,2020
879,8,11690,2126
879,9,13228,2232
879,10,14762,2412
879,11,16648,2524
879,12,18368,2716
879,13,20104,2810
879,14,22074,3076
879,15,24478,3376
879,16,27248,3616
879,17,29874,3794
879,18,32190,3968
879,19,34378,4280
879,20,36508,4582
879,21,38474,4796
879,22,40528,5184
879,23,42716,5654
879,24,44338,6260
879,25,45218,6920
879,26,45570,7212
879,27,45898,7372
879,28,46272,7514
879,29,46474,7652
880,-1,5079,1264
880,0,104,140
880,1,290,274
880,2,552,440
880,3,960,618
880,4,1492,694
880,5,2158,844
880,6,2646,924
880,7,3092,1040
880,8,3470,1132
880,9,3822,1178
880,10,4206,1224
880,11,4636,1262
880,12,5066,1320
880,13,5466,1392
880,14,5860,1510
880,15,6310,1648
880,16,6796,1766
880,17,7232,1886
880,18,7608,1936
880,19,7968,1956
880,20,8342,1982
880,21,8706,2012
880,22,9030,2062
880,23,9362,2124
880,24,9670,2192
880,25,9878,2348
880,26,9986,2434
880,27,10088,2470
880,28,10142,2502
880,29,10158,2524
881,-1,71448,7998
881,0,410,294
881,1,1704,688
881,2,3896,918
881,3,6622,1368
881,4,9864,2034
881,5,13970,2896
881,6,18966,3618
881,7,24104,4592
881,8,30464,6238
881,9,38446,7258
881,10,46980,8090
881,11,56080,8470
881,12,65272,9006
881,13,73294,9554
881,14,80762,9844
881,15,87702,10096
881,16,94634,10518
881,17,101856,11226
881,18,108544,12144
881,19,114050,13030
881,20,118112,13320
881,21,121568,13604
881,22,125028,13778
881,23,128398,14030
881,24,131728,14324
881,25,134930,14480
881,26,138154,14646
881,27,141014,15172
881,28,142580,15802
881,29,142896,15994
882,-1,3524,1078
882,0,40,44
882,1,120,98
882,2,272,190
882,3,596,300
882,4,994,392
882,5,1322,470
882,6,1676,576
882,7,2098,704
882,8,2466,774
882,9,2760,848
882,10,2990,890
882,11,3240,950
882,12,3524,1032
882,13,3866,1150
882,14,4214,1260
882,15,4608,1328
882,16,4916,1374
882,17,5222,1408
882,18,5414,1528
882,19,5564,1606
882,20,5654,1644
882,21,5736,1670
882,22,5882,1726
882,23,6090,1820
882,24,6378,1866
882,25,6630,1946
882,26,6824,1974
882,27,6960,2026
882,28,7022,2100
882,29,7048,2154
883,-1,20197,3050
883,0,110,96
883,1,694,424
883,2,1818,896
883,3,3272,1342
883,4,5340,1764
883,5,7248,2030
883,6,9214,2340
883,7,11188,2638
883,8,13014,2778
883,9,14786,2902
883,10,16600,3000
883,11,18358,3176
883,12,20022,3422
883,13,21578,3584
883,14,23330,3644
883,15,25116,3814
883,16,26822,3860
883,17,28402,3988
883,18,29840,4102
883,19,31252,4308
883,20,32644,4546
883,21,33880,4758
883,22,35074,4864
883,23,36110,5038
883,24,37046,5194
883,25,38044,5418
883,26,38916,5580
883,27,39710,5706
883,28,40244,5926
883,29,40394,6098
884,-1,6293,1078
884,0,62,62
884,1,288,238
884,2,738,418
884,3,1288,530
884,4,1870,610
884,5,2484,686
884,6,3184,734
884,7,3854,812
884,8,4464,866
884,9,4998,966
884,10,5462,1056
884,11,5860,1094
884,12,6264,1164
884,13,6712,1212
884,14,7160,1258
884,15,7636,1338
884,16,8120,1398
884,17,8642,1440
884,18,9170,1494
884,19,9726,1522
884,20,10282,1550
884,21,10812,1576
884,22,11298,1628
884,23,11688,1756
884,24,11906,1874
884,25,12130,1946
884,26,12360,1988
884,27,12492,2080
884,28,12542,2112
884,29,12586,2150
885,-1,3063,1084
885,0,26,30
885,1,46,46
885,2,98,100
885,3,208,154
885,4,336,250
885,5,526,348
885,6,792,458
885,7,1140,586
885,8,1586,756
885,9,2066,830
885,10,2636,928
885,11,3174,994
885,12,3666,1088
885,13,4110,1138
885,14,4552,1274
885,15,4832,1394
885,16,5100,1480
885,17,5298,1628
885,18,5476,1722
885,19,5612,1762
885,20,5742,1776
885,21,5850,1828
885,22,5904,1902
885,23,5940,1950
885,24,5978,2004
885,25,6030,2042
885,26,6074,2084
885,27,6098,2132
885,28,6116,2146
885,29,6126,2166
886,-1,19923,3324
886,0,98,140
886,1,284,240
886,2,520,396
886,3,872,544
886,4,1240,756
886,5,1906,882
886,6,2890,1146
886,7,4426,1668
886,8,6456,1900
886,9,8734,1984
886,10,10918,2126
886,11,13138,2388
886,12,15574,2696
886,13,18460,3156
886,14,20946,3420
886,15,23130,3530
886,16,25030,3720
886,17,26820,3842
886,18,28730,4162
886,19,30402,4412
886,20,31756,4652
886,21,33346,4868
886,22,35026,5108
886,23,36606,5476
886,24,37986,5754
886,25,38988,6044
886,26,39510,6352
886,27,39632,6482
886,28,39750,6582
886,29,39846,6644
887,-1,3315,1190
887,0,22,36
887,1,48,72
887,2,102,120
887,3,190,210
887,4,406,356
887,5,746,518
887,6,1166,638
887,7,1694,856
887,8,2334,960
887,9,2850,1064
887,10,3270,1226
887,11,3530,1362
887,12,3748,1484
887,13,4030,1588
887,14,4238,1678
887,15,4444,1752
887,16,4642,1832
887,17,4822,1862
887,18,5006,1884
887,19,5172,1914
887,20,5356,1980
887,21,5570,2028
887,22,5814,2078
887,23,6062,2100
887,24,6280,2140
887,25,6464,2200
887,26,6556,2280
887,27,6586,2320
887,28,6618,2348
887,29,6630,2376
888,-1,3883,798
888,0,36,38
888,1,110,62
888,2,188,102
888,3,256,162
888,4,294,206
888,5,326,254
888,6,444,318
888,7,622,388
888,8,900,456
888,9,1208,488
888,10,1558,518
888,11,1912,536
888,12,2232,562
888,13,2536,590
888,14,2852,622
888,15,3188,686
888,16,3548,754
888,17,3956,844
888,18,4436,920
888,19,4940,976
888,20,5432,1042
888,21,5888,1114
888,22,6286,1198
888,23,6648,1254
888,24,6948,1324
888,25,7204,1384
888,26,7384,1434
888,27,7534,1454
888,28,7690,1494
888,29,7766,1584
889,-1,30758,4482
889,0,102,98
889,1,754,442
889,2,2382,832
889,3,4002,998
889,4,5448,1090
889,5,6748,1284
889,6,8174,1498
889,7,10118,1870
889,8,12958,2344
889,9,16430,2532
889,10,19902,2626
889,11,23390,2808
889,12,26420,3212
889,13,28828,3474
889,14,31230,3712
889,15,33286,3850
889,16,35266,3990
889,17,37144,4186
889,18,38802,4408
889,19,40786,4806
889,20,42842,5358
889,21,45532,5868
889,22,48240,6076
889,23,51400,6346
889,24,54700,6630
889,25,57604,7044
889,26,59912,7722
889,27,61114,8646
889,28,61358,8870
889,29,61516,8958
890,-1,5186,1418
890,0,14,28
890,1,100,86
890,2,212,126
890,3,342,156
890,4,474,234
890,5,660,400
890,6,948,456
890,7,1182,500
890,8,1436,548
890,9,1718,586
890,10,2036,686
890,11,2410,772
890,12,2906,900
890,13,3454,1070
890,14,3990,1186
890,15,4588,1254
890,16,5234,1378
890,17,5922,1578
890,18,6606,1788
890,19,7246,1904
890,20,7872,2008
890,21,8416,2090
890,22,8926,2198
890,23,9456,2310
890,24,9874,2460
890,25,10076,2564
890,26,10220,2648
890,27,10318,2746
890,28,10362,2808
890,29,10372,2834
891,-1,56989,7016
891,0,502,326
891,1,1944,726
891,2,4732,1432
891,3,8370,2660
891,4,13110,3936
891,5,19656,4578
891,6,26438,4902
891,7,32980,5308
891,8,40802,5964
891,9,50056,6186
891,10,59412,6400
891,11,68602,6724
891,12,77098,7570
891,13,83448,8294
891,14,87512,9000
891,15,90488,9598
891,16,92500,10100
891,17,94086,10248
891,18,95690,10504
891,19,97716,10658
891,20,99842,11098
891,21,101918,11274
891,22,103682,11624
891,23,106122,12092
891,24,108252,12450
891,25,109888,12854
891,26,111782,13254
891,27,112866,13546
891,28,113510,13734
891,29,113978,14030
892,-1,5086,1492
892,0,48,60
892,1,222,162
892,2,458,266
892,3,696,370
892,4,1060,460
892,5,1502,574
892,6,2098,774
892,7,2790,980
892,8,3510,1176
892,9,4144,1400
892,10,4774,1574
892,11,5434,1748
892,12,5934,1882
892,13,6514,1988
892,14,7060,2084
892,15,7536,2176
892,16,7924,2214
892,17,8296,2244
892,18,8602,2328
892,19,8842,2394
892,20,9078,2458
892,21,9346,2566
892,22,9582,2634
892,23,9794,2664
892,24,9954,2732
892,25,10062,2804
892,26,10104,2868
892,27,10140,2922
892,28,10158,2952
892,29,10172,2980
893,-1,4004,944
893,0,36,46
893,1,110,88
893,2,200,126
893,3,390,236
893,4,618,266
893,5,856,338
893,6,1160,464
893,7,1514,530
893,8,1862,572
893,9,2162,628
893,10,2412,686
893,11,2690,794
893,12,3062,916
893,13,3586,1030
893,14,4152,1098
893,15,4692,1158
893,16,5212,1220
893,17,5734,1288
893,18,6188,1366
893,19,6510,1418
893,20,6778,1468
893,21,7028,1504
893,22,7270,1546
893,23,7480,1628
893,24,7638,1702
893,25,7770,1720
893,26,7888,1758
893,27,7952,1816
893,28,7986,1860
893,29,8008,1882
894,-1,4206,1408
894,0,50,74
894,1,80,116
894,2,146,164
894,3,198,208
894,4,322,308
894,5,582,446
894,6,922,506
894,7,1204,550
894,8,1500,624
894,9,1746,714
894,10,2074,850
894,11,2512,956
894,12,3024,1014
894,13,3582,1076
894,14,4126,1170
894,15,4560,1266
894,16,4974,1300
894,17,5390,1372
894,18,5768,1444
894,19,6096,1520
894,20,6468,1666
894,21,6712,1850
894,22,6998,2046
894,23,7316,2196
894,24,7594,2282
894,25,7808,2408
894,26,7978,2560
894,27,8140,2634
894,28,8336,2702
894,29,8412,2806
895,-1,6075,1384
895,0,76,78
895,1,376,254
895,2,808,380
895,3,1256,448
895,4,1734,534
895,5,2244,658
895,6,2778,822
895,7,3170,1010
895,8,3664,1188
895,9,4260,1320
895,10,4834,1426
895,11,5292,1464
895,12,5728,1520
895,13,6258,1610
895,14,6904,1684
895,15,7566,1722
895,16,8190,1826
895,17,8762,1894
895,18,9266,1992
895,19,9744,2038
895,20,10208,2140
895,21,10744,2194
895,22,11172,2304
895,23,11438,2410
895,24,11602,2458
895,25,11766,2494
895,26,11960,2552
895,27,12074,2652
895,28,12128,2722
895,29,12150,2766
896,-1,4211,1292
896,0,122,106
896,1,344,174
896,2,646,246
896,3,902,300
896,4,1098,388
896,5,1292,448
896,6,1464,534
896,7,1670,600
896,8,1970,744
896,9,2340,842
896,10,2712,950
896,11,3188,1050
896,12,3766,1176
896,13,4442,1280
896,14,5096,1316
896,15,5670,1448
896,16,6172,1580
896,17,6602,1722
896,18,6968,1802
896,19,7232,1934
896,20,7368,1988
896,21,7498,2040
896,22,7642,2144
896,23,7772,2206
896,24,7960,2240
896,25,8080,2312
896,26,8160,2364
896,27,8314,2440
896,28,8398,2530
896,29,8422,2582
897,-1,4613,1114
897,0,16,20
897,1,48,56
897,2,114,132
897,3,280,250
897,4,562,430
897,5,914,576
897,6,1406,754
897,7,1980,864
897,8,2596,902
897,9,3212,930
897,10,3834,998
897,11,4436,1072
897,12,4986,1114
897,13,5520,1136
897,14,6038,1156
897,15,6550,1182
897,16,7036,1206
897,17,7492,1266
897,18,7850,1404
897,19,8166,1572
897,20,8398,1714
897,21,8572,1788
897,22,8686,1872
897,23,8834,1970
897,24,8966,2040
897,25,9052,2076
897,26,9140,2100
897,27,9196,2158
897,28,9214,2206
897,29,9226,2224
898,-1,4270,1262
898,0,32,48
898,1,70,94
898,2,144,166
898,3,306,318
898,4,556,450
898,5,822,554
898,6,1164,626
898,7,1536,714
898,8,2132,900
898,9,2858,998
898,10,3418,1072
898,11,3944,1160
898,12,4426,1268
898,13,4876,1354
898,14,5274,1420
898,15,5676,1496
898,16,6042,1562
898,17,6388,1614
898,18,6716,1662
898,19,7032,1732
898,20,7292,1862
898,21,7496,1988
898,22,7658,2106
898,23,7758,2228
898,24,7892,2292
898,25,8070,2318
898,26,8226,2344
898,27,8390,2378
898,28,8510,2458
898,29,8540,2522
899,-1,15149,2582
899,0,246,230
899,1,974,570
899,2,2024,990
899,3,2814,1190
899,4,3646,1294
899,5,4586,1426
899,6,5830,1684
899,7,7336,2016
899,8,9050,2138
899,9,10702,2206
899,10,12404,2272
899,11,14018,2404
899,12,15624,2616
899,13,16994,2854
899,14,18384,3102
899,15,19870,3282
899,16,21126,3414
899,17,22298,3534
899,18,23508,3598
899,19,24684,3722
899,20,25948,3920
899,21,27364,4034
899,22,28354,4304
899,23,28918,4456
899,24,29444,4642
899,25,29822,4762
899,26,30092,4928
899,27,30220,5052
899,28,30266,5114
899,29,30298,5160
900,-1,3428,916
900,0,20,20
900,1,80,78
900,2,180,132
900,3,308,190
900,4,456,298
900,5,672,366
900,6,890,426
900,7,1102,450
900,8,1342,474
900,9,1594,500
900,10,1850,536
900,11,2132,560
900,12,2432,594
900,13,2746,618
900,14,3114,672
900,15,3562,738
900,16,4058,768
900,17,4542,788
900,18,4988,842
900,19,5394,946
900,20,5720,1044
900,21,6054,1142
900,22,6298,1314
900,23,6456,1466
900,24,6630,1584
900,25,6724,1674
900,26,6790,1730
900,27,6822,1760
900,28,6844,1800
900,29,6856,1830
901,-1,4261,1686
901,0,30,40
901,1,96,92
901,2,224,202
901,3,376,274
901,4,544,408
901,5,810,590
901,6,1162,780
901,7,1576,900
901,8,2034,1084
901,9,2496,1370
901,10,3070,1560
901,11,3692,1734
901,12,4280,1910
901,13,4918,2020
901,14,5560,2084
901,15,6174,2160
901,16,6694,2348
901,17,7146,2582
901,18,7520,2724
901,19,7776,2852
901,20,7924,2940
901,21,8046,3024
901,22,8194,3076
901,23,8304,3174
901,24,8354,3228
901,25,8396,3264
901,26,8442,3300
901,27,8490,3330
901,28,8512,3356
901,29,8522,3370
902,-1,3547,1268
902,0,24,42
902,1,68,90
902,2,188,206
902,3,470,366
902,4,816,482
902,5,1172,648
902,6,1488,776
902,7,1796,880
902,8,2114,1020
902,9,2486,1174
902,10,2936,1304
902,11,3392,1392
902,12,3718,1436
902,13,4058,1486
902,14,4376,1540
902,15,4690,1622
902,16,5008,1718
902,17,5298,1784
902,18,5564,1836
902,19,5868,1954
902,20,6148,2048
902,21,6372,2112
902,22,6566,2172
902,23,6732,2214
902,24,6856,2296
902,25,6932,2356
902,26,6994,2408
902,27,7044,2444
902,28,7086,2510
902,29,7094,2532
903,-1,40257,5404
903,0,172,158
903,1,904,434
903,2,2176,718
903,3,4208,980
903,4,6272,1332
903,5,9290,1704
903,6,12250,2206
903,7,15274,2792
903,8,18726,3366
903,9,22220,3896
903,10,25826,4266
903,11,29262,4356
903,12,32772,4568
903,13,35978,4738
903,14,39296,4928
903,15,42702,5076
903,16,46050,5220
903,17,49882,5566
903,18,54572,6086
903,19,59488,6366
903,20,64190,7020
903,21,68620,7528
903,22,72448,8286
903,23,75496,8828
903,24,77812,9420
903,25,79040,10090
903,26,79574,10338
903,27,79930,10474
903,28,80260,10628
903,29,80514,10806
904,-1,25285,3648
904,0,34,74
904,1,320,338
904,2,1020,802
904,3,2054,1224
904,4,3524,1664
904,5,4962,2404
904,6,6762,2840
904,7,8868,3288
904,8,11126,3508
904,9,13456,3682
904,10,15958,3804
904,11,18490,3884
904,12,21210,4082
904,13,23702,4184
904,14,26218,4354
904,15,28654,4562
904,16,31042,4638
904,17,33402,4748
904,18,35578,4862
904,19,37710,4932
904,20,39870,5040
904,21,41944,5216
904,22,44084,5346
904,23,45894,5638
904,24,47300,5932
904,25,48346,6264
904,26,49192,6580
904,27,50062,6886
904,28,50482,7140
904,29,50570,7294
905,-1,6610,2090
905,0,44,74
905,1,132,162
905,2,348,338
905,3,724,492
905,4,1180,610
905,5,1650,674
905,6,2086,856
905,7,2540,1056
905,8,3000,1242
905,9,3582,1418
905,10,4228,1672
905,11,4768,1924
905,12,5254,2062
905,13,5774,2294
905,14,6428,2428
905,15,7146,2512
905,16,7830,2604
905,17,8466,2692
905,18,9106,2842
905,19,9750,2998
905,20,10280,3116
905,21,10802,3190
905,22,11308,3344
905,23,11832,3468
905,24,12234,3604
905,25,12578,3754
905,26,12880,3894
905,27,13100,4026
905,28,13186,4128
905,29,13220,4178
906,-1,3689,1006
906,0,50,56
906,1,232,238
906,2,584,382
906,3,994,444
906,4,1376,538
906,5,1712,650
906,6,1962,680
906,7,2232,718
906,8,2522,764
906,9,2796,862
906,10,3124,954
906,11,3494,1012
906,12,3856,1052
906,13,4198,1110
906,14,4496,1160
906,15,4754,1248
906,16,5102,1296
906,17,5464,1336
906,18,5812,1386
906,19,6106,1460
906,20,6296,1534
906,21,6440,1594
906,22,6624,1650
906,23,6812,1686
906,24,6992,1718
906,25,7124,1792
906,26,7222,1846
906,27,7286,1902
906,28,7344,1962
906,29,7378,2008
907,-1,3050,802
907,0,24,36
907,1,100,86
907,2,186,136
907,3,324,216
907,4,502,242
907,5,708,292
907,6,956,318
907,7,1190,354
907,8,1482,424
907,9,1842,542
907,10,2272,610
907,11,2764,662
907,12,3278,696
907,13,3762,766
907,14,4190,886
907,15,4404,958
907,16,4602,1004
907,17,4794,1040
907,18,4994,1108
907,19,5160,1180
907,20,5326,1230
907,21,5498,1262
907,22,5640,1302
907,23,5756,1342
907,24,5850,1384
907,25,5922,1422
907,26,5980,1462
907,27,6050,1524
907,28,6092,1568
907,29,6100,1602
908,-1,10263,2818
908,0,88,86
908,1,204,172
908,2,298,260
908,3,542,544
908,4,1076,790
908,5,1654,1032
908,6,2278,1364
908,7,2914,1482
908,8,3544,1548
908,9,4300,1654
908,10,5190,1838
908,11,6160,2092
908,12,7180,2276
908,13,8158,2376
908,14,9052,2496
908,15,9956,2714
908,16,10842,2984
908,17,11868,3284
908,18,13022,3426
908,19,13930,3686
908,20,14828,3850
908,21,15696,4022
908,22,16682,4302
908,23,17818,4456
908,24,18770,4752
908,25,19476,4976
908,26,20050,5274
908,27,20376,5470
908,28,20500,5586
908,29,20526,5634
909,-1,4695,1394
909,0,14,24
909,1,56,54
909,2,124,120
909,3,242,202
909,4,412,276
909,5,584,346
909,6,800,396
909,7,1040,468
909,8,1298,584
909,9,1626,708
909,10,2008,816
909,11,2450,908
909,12,2964,1066
909,13,3526,1232
909,14,4070,1352
909,15,4580,1462
909,16,5046,1518
909,17,5536,1584
909,18,6074,1692
909,19,6662,1792
909,20,7186,1916
909,21,7668,1998
909,22,8064,2098
909,23,8388,2194
909,24,8664,2276
909,25,8900,2372
909,26,9078,2506
909,27,9186,2592
909,28,9322,2704
909,29,9390,2776
910,-1,3306,1134
910,0,10,24
910,1,80,96
910,2,212,236
910,3,470,420
910,4,768,552
910,5,1106,664
910,6,1432,776
910,7,1754,884
910,8,2152,980
910,9,2588,1038
910,10,3028,1110
910,11,3460,1182
910,12,3886,1268
910,13,4268,1386
910,14,4672,1468
910,15,5014,1580
910,16,5284,1680
910,17,5514,1734
910,18,5756,1776
910,19,5986,1796
910,20,6182,1856
910,21,6300,1932
910,22,6358,1968
910,23,6412,2028
910,24,6484,2090
910,25,6550,2154
910,26,6582,2204
910,27,6588,2224
910,28,6606,2248
910,29,6612,2264
911,-1,3684,1030
911,0,36,34
911,1,86,76
911,2,168,122
911,3,256,186
911,4,442,322
911,5,702,406
911,6,986,518
911,7,1368,614
911,8,1780,716
911,9,2210,812
911,10,2660,906
911,11,3178,980
911,12,3662,1078
911,13,4182,1168
911,14,4678,1282
911,15,5114,1352
911,16,5460,1458
911,17,5708,1544
911,18,5936,1560
911,19,6146,1602
911,20,6364,1646
911,21,6626,1692
911,22,6840,1764
911,23,7002,1826
911,24,7148,1886
911,25,7236,1918
911,26,7306,1954
911,27,7340,2006
911,28,7360,2038
911,29,7368,2056
913,-1,3235,1242
913,0,48,62
913,1,102,130
913,2,198,184
913,3,350,264
913,4,518,372
913,5,740,462
913,6,1010,536
913,7,1350,710
913,8,1746,878
913,9,2140,1030
913,10,2606,1216
913,11,3142,1326
913,12,3594,1368
913,13,3960,1472
913,14,4294,1560
913,15,4536,1660
913,16,4740,1688
913,17,4918,1746
913,18,5028,1826
913,19,5172,1902
913,20,5356,1954
913,21,5570,2004
913,22,5736,2050
913,23,5898,2088
913,24,6092,2148
913,25,6242,2250
913,26,6288,2306
913,27,6348,2352
913,28,6436,2430
913,29,6470,2478
914,-1,6632,1496
914,0,80,110
914,1,324,196
914,2,626,282
914,3,982,326
914,4,1316,380
914,5,1572,456
914,6,1968,572
914,7,2444,644
914,8,3082,756
914,9,3838,874
914,10,4566,986
914,11,5154,1114
914,12,5636,1244
914,13,6028,1302
914,14,6418,1364
914,15,6882,1456
914,16,7312,1522
914,17,7670,1596
914,18,7978,1660
914,19,8298,1706
914,20,8662,1822
914,21,9140,2014
914,22,9686,2166
914,23,10360,2362
914,24,11084,2446
914,25,11778,2482
914,26,12438,2534
914,27,12890,2696
914,28,13196,2888
914,29,13264,2984
915,-1,6520,1568
915,0,104,106
915,1,240,176
915,2,404,262
915,3,714,360
915,4,1010,410
915,5,1322,456
915,6,1694,582
915,7,2180,714
915,8,2814,898
915,9,3514,1070
915,10,4310,1170
915,11,5054,1236
915,12,5736,1312
915,13,6438,1368
915,14,7122,1422
915,15,7750,1586
915,16,8508,1672
915,17,9328,1724
915,18,10168,1794
915,19,10850,1892
915,20,11312,2040
915,21,11698,2302
915,22,12068,2526
915,23,12452,2650
915,24,12672,2806
915,25,12828,2930
915,26,12940,3028
915,27,12984,3082
915,28,13024,3110
915,29,13040,3134
916,-1,6167,1594
916,0,120,98
916,1,348,194
916,2,700,310
916,3,1198,438
916,4,1752,594
916,5,2436,756
916,6,2872,980
916,7,3252,1118
916,8,3662,1258
916,9,4056,1400
916,10,4610,1500
916,11,5236,1642
916,12,5942,1770
916,13,6702,1850
916,14,7508,1948
916,15,8180,2062
916,16,8804,2228
916,17,9374,2310
916,18,9906,2460
916,19,10338,2606
916,20,10658,2652
916,21,10940,2684
916,22,11208,2746
916,23,11456,2818
916,24,11722,2888
916,25,11924,2974
916,26,12082,3040
916,27,12212,3080
916,28,12312,3138
916,29,12334,3186
917,-1,10505,2588
917,0,246,292
917,1,1128,480
917,2,2232,610
917,3,3486,680
917,4,4756,822
917,5,5618,1188
917,6,6480,1582
917,7,7770,1912
917,8,9168,2136
917,9,10646,2266
917,10,11972,2452
917,11,12996,2658
917,12,13716,2864
917,13,14236,3026
917,14,14954,3142
917,15,15804,3268
917,16,16440,3488
917,17,17000,3620
917,18,17574,3726
917,19,18186,3818
917,20,18968,3924
917,21,19574,4144
917,22,19818,4374
917,23,20036,4554
917,24,20204,4740
917,25,20454,4844
917,26,20686,4892
917,27,20850,4948
917,28,20930,5066
917,29,21010,5174
918,-1,5082,1186
918,0,96,66
918,1,226,142
918,2,374,196
918,3,658,370
918,4,1164,516
918,5,1776,668
918,6,2402,796
918,7,3034,884
918,8,3622,958
918,9,4150,1032
918,10,4736,1118
918,11,5450,1236
918,12,6100,1366
918,13,6458,1440
918,14,6794,1504
918,15,7132,1544
918,16,7432,1586
918,17,7716,1622
918,18,8004,1684
918,19,8278,1748
918,20,8590,1798
918,21,8896,1834
918,22,9218,1914
918,23,9432,2042
918,24,9628,2136
918,25,9776,2178
918,26,9932,2210
918,27,10076,2262
918,28,10150,2340
918,29,10164,2370
919,-1,4090,1000
919,0,48,80
919,1,208,224
919,2,382,348
919,3,694,540
919,4,1106,716
919,5,1620,784
919,6,2168,812
919,7,2692,864
919,8,3186,928
919,9,3732,972
919,10,4334,1014
919,11,4952,1088
919,12,5536,1132
919,13,6128,1168
919,14,6502,1218
919,15,6838,1264
919,16,7116,1374
919,17,7318,1486
919,18,7470,1568
919,19,7588,1616
919,20,7694,1664
919,21,7780,1728
919,22,7836,1750
919,23,7884,1780
919,24,7930,1820
919,25,7982,1852
919,26,8048,1898
919,27,8124,1930
919,28,8172,1974
919,29,8180,1998
920,-1,20592,2988
920,0,58,84
920,1,348,278
920,2,708,432
920,3,1388,776
920,4,2372,954
920,5,3674,1138
920,6,5084,1228
920,7,6456,1426
920,8,8098,1668
920,9,10064,2154
920,10,12452,2362
920,11,14728,2652
920,12,17010,2926
920,13,19386,3084
920,14,21642,3322
920,15,23806,3594
920,16,26008,3760
920,17,28158,3860
920,18,30200,3918
920,19,32090,4072
920,20,33940,4220
920,21,35760,4504
920,22,37162,5018
920,23,38110,5152
920,24,38994,5232
920,25,39914,5358
920,26,40572,5528
920,27,41050,5756
920,28,41160,5930
920,29,41184,5974
921,-1,3315,1104
921,0,30,36
921,1,60,70
921,2,108,158
921,3,214,238
921,4,374,296
921,5,530,382
921,6,692,442
921,7,858,492
921,8,1058,538
921,9,1252,628
921,10,1526,752
921,11,1834,886
921,12,2226,956
921,13,2630,1020
921,14,2966,1076
921,15,3286,1110
921,16,3596,1148
921,17,3946,1234
921,18,4292,1314
921,19,4640,1402
921,20,5008,1448
921,21,5396,1480
921,22,5796,1544
921,23,6146,1666
921,24,6302,1794
921,25,6420,1904
921,26,6504,2032
921,27,6582,2122
921,28,6620,2182
921,29,6630,2206
922,-1,7802,2214
922,0,182,138
922,1,544,278
922,2,1114,486
922,3,1608,568
922,4,2270,632
922,5,2866,684
922,6,3566,902
922,7,4414,1008
922,8,5260,1160
922,9,6008,1340
922,10,6638,1438
922,11,7218,1488
922,12,7926,1546
922,13,8700,1700
922,14,9426,1976
922,15,10158,2256
922,16,10542,2534
922,17,10858,2730
922,18,11234,2910
922,19,11734,3046
922,20,12208,3176
922,21,12798,3420
922,22,13404,3538
922,23,13864,3670
922,24,14212,3740
922,25,14676,3826
922,26,15152,4008
922,27,15472,4202
922,28,15544,4338
922,29,15604,4426
923,-1,3091,1036
923,0,16,20
923,1,46,54
923,2,106,108
923,3,202,142
923,4,284,236
923,5,402,364
923,6,560,428
923,7,752,516
923,8,966,626
923,9,1256,764
923,10,1634,884
923,11,2096,992
923,12,2636,1044
923,13,3202,1140
923,14,3680,1260
923,15,4124,1362
923,16,4404,1428
923,17,4658,1504
923,18,4892,1554
923,19,5130,1578
923,20,5342,1658
923,21,5504,1712
923,22,5652,1764
923,23,5776,1814
923,24,5898,1880
923,25,6004,1920
923,26,6080,1954
923,27,6134,1986
923,28,6168,2040
923,29,6182,2070
924,-1,3252,968
924,0,20,34
924,1,54,78
924,2,94,108
924,3,156,136
924,4,218,160
924,5,274,208
924,6,352,270
924,7,480,336
924,8,648,406
924,9,806,456
924,10,996,518
924,11,1236,628
924,12,1500,750
924,13,1848,860
924,14,2268,946
924,15,2774,1068
924,16,3292,1126
924,17,3792,1150
924,18,4270,1182
924,19,4720,1218
924,20,5128,1268
924,21,5454,1350
924,22,5768,1460
924,23,6030,1576
924,24,6214,1650
924,25,6324,1732
924,26,6400,1800
924,27,6444,1846
924,28,6486,1890
924,29,6504,1928
925,-1,23497,3868
925,0,82,128
925,1,342,312
925,2,1024,724
925,3,2366,1006
925,4,4106,1346
925,5,6308,1654
925,6,8652,1850
925,7,10990,2128
925,8,13306,2290
925,9,15592,2538
925,10,17718,2772
925,11,19496,3034
925,12,21502,3240
925,13,23468,3486
925,14,25574,3798
925,15,27364,4058
925,16,28950,4432
925,17,30758,4766
925,18,32688,5072
925,19,34352,5220
925,20,35926,5440
925,21,37476,5538
925,22,39074,5792
925,23,40994,5960
925,24,43038,6174
925,25,45000,6648
925,26,46080,7236
925,27,46524,7342
925,28,46910,7558
925,29,46994,7734
926,-1,4130,1332
926,0,80,86
926,1,320,146
926,2,588,202
926,3,858,256
926,4,1284,408
926,5,1986,534
926,6,2806,614
926,7,3494,748
926,8,4036,894
926,9,4304,1038
926,10,4468,1116
926,11,4608,1162
926,12,4688,1212
926,13,4740,1276
926,14,4934,1428
926,15,5246,1474
926,16,5576,1518
926,17,5904,1560
926,18,6286,1710
926,19,6692,1796
926,20,7068,1882
926,21,7320,2042
926,22,7486,2142
926,23,7630,2288
926,24,7818,2428
926,25,8020,2478
926,26,8166,2542
926,27,8238,2614
926,28,8248,2638
926,29,8260,2662
927,-1,8873,2116
927,0,80,54
927,1,304,140
927,2,612,202
927,3,924,234
927,4,1192,310
927,5,1364,432
927,6,1554,610
927,7,1912,806
927,8,2512,928
927,9,3334,1142
927,10,4344,1294
927,11,5316,1366
927,12,6294,1416
927,13,7258,1570
927,14,8158,1660
927,15,9186,1866
927,16,10268,2014
927,17,11296,2240
927,18,12268,2436
927,19,13144,2632
927,20,13904,2842
927,21,14560,3034
927,22,15284,3156
927,23,16034,3304
927,24,16744,3502
927,25,17244,3734
927,26,17470,3932
927,27,17540,4068
927,28,17702,4178
927,29,17746,4230
928,-1,13497,2694
928,0,242,238
928,1,958,574
928,2,1676,894
928,3,2334,1222
928,4,3084,1734
928,5,4220,2086
928,6,5416,2278
928,7,6946,2456
928,8,8628,2674
928,9,10282,2898
928,10,11686,2988
928,11,12888,3154
928,12,14146,3332
928,13,15322,3498
928,14,16360,3676
928,15,17544,3822
928,16,18482,4048
928,17,19478,4148
928,18,20482,4272
928,19,21598,4386
928,20,22660,4494
928,21,23622,4564
928,22,24390,4676
928,23,24980,4816
928,24,25550,4878
928,25,26124,5018
928,26,26516,5144
928,27,26800,5238
928,28,26916,5322
928,29,26994,5384
929,-1,5427,906
929,0,30,42
929,1,116,160
929,2,422,370
929,3,942,478
929,4,1390,532
929,5,1890,568
929,6,2412,604
929,7,2890,662
929,8,3334,742
929,9,3806,798
929,10,4260,854
929,11,4722,888
929,12,5168,908
929,13,5594,932
929,14,6046,974
929,15,6496,1012
929,16,6978,1048
929,17,7504,1122
929,18,7992,1162
929,19,8474,1180
929,20,8926,1238
929,21,9348,1322
929,22,9692,1404
929,23,9996,1440
929,24,10286,1482
929,25,10488,1564
929,26,10660,1670
929,27,10754,1740
929,28,10826,1776
929,29,10854,1806
930,-1,3410,756
930,0,34,68
930,1,162,210
930,2,404,324
930,3,766,422
930,4,1178,480
930,5,1590,570
930,6,2038,646
930,7,2468,700
930,8,2898,744
930,9,3354,786
930,10,3820,826
930,11,4118,862
930,12,4380,936
930,13,4618,982
930,14,4850,1000
930,15,5092,1024
930,16,5332,1064
930,17,5562,1118
930,18,5758,1162
930,19,5942,1174
930,20,6126,1184
930,21,6288,1246
930,22,6422,1310
930,23,6534,1362
930,24,6626,1390
930,25,6694,1410
930,26,6744,1440
930,27,6778,1464
930,28,6802,1484
930,29,6820,1504
931,-1,3390,1138
931,0,46,66
931,1,128,114
931,2,232,180
931,3,456,330
931,4,784,432
931,5,1198,536
931,6,1694,662
931,7,2208,732
931,8,2728,784
931,9,3138,974
931,10,3474,1128
931,11,3760,1328
931,12,3934,1480
931,13,4082,1548
931,14,4246,1578
931,15,4400,1628
931,16,4544,1682
931,17,4698,1724
931,18,4862,1776
931,19,5070,1832
931,20,5316,1866
931,21,5560,1924
931,22,5800,1960
931,23,6022,1996
931,24,6238,2036
931,25,6422,2072
931,26,6586,2116
931,27,6696,2156
931,28,6760,2230
931,29,6780,2274
932,-1,12531,2120
932,0,64,56
932,1,250,240
932,2,724,548
932,3,1280,814
932,4,1976,1070
932,5,2748,1264
932,6,3584,1474
932,7,4514,1600
932,8,5478,1692
932,9,6456,1740
932,10,7496,1852
932,11,8586,1914
932,12,9682,1950
932,13,10798,2006
932,14,11970,2076
932,15,13184,2176
932,16,14438,2230
932,17,15692,2260
932,18,16976,2340
932,19,18360,2434
932,20,19708,2616
932,21,20910,2858
932,22,21960,3130
932,23,22910,3364
932,24,23618,3640
932,25,24136,3806
932,26,24572,3954
932,27,24858,4088
932,28,25016,4166
932,29,25062,4232
933,-1,120422,10044
933,0,1226,770
933,1,3894,1350
933,2,6874,1816
933,3,11228,2258
933,4,15004,2726
933,5,17930,3438
933,6,21220,4204
933,7,26106,4838
933,8,30490,5398
933,9,35150,5742
933,10,40800,6096
933,11,48116,6550
933,12,56254,7090
933,13,64614,7740
933,14,74640,8700
933,15,87374,9518
933,16,99040,10026
933,17,110568,10432
933,18,123210,11618
933,19,138846,12558
933,20,154190,13204
933,21,170362,13990
933,22,185164,14620
933,23,198088,15102
933,24,209494,15582
933,25,221104,16162
933,26,230162,17394
933,27,236274,18656
933,28,239772,19344
933,29,240844,20082
934,-1,14166,2010
934,0,86,56
934,1,224,136
934,2,516,188
934,3,806,272
934,4,1314,502
934,5,2126,808
934,6,3382,1108
934,7,4992,1312
934,8,6732,1390
934,9,8586,1520
934,10,10414,1600
934,11,12172,1716
934,12,13720,1846
934,13,15234,1928
934,14,16498,2036
934,15,17858,2136
934,16,19288,2230
934,17,20434,2444
934,18,21406,2628
934,19,22300,2664
934,20,23218,2788
934,21,24058,2956
934,22,24860,3120
934,23,25702,3220
934,24,26592,3302
934,25,27288,3516
934,26,27780,3686
934,27,28146,3842
934,28,28304,3960
934,29,28332,4016
935,-1,75129,8482
935,0,480,260
935,1,1858,490
935,2,3256,758
935,3,4464,1144
935,4,5780,1294
935,5,7102,1568
935,6,9330,1974
935,7,12996,2818
935,8,16948,3360
935,9,20488,3886
935,10,24710,4238
935,11,29708,4756
935,12,36470,5746
935,13,43668,6454
935,14,52796,7118
935,15,61762,7684
935,16,70658,8128
935,17,80292,8534
935,18,90196,9120
935,19,99270,9696
935,20,108784,10364
935,21,117844,11340
935,22,125248,12630
935,23,130818,13360
935,24,136386,13922
935,25,141986,14462
935,26,145872,15238
935,27,148136,16062
935,28,149390,16558
935,29,150258,16962
936,-1,35004,6294
936,0,374,238
936,1,1292,404
936,2,2908,1012
936,3,5304,1478
936,4,8282,1672
936,5,11430,2062
936,6,14142,2304
936,7,16620,2536
936,8,19386,2974
936,9,21756,3366
936,10,24336,3810
936,11,27262,4276
936,12,30632,4814
936,13,34286,5630
936,14,37986,6338
936,15,42624,6894
936,16,47072,7752
936,17,50500,8750
936,18,53422,9530
936,19,56456,10034
936,20,58762,10494
936,21,60768,10826
936,22,62534,11062
936,23,64302,11190
936,24,66206,11400
936,25,67568,11790
936,26,68742,12096
936,27,69464,12398
936,28,69838,12492
936,29,70008,12586
937,-1,4209,874
937,0,38,40
937,1,190,138
937,2,520,236
937,3,880,282
937,4,1172,338
937,5,1390,368
937,6,1654,428
937,7,1958,506
937,8,2274,538
937,9,2608,568
937,10,2900,606
937,11,3170,652
937,12,3444,682
937,13,3752,722
937,14,4082,754
937,15,4428,792
937,16,4784,848
937,17,5200,920
937,18,5644,970
937,19,6048,1042
937,20,6430,1082
937,21,6838,1180
937,22,7196,1270
937,23,7544,1368
937,24,7818,1452
937,25,8016,1558
937,26,8156,1602
937,27,8316,1630
937,28,8394,1708
937,29,8418,1744
939,-1,3294,1222
939,0,26,42
939,1,98,100
939,2,188,134
939,3,324,228
939,4,554,292
939,5,726,362
939,6,850,460
939,7,934,538
939,8,1034,618
939,9,1162,746
939,10,1368,888
939,11,1708,1032
939,12,2110,1172
939,13,2552,1330
939,14,3038,1462
939,15,3534,1552
939,16,4040,1626
939,17,4500,1734
939,18,4966,1826
939,19,5382,1932
939,20,5718,2042
939,21,6006,2116
939,22,6220,2204
939,23,6312,2266
939,24,6394,2298
939,25,6450,2336
939,26,6494,2354
939,27,6542,2376
939,28,6578,2406
939,29,6588,2438
940,-1,19714,3056
940,0,122,110
940,1,518,258
940,2,1026,404
940,3,1590,496
940,4,2172,634
940,5,2872,728
940,6,3902,910
940,7,5208,1054
940,8,6684,1262
940,9,8318,1576
940,10,10234,1802
940,11,12016,1968
940,12,13798,2084
940,13,15528,2252
940,14,17300,2516
940,15,19224,2742
940,16,21280,3124
940,17,23226,3410
940,18,25160,3688
940,19,27396,4040
940,20,29668,4190
940,21,31822,4486
940,22,33630,4732
940,23,35288,4880
940,24,36910,5078
940,25,38114,5344
940,26,38824,5598
940,27,39240,5884
940,28,39404,6060
940,29,39428,6110
941,-1,16931,3356
941,0,216,114
941,1,526,206
941,2,810,438
941,3,1620,734
941,4,2570,988
941,5,3740,1182
941,6,5096,1540
941,7,6930,1886
941,8,8576,2022
941,9,10064,2176
941,10,11336,2674
941,11,12806,3064
941,12,14386,3262
941,13,15822,3530
941,14,16940,3720
941,15,18108,3850
941,16,19196,4176
941,17,19986,4348
941,18,21150,4470
941,19,22272,4592
941,20,23464,4798
941,21,24656,5064
941,22,25772,5280
941,23,26820,5420
941,24,28036,5560
941,25,29774,5686
941,26,31574,5862
941,27,32880,6162
941,28,33762,6566
941,29,33862,6710
942,-1,7768,2106
942,0,106,66
942,1,216,130
942,2,322,190
942,3,488,284
942,4,782,400
942,5,1190,500
942,6,1740,742
942,7,2516,1072
942,8,3190,1342
942,9,3866,1528
942,10,4674,1696
942,11,5366,1804
942,12,6100,1916
942,13,6846,2008
942,14,7576,2124
942,15,8234,2240
942,16,8874,2402
942,17,9474,2546
942,18,10128,2668
942,19,10876,2796
942,20,11692,2906
942,21,12470,3010
942,22,13266,3200
942,23,14048,3404
942,24,14664,3660
942,25,15004,3850
942,26,15258,3962
942,27,15380,4086
942,28,15476,4156
942,29,15536,4206
943,-1,36752,4780
943,0,356,214
943,1,1618,510
943,2,3044,668
943,3,4192,1020
943,4,5840,1610
943,5,7328,1966
943,6,9254,2426
943,7,12150,2942
943,8,15876,3384
943,9,20178,3788
943,10,25036,4284
943,11,29374,4658
943,12,32748,5168
943,13,35728,5350
943,14,38768,5546
943,15,41662,5786
943,16,44362,6112
943,17,46688,6536
943,18,48692,6704
943,19,51558,7008
943,20,54862,7296
943,21,58460,7614
943,22,61824,7950
943,23,64538,8216
943,24,66994,8330
943,25,69370,8532
943,26,71220,8734
943,27,72524,9128
943,28,73334,9398
943,29,73504,9556
944,-1,5988,1394
944,0,58,90
944,1,168,200
944,2,344,354
944,3,556,496
944,4,780,636
944,5,1122,830
944,6,1502,972
944,7,1958,1100
944,8,2556,1216
944,9,3204,1302
944,10,3856,1394
944,11,4480,1476
944,12,5106,1546
944,13,5714,1640
944,14,6254,1780
944,15,6812,1904
944,16,7340,2014
944,17,7858,2058
944,18,8416,2110
944,19,8978,2160
944,20,9522,2184
944,21,10050,2232
944,22,10504,2318
944,23,10838,2434
944,24,11138,2470
944,25,11440,2500
944,26,11734,2568
944,27,11884,2680
944,28,11952,2742
944,29,11976,2782
945,-1,3038,1394
945,0,22,40
945,1,56,86
945,2,224,166
945,3,396,266
945,4,504,386
945,5,680,486
945,6,952,572
945,7,1274,614
945,8,1594,696
945,9,1856,810
945,10,2066,900
945,11,2288,1034
945,12,2376,1166
945,13,2494,1264
945,14,2610,1350
945,15,2832,1494
945,16,3108,1540
945,17,3420,1598
945,18,3704,1656
945,19,3908,1720
945,20,4124,1778
945,21,4336,1832
945,22,4550,1900
945,23,4742,2024
945,24,4922,2202
945,25,5280,2378
945,26,5714,2522
945,27,5992,2684
945,28,6054,2754
945,29,6076,2782
946,-1,3167,912
946,0,72,56
946,1,262,138
946,2,506,234
946,3,754,326
946,4,954,368
946,5,1118,460
946,6,1298,584
946,7,1524,690
946,8,1902,824
946,9,2202,878
946,10,2472,920
946,11,2742,950
946,12,3042,1006
946,13,3352,1096
946,14,3708,1140
946,15,4072,1180
946,16,4414,1240
946,17,4708,1306
946,18,4952,1376
946,19,5154,1438
946,20,5312,1472
946,21,5460,1498
946,22,5626,1524
946,23,5812,1548
946,24,5976,1624
946,25,6110,1662
946,26,6224,1690
946,27,6288,1758
946,28,6318,1798
946,29,6334,1822
947,-1,3004,814
947,0,30,50
947,1,144,162
947,2,288,266
947,3,438,314
947,4,662,410
947,5,944,440
947,6,1240,466
947,7,1546,498
947,8,1868,524
947,9,2204,550
947,10,2554,590
947,11,2882,628
947,12,3226,676
947,13,3552,774
947,14,3836,842
947,15,4086,892
947,16,4306,922
947,17,4470,998
947,18,4608,1046
947,19,4784,1098
947,20,4958,1140
947,21,5110,1166
947,22,5228,1196
947,23,5348,1220
947,24,5490,1264
947,25,5658,1314
947,26,5772,1352
947,27,5900,1456
947,28,5988,1566
947,29,6008,1622
948,-1,6646,1902
948,0,62,66
948,1,196,130
948,2,410,186
948,3,642,238
948,4,936,362
948,5,1312,478
948,6,1752,616
948,7,2220,766
948,8,2814,936
948,9,3550,1108
948,10,4508,1348
948,11,5642,1476
948,12,6804,1540
948,13,7942,1680
948,14,9108,1834
948,15,10118,2038
948,16,10736,2248
948,17,11232,2384
948,18,11670,2612
948,19,12072,2828
948,20,12462,3048
948,21,12706,3302
948,22,12854,3420
948,23,12978,3520
948,24,13096,3622
948,25,13160,3684
948,26,13212,3712
948,27,13250,3746
948,28,13270,3776
948,29,13292,3802
949,-1,16247,3048
949,0,96,132
949,1,376,206
949,2,660,256
949,3,1066,338
949,4,1610,548
949,5,2216,784
949,6,2738,938
949,7,3432,1032
949,8,4236,1114
949,9,5182,1230
949,10,6176,1356
949,11,7332,1454
949,12,8492,1686
949,13,9848,2026
949,14,11530,2344
949,15,13378,2578
949,16,15386,2808
949,17,17662,3092
949,18,20104,3224
949,19,22628,3386
949,20,25094,3552
949,21,27158,3990
949,22,28688,4448
949,23,29790,4878
949,24,30782,5300
949,25,31556,5658
949,26,32070,5806
949,27,32354,5960
949,28,32462,6052
949,29,32494,6094
950,-1,4945,1454
950,0,32,50
950,1,114,112
950,2,212,198
950,3,524,386
950,4,956,480
950,5,1448,570
950,6,1954,612
950,7,2364,688
950,8,2628,774
950,9,2864,912
950,10,3102,1008
950,11,3342,1178
950,12,3650,1358
950,13,3992,1496
950,14,4348,1608
950,15,4694,1718
950,16,5036,1822
950,17,5358,1892
950,18,5732,1964
950,19,6138,2002
950,20,6604,2076
950,21,7076,2130
950,22,7548,2166
950,23,7980,2280
950,24,8428,2374
950,25,8888,2452
950,26,9330,2558
950,27,9682,2690
950,28,9862,2838
950,29,9890,2906
951,-1,8147,2060
951,0,106,126
951,1,374,246
951,2,856,442
951,3,1410,688
951,4,2000,966
951,5,2648,1126
951,6,3322,1232
951,7,4056,1282
951,8,4896,1354
951,9,5862,1430
951,10,6794,1564
951,11,7670,1720
951,12,8482,1918
951,13,9232,2062
951,14,9890,2268
951,15,10448,2482
951,16,11026,2586
951,17,11622,2690
951,18,12300,2770
951,19,12952,2892
951,20,13576,3004
951,21,14190,3186
951,22,14728,3350
951,23,15160,3506
951,24,15442,3584
951,25,15718,3662
951,26,15904,3848
951,27,16128,3950
951,28,16242,4052
951,29,16294,4118
952,-1,27927,4918
952,0,186,194
952,1,844,428
952,2,2048,742
952,3,3242,1080
952,4,4184,1646
952,5,5498,2142
952,6,7230,2440
952,7,8784,2732
952,8,11034,3076
952,9,13872,3304
952,10,16872,3538
952,11,19512,4214
952,12,22504,4620
952,13,25490,4868
952,14,28234,5094
952,15,31148,5402
952,16,33984,5850
952,17,36494,6314
952,18,39018,6700
952,19,41484,6774
952,20,43972,6886
952,21,46372,7088
952,22,48442,7256
952,23,49982,7486
952,24,51370,7874
952,25,52764,8556
952,26,54110,8908
952,27,55340,9414
952,28,55674,9710
952,29,55854,9830
953,-1,3907,1666
953,0,42,36
953,1,172,106
953,2,352,194
953,3,492,312
953,4,696,484
953,5,950,714
953,6,1474,940
953,7,2050,1088
953,8,2404,1164
953,9,2748,1212
953,10,3038,1298
953,11,3272,1336
953,12,3538,1418
953,13,3818,1500
953,14,4178,1630
953,15,4564,1736
953,16,4946,2018
953,17,5394,2186
953,18,5868,2356
953,19,6254,2520
953,20,6578,2608
953,21,6814,2664
953,22,7002,2756
953,23,7232,2872
953,24,7424,3030
953,25,7544,3126
953,26,7642,3194
953,27,7740,3244
953,28,7802,3302
953,29,7814,3330
954,-1,5268,1338
954,0,20,42
954,1,66,116
954,2,220,232
954,3,404,264
954,4,598,308
954,5,798,360
954,6,1032,416
954,7,1266,486
954,8,1650,670
954,9,2220,846
954,10,2874,882
954,11,3546,930
954,12,4056,1010
954,13,4626,1102
954,14,5206,1200
954,15,5764,1240
954,16,6290,1302
954,17,6796,1354
954,18,7198,1476
954,19,7576,1538
954,20,7978,1596
954,21,8450,1724
954,22,8920,1868
954,23,9350,1982
954,24,9712,2068
954,25,9992,2220
954,26,10212,2358
954,27,10374,2460
954,28,10488,2594
954,29,10536,2670
955,-1,21788,3750
955,0,162,186
955,1,722,326
955,2,1300,574
955,3,1852,780
955,4,2466,1048
955,5,3682,1232
955,6,5356,1524
955,7,7428,1708
955,8,9506,1824
955,9,11708,2032
955,10,14136,2334
955,11,16446,2628
955,12,18166,2846
955,13,19910,3038
955,14,21768,3274
955,15,23564,3496
955,16,25348,3648
955,17,27106,3928
955,18,28940,4106
955,19,30992,4232
955,20,32762,4494
955,21,34380,4822
955,22,36090,5158
955,23,37866,5478
955,24,39038,5828
955,25,40358,6074
955,26,41774,6506
955,27,42782,6926
955,28,43326,7200
955,29,43576,7494
956,-1,14371,2936
956,0,140,184
956,1,384,394
956,2,884,636
956,3,1434,788
956,4,2058,896
956,5,2770,1098
956,6,3724,1242
956,7,4664,1448
956,8,5606,1670
956,9,6466,2044
956,10,7744,2422
956,11,9292,2576
956,12,10804,2718
956,13,12468,2880
956,14,14106,2972
956,15,15620,3140
956,16,17114,3288
956,17,18514,3510
956,18,19836,3720
956,19,21096,3918
956,20,22470,4198
956,21,23746,4456
956,22,24894,4664
956,23,26040,4944
956,24,26860,5240
956,25,27474,5394
956,26,27960,5514
956,27,28336,5622
956,28,28582,5752
956,29,28742,5868
957,-1,5009,1322
957,0,22,34
957,1,52,76
957,2,120,112
957,3,198,144
957,4,370,254
957,5,548,390
957,6,900,606
957,7,1358,690
957,8,1788,770
957,9,2190,972
957,10,2616,1058
957,11,3120,1188
957,12,3696,1282
957,13,4294,1330
957,14,4912,1368
957,15,5590,1412
957,16,6240,1484
957,17,6742,1584
957,18,7198,1634
957,19,7758,1774
957,20,8236,1862
957,21,8640,2002
957,22,8978,2122
957,23,9282,2222
957,24,9520,2320
957,25,9666,2374
957,26,9762,2482
957,27,9878,2536
957,28,9986,2582
957,29,10018,2640
958,-1,42037,7504
958,0,492,280
958,1,2008,656
958,2,3378,938
958,3,4340,1284
958,4,5030,1638
958,5,6390,2040
958,6,8086,2334
958,7,9746,2994
958,8,13658,3624
958,9,18038,4180
958,10,23380,4828
958,11,29806,5534
958,12,36578,6166
958,13,42964,6676
958,14,48880,7348
958,15,54098,7862
958,16,57940,8464
958,17,60586,9120
958,18,62760,9738
958,19,65592,10366
958,20,68414,10902
958,21,72184,11612
958,22,74628,12292
958,23,76520,12776
958,24,78332,13272
958,25,80270,13688
958,26,81588,14326
958,27,82694,14606
958,28,83606,14784
958,29,84074,15004
959,-1,4155,1092
959,0,30,36
959,1,118,120
959,2,258,166
959,3,390,212
959,4,536,256
959,5,628,322
959,6,718,424
959,7,836,506
959,8,1038,600
959,9,1326,702
959,10,1646,802
959,11,2018,870
959,12,2458,942
959,13,2928,974
959,14,3376,1040
959,15,3854,1112
959,16,4324,1178
959,17,4746,1256
959,18,5150,1302
959,19,5558,1338
959,20,5988,1438
959,21,6410,1510
959,22,6818,1530
959,23,7244,1634
959,24,7632,1726
959,25,7918,1832
959,26,8100,1980
959,27,8200,2034
959,28,8268,2102
959,29,8310,2180
960,-1,3294,948
960,0,38,46
960,1,138,112
960,2,302,202
960,3,518,298
960,4,788,406
960,5,1080,456
960,6,1370,484
960,7,1692,528
960,8,2040,596
960,9,2400,658
960,10,2690,764
960,11,2946,820
960,12,3284,882
960,13,3678,920
960,14,3978,974
960,15,4284,1090
960,16,4486,1262
960,17,4712,1356
960,18,4982,1416
960,19,5214,1458
960,20,5440,1522
960,21,5670,1568
960,22,5908,1594
960,23,6094,1668
960,24,6230,1714
960,25,6360,1738
960,26,6470,1778
960,27,6538,1806
960,28,6568,1852
960,29,6588,1894
961,-1,3470,970
961,0,12,24
961,1,24,44
961,2,66,68
961,3,108,92
961,4,170,114
961,5,308,182
961,6,542,276
961,7,862,380
961,8,1228,440
961,9,1614,488
961,10,1970,522
961,11,2290,556
961,12,2616,604
961,13,2980,650
961,14,3352,680
961,15,3748,722
961,16,4148,756
961,17,4494,810
961,18,4770,874
961,19,5078,976
961,20,5402,1124
961,21,5640,1280
961,22,5870,1458
961,23,6120,1550
961,24,6354,1632
961,25,6590,1702
961,26,6734,1770
961,27,6852,1828
961,28,6916,1896
961,29,6940,1934
962,-1,6405,1752
962,0,84,98
962,1,516,372
962,2,1320,582
962,3,2176,722
962,4,2834,832
962,5,3316,976
962,6,3674,1026
962,7,3990,1094
962,8,4158,1252
962,9,4482,1380
962,10,4704,1462
962,11,4980,1540
962,12,5280,1594
962,13,5612,1718
962,14,6056,1874
962,15,6596,1956
962,16,7124,2062
962,17,7586,2126
962,18,8030,2216
962,19,8536,2356
962,20,9094,2520
962,21,9716,2666
962,22,10284,2804
962,23,10866,2880
962,24,11462,2944
962,25,11984,3082
962,26,12396,3170
962,27,12696,3364
962,28,12774,3462
962,29,12810,3502
963,-1,4955,1142
963,0,56,58
963,1,264,164
963,2,548,252
963,3,858,372
963,4,1230,492
963,5,1700,634
963,6,2260,670
963,7,2858,698
963,8,3464,736
963,9,3994,794
963,10,4572,854
963,11,5198,908
963,12,5776,982
963,13,6218,1046
963,14,6600,1074
963,15,6956,1144
963,16,7244,1198
963,17,7586,1274
963,18,7960,1376
963,19,8300,1466
963,20,8564,1526
963,21,8760,1634
963,22,8962,1728
963,23,9150,1860
963,24,9304,1950
963,25,9468,1984
963,26,9650,2078
963,27,9778,2152
963,28,9868,2206
963,29,9910,2276
964,-1,3501,1176
964,0,16,34
964,1,80,98
964,2,192,138
964,3,276,206
964,4,322,240
964,5,398,294
964,6,526,362
964,7,668,384
964,8,840,430
964,9,1032,564
964,10,1350,744
964,11,1716,900
964,12,2080,998
964,13,2476,1090
964,14,2950,1200
964,15,3470,1244
964,16,4020,1286
964,17,4564,1352
964,18,4982,1448
964,19,5338,1522
964,20,5630,1620
964,21,5956,1726
964,22,6308,1858
964,23,6622,2000
964,24,6794,2102
964,25,6898,2212
964,26,6970,2294
964,27,6990,2322
964,28,6996,2336
964,29,7002,2348
965,-1,69820,6384
965,0,274,210
965,1,782,410
965,2,1378,596
965,3,1586,774
965,4,2802,1212
965,5,5056,1514
965,6,8732,1948
965,7,13424,2542
965,8,18826,3046
965,9,23930,3294
965,10,30148,3984
965,11,36846,4428
965,12,45244,5120
965,13,53550,5238
965,14,61958,5448
965,15,70756,5666
965,16,79046,6108
965,17,86882,6762
965,18,94066,7554
965,19,100874,8178
965,20,107348,8428
965,21,113536,8876
965,22,118850,9548
965,23,123088,9916
965,24,127344,10506
965,25,131886,11042
965,26,135626,11718
965,27,137968,12222
965,28,139208,12564
965,29,139640,12766
966,-1,68111,9498
966,0,656,290
966,1,1084,546
966,2,1960,1098
966,3,2966,1744
966,4,5132,2140
966,5,7366,2518
966,6,8778,3036
966,7,12002,3538
966,8,16648,4054
966,9,22484,4708
966,10,28260,5406
966,11,33108,5864
966,12,38280,6122
966,13,43718,6430
966,14,48970,6932
966,15,54316,7390
966,16,60358,7782
966,17,66260,9132
966,18,74382,10498
966,19,85776,12164
966,20,97360,13248
966,21,106052,14574
966,22,113010,15118
966,23,119718,15942
966,24,124976,16718
966,25,128976,17402
966,26,131896,17948
966,27,133862,18290
966,28,135640,18600
966,29,136222,18992
968,-1,6251,1408
968,0,22,34
968,1,176,172
968,2,426,268
968,3,726,338
968,4,1066,378
968,5,1396,410
968,6,1670,454
968,7,1942,480
968,8,2232,594
968,9,2642,706
968,10,3144,826
968,11,3696,1032
968,12,4232,1242
968,13,4872,1392
968,14,5568,1522
968,15,6276,1624
968,16,6978,1716
968,17,7684,1788
968,18,8418,1866
968,19,9170,1922
968,20,9892,2002
968,21,10552,2162
968,22,11106,2286
968,23,11538,2420
968,24,11832,2524
968,25,12032,2566
968,26,12210,2614
968,27,12376,2674
968,28,12484,2762
968,29,12502,2814
969,-1,4730,1268
969,0,68,88
969,1,210,276
969,2,448,446
969,3,738,572
969,4,1084,670
969,5,1520,828
969,6,2090,960
969,7,2712,1106
969,8,3250,1224
969,9,3734,1326
969,10,4178,1436
969,11,4474,1518
969,12,4712,1576
969,13,4966,1664
969,14,5218,1758
969,15,5460,1794
969,16,5762,1852
969,17,6076,1888
969,18,6406,1922
969,19,6746,1952
969,20,7094,1970
969,21,7440,1994
969,22,7780,2030
969,23,8124,2058
969,24,8488,2092
969,25,8798,2156
969,26,9084,2262
969,27,9338,2386
969,28,9446,2496
969,29,9460,2534
970,-1,4686,1174
970,0,34,50
970,1,78,96
970,2,142,142
970,3,346,316
970,4,760,524
970,5,1290,738
970,6,1882,882
970,7,2428,1056
970,8,2878,1204
970,9,3342,1256
970,10,3770,1280
970,11,4228,1314
970,12,4712,1348
970,13,5182,1400
970,14,5706,1444
970,15,6232,1476
970,16,6740,1528
970,17,7126,1638
970,18,7424,1732
970,19,7630,1782
970,20,7862,1826
970,21,8136,1916
970,22,8342,1950
970,23,8576,2002
970,24,8836,2048
970,25,9044,2146
970,26,9184,2212
970,27,9268,2252
970,28,9342,2296
970,29,9372,2342
971,-1,4308,1348
971,0,28,44
971,1,94,104
971,2,228,230
971,3,428,384
971,4,636,564
971,5,966,690
971,6,1406,792
971,7,1756,868
971,8,2106,956
971,9,2418,1028
971,10,2652,1110
971,11,2972,1188
971,12,3342,1336
971,13,3830,1534
971,14,4454,1604
971,15,5092,1670
971,16,5666,1752
971,17,6130,1912
971,18,6538,1986
971,19,6974,2046
971,20,7330,2154
971,21,7648,2258
971,22,7972,2358
971,23,8148,2436
971,24,8320,2506
971,25,8456,2556
971,26,8538,2602
971,27,8588,2648
971,28,8606,2676
971,29,8616,2694
972,-1,4236,964
972,0,64,64
972,1,246,104
972,2,436,188
972,3,610,266
972,4,758,362
972,5,998,432
972,6,1218,464
972,7,1534,564
972,8,1924,634
972,9,2300,704
972,10,2732,766
972,11,3166,832
972,12,3600,890
972,13,4030,930
972,14,4470,964
972,15,4878,1020
972,16,5326,1070
972,17,5802,1106
972,18,6252,1156
972,19,6672,1202
972,20,7040,1326
972,21,7312,1436
972,22,7554,1516
972,23,7768,1570
972,24,7974,1588
972,25,8114,1648
972,26,8254,1746
972,27,8378,1798
972,28,8450,1876
972,29,8472,1926
973,-1,26947,3236
973,0,712,428
973,1,2206,692
973,2,3690,792
973,3,5080,878
973,4,6370,992
973,5,7636,1190
973,6,9156,1366
973,7,10476,1522
973,8,11826,1846
973,9,14102,2330
973,10,17308,2766
973,11,20840,2908
973,12,24354,3020
973,13,27764,3246
973,14,30804,3494
973,15,33290,3684
973,16,35522,3830
973,17,37752,3934
973,18,39544,4254
973,19,40928,4556
973,20,42490,4884
973,21,44126,5078
973,22,45892,5266
973,23,47480,5426
973,24,49064,5652
973,25,50756,5824
973,26,52032,6046
973,27,52980,6152
973,28,53688,6294
973,29,53894,6468
974,-1,7764,1628
974,0,32,32
974,1,114,84
974,2,250,122
974,3,444,198
974,4,728,310
974,5,1032,462
974,6,1410,678
974,7,1944,886
974,8,2492,1120
974,9,3186,1328
974,10,3976,1498
974,11,4948,1590
974,12,5926,1632
974,13,6896,1718
974,14,7784,1810
974,15,8434,1892
974,16,9060,1974
974,17,9740,2090
974,18,10482,2170
974,19,11258,2232
974,20,12014,2262
974,21,12704,2356
974,22,13362,2452
974,23,13938,2548
974,24,14442,2618
974,25,14826,2754
974,26,15124,2902
974,27,15322,3044
974,28,15462,3154
974,29,15528,3250
975,-1,36005,6304
975,0,496,452
975,1,2074,904
975,2,4700,1464
975,3,7976,1828
975,4,11774,2412
975,5,16146,3148
975,6,21114,3474
975,7,25852,4022
975,8,30288,4334
975,9,34044,4916
975,10,37802,5398
975,11,41352,5744
975,12,44752,6124
975,13,47778,6840
975,14,50786,7702
975,15,53660,8128
975,16,56078,8742
975,17,57686,8972
975,18,59054,9172
975,19,60778,9784
975,20,63040,10188
975,21,65400,10452
975,22,67362,10828
975,23,68664,11100
975,24,69648,11320
975,25,70478,11580
975,26,71112,11934
975,27,71610,12260
975,28,71860,12484
975,29,72010,12606
976,-1,3677,964
976,0,20,32
976,1,80,78
976,2,174,122
976,3,288,192
976,4,426,268
976,5,624,386
976,6,830,514
976,7,1076,624
976,8,1384,668
976,9,1662,692
976,10,1874,762
976,11,2046,836
976,12,2218,894
976,13,2452,962
976,14,2774,1026
976,15,3106,1090
976,16,3510,1170
976,17,3922,1234
976,18,4354,1266
976,19,4802,1304
976,20,5246,1324
976,21,5662,1376
976,22,6006,1428
976,23,6292,1512
976,24,6576,1572
976,25,6804,1650
976,26,6974,1718
976,27,7154,1798
976,28,7296,1858
976,29,7354,1924
977,-1,16205,3484
977,0,140,124
977,1,512,308
977,2,1260,576
977,3,2392,964
977,4,4020,1408
977,5,6092,2132
977,6,8688,2722
977,7,11246,2834
977,8,14076,3008
977,9,16938,3186
977,10,19374,3496
977,11,21414,3772
977,12,23130,3988
977,13,24662,4216
977,14,26014,4412
977,15,27256,4690
977,16,27992,4910
977,17,28398,5210
977,18,28588,5352
977,19,28710,5460
977,20,28916,5668
977,21,29262,5786
977,22,29618,5868
977,23,29988,5958
977,24,30456,6140
977,25,30938,6396
977,26,31552,6594
977,27,32064,6710
977,28,32358,6900
977,29,32410,6966
978,-1,6924,1880
978,0,82,106
978,1,298,264
978,2,580,482
978,3,990,730
978,4,1612,970
978,5,2168,1158
978,6,2618,1314
978,7,3180,1550
978,8,3896,1726
978,9,4574,2020
978,10,5232,2260
978,11,6004,2376
978,12,6824,2446
978,13,7632,2508
978,14,8258,2556
978,15,8890,2622
978,16,9500,2686
978,17,10006,2820
978,18,10454,2878
978,19,10932,2926
978,20,11410,2970
978,21,11862,3026
978,22,12284,3086
978,23,12732,3136
978,24,13106,3234
978,25,13402,3368
978,26,13632,3512
978,27,13794,3666
978,28,13836,3732
978,29,13848,3758
979,-1,5015,1184
979,0,42,42
979,1,102,130
979,2,204,232
979,3,314,346
979,4,622,466
979,5,1024,576
979,6,1584,764
979,7,2108,844
979,8,2646,910
979,9,3188,960
979,10,3708,996
979,11,4164,1080
979,12,4560,1130
979,13,4920,1158
979,14,5232,1194
979,15,5508,1224
979,16,5838,1310
979,17,6152,1424
979,18,6570,1514
979,19,7050,1556
979,20,7534,1602
979,21,7968,1642
979,22,8370,1740
979,23,8692,1808
979,24,9016,1908
979,25,9368,1998
979,26,9690,2094
979,27,9918,2238
979,28,9992,2324
979,29,10030,2366
980,-1,10107,2718
980,0,172,154
980,1,702,388
980,2,1470,526
980,3,2012,740
980,4,2390,870
980,5,2816,962
980,6,3588,1228
980,7,4660,1462
980,8,5894,1736
980,9,7288,1878
980,10,8736,2006
980,11,10218,2148
980,12,11352,2380
980,13,12474,2758
980,14,13662,3094
980,15,14658,3382
980,16,15484,3662
980,17,16166,3872
980,18,16658,4024
980,19,17020,4106
980,20,17214,4184
980,21,17426,4256
980,22,17660,4322
980,23,17874,4380
980,24,18110,4474
980,25,18408,4634
980,26,18938,4832
980,27,19508,4978
980,28,20016,5162
980,29,20214,5430
981,-1,3452,1304
981,0,42,42
981,1,158,114
981,2,314,194
981,3,482,364
981,4,706,464
981,5,964,516
981,6,1168,584
981,7,1318,654
981,8,1496,704
981,9,1650,754
981,10,1816,822
981,11,2024,936
981,12,2240,1026
981,13,2498,1154
981,14,2806,1316
981,15,3166,1442
981,16,3572,1522
981,17,4028,1644
981,18,4484,1712
981,19,4872,1852
981,20,5206,1982
981,21,5552,2056
981,22,5824,2156
981,23,6034,2206
981,24,6226,2272
981,25,6436,2360
981,26,6614,2444
981,27,6774,2470
981,28,6888,2562
981,29,6904,2606
982,-1,6622,1998
982,0,28,34
982,1,96,100
982,2,174,176
982,3,254,250
982,4,372,326
982,5,498,396
982,6,686,472
982,7,926,524
982,8,1276,604
982,9,1792,802
982,10,2286,962
982,11,2666,1084
982,12,3030,1136
982,13,3442,1246
982,14,3996,1356
982,15,4772,1488
982,16,5618,1560
982,17,6572,1746
982,18,7588,2072
982,19,8340,2340
982,20,8934,2684
982,21,9406,2968
982,22,9858,3172
982,23,10342,3322
982,24,10936,3422
982,25,11594,3482
982,26,12260,3578
982,27,12850,3680
982,28,13164,3866
982,29,13244,3992
983,-1,5218,1214
983,0,98,106
983,1,368,198
983,2,710,284
983,3,1154,380
983,4,1654,436
983,5,2202,482
983,6,2700,526
983,7,3142,598
983,8,3612,622
983,9,4166,754
983,10,4838,902
983,11,5354,1000
983,12,5840,1040
983,13,6320,1074
983,14,6788,1094
983,15,7250,1132
983,16,7734,1198
983,17,8184,1292
983,18,8648,1380
983,19,9022,1514
983,20,9310,1674
983,21,9554,1842
983,22,9860,1938
983,23,10072,2040
983,24,10188,2150
983,25,10268,2208
983,26,10310,2256
983,27,10332,2298
983,28,10404,2354
983,29,10436,2426
984,-1,39886,6144
984,0,174,178
984,1,614,402
984,2,1458,790
984,3,2390,1448
984,4,3728,1844
984,5,5512,2016
984,6,7576,2498
984,7,10506,2798
984,8,13640,3192
984,9,16578,3666
984,10,19042,4030
984,11,21186,4398
984,12,23356,4538
984,13,25694,4826
984,14,28504,5548
984,15,32894,6038
984,16,37240,6668
984,17,41906,7292
984,18,47762,8096
984,19,54078,8504
984,20,59804,8936
984,21,64488,9272
984,22,69358,9652
984,23,73472,10534
984,24,76176,11046
984,25,77534,11412
984,26,78354,11676
984,27,79214,11932
984,28,79600,12072
984,29,79772,12284
985,-1,5601,1186
985,0,46,50
985,1,118,90
985,2,194,140
985,3,258,224
985,4,422,364
985,5,732,478
985,6,1002,550
985,7,1290,636
985,8,1668,786
985,9,2156,918
985,10,2742,1046
985,11,3410,1098
985,12,4086,1130
985,13,4730,1222
985,14,5314,1290
985,15,5878,1318
985,16,6476,1362
985,17,7036,1410
985,18,7580,1438
985,19,8104,1472
985,20,8634,1494
985,21,9148,1526
985,22,9662,1586
985,23,10096,1744
985,24,10474,1912
985,25,10802,2046
985,26,11010,2202
985,27,11110,2290
985,28,11174,2320
985,29,11202,2370
986,-1,5391,1678
986,0,24,48
986,1,104,152
986,2,402,290
986,3,794,396
986,4,1158,476
986,5,1476,658
986,6,1798,778
986,7,2274,924
986,8,2860,1030
986,9,3470,1120
986,10,4044,1180
986,11,4558,1218
986,12,5044,1264
986,13,5510,1334
986,14,5954,1442
986,15,6458,1588
986,16,7052,1692
986,17,7692,1828
986,18,8252,1996
986,19,8736,2078
986,20,9302,2286
986,21,9754,2468
986,22,10026,2636
986,23,10246,2776
986,24,10410,2924
986,25,10544,3076
986,26,10648,3174
986,27,10720,3264
986,28,10764,3320
986,29,10782,3354
987,-1,4904,1506
987,0,100,106
987,1,324,214
987,2,674,364
987,3,1080,436
987,4,1524,548
987,5,2134,622
987,6,2626,768
987,7,2958,886
987,8,3258,976
987,9,3526,1062
987,10,3822,1154
987,11,4142,1224
987,12,4472,1330
987,13,4744,1490
987,14,5114,1662
987,15,5504,1830
987,16,5944,1982
987,17,6454,2066
987,18,7002,2154
987,19,7518,2240
987,20,7944,2352
987,21,8352,2456
987,22,8722,2556
987,23,9068,2624
987,24,9308,2724
987,25,9476,2810
987,26,9596,2884
987,27,9700,2936
987,28,9772,2974
987,29,9808,3006
988,-1,324456,19992
988,0,3396,956
988,1,9006,2254
988,2,23964,4586
988,3,45484,7190
988,4,69908,8884
988,5,98320,10838
988,6,129870,11994
988,7,163606,12700
988,8,197888,13308
988,9,229720,14476
988,10,258308,15076
988,11,287202,15488
988,12,315932,17136
988,13,339594,18806
988,14,362150,19628
988,15,387116,20382
988,16,415098,21224
988,17,443052,21872
988,18,473052,23428
988,19,510650,24714
988,20,547204,26842
988,21,579846,29002
988,22,605748,31450
988,23,625922,34336
988,24,632312,36960
988,25,633936,37600
988,26,636494,38022
988,27,641522,38436
988,28,646722,39144
988,29,648912,39982
989,-1,5622,1588
989,0,60,56
989,1,258,208
989,2,562,438
989,3,1064,706
989,4,1574,924
989,5,2116,1056
989,6,2702,1118
989,7,3174,1224
989,8,3548,1268
989,9,3944,1298
989,10,4320,1392
989,11,4676,1480
989,12,5052,1536
989,13,5462,1594
989,14,5790,1662
989,15,6102,1718
989,16,6444,1780
989,17,6826,1882
989,18,7280,2004
989,19,7830,2120
989,20,8410,2192
989,21,8998,2246
989,22,9596,2288
989,23,10156,2428
989,24,10642,2596
989,25,10966,2836
989,26,11134,2992
989,27,11220,3116
989,28,11236,3158
989,29,11244,3174
990,-1,20074,4722
990,0,364,254
990,1,868,482
990,2,1598,706
990,3,2778,894
990,4,3906,1020
990,5,4996,1292
990,6,5454,1678
990,7,5988,1906
990,8,6574,2006
990,9,7110,2250
990,10,8140,2572
990,11,9716,2866
990,12,11756,3156
990,13,13858,3528
990,14,16402,3968
990,15,18938,4418
990,16,20910,4886
990,17,22390,5256
990,18,24552,5754
990,19,27056,6060
990,20,29582,6766
990,21,31982,7420
990,22,34228,7804
990,23,36322,8110
990,24,37514,8342
990,25,38394,8410
990,26,39138,8586
990,27,39578,8852
990,28,39894,9154
990,29,40148,9436
991,-1,6271,1398
991,0,40,42
991,1,112,82
991,2,246,150
991,3,486,282
991,4,842,418
991,5,1336,546
991,6,1878,648
991,7,2420,746
991,8,2950,892
991,9,3506,1018
991,10,4078,1114
991,11,4668,1216
991,12,5318,1362
991,13,6012,1432
991,14,6730,1540
991,15,7464,1642
991,16,8168,1712
991,17,8844,1786
991,18,9462,1888
991,19,10022,1958
991,20,10496,2072
991,21,10900,2130
991,22,11258,2182
991,23,11582,2224
991,24,11884,2316
991,25,12126,2400
991,26,12318,2492
991,27,12440,2628
991,28,12532,2760
991,29,12542,2794
992,-1,18250,2470
992,0,90,104
992,1,304,244
992,2,628,412
992,3,1184,590
992,4,2034,818
992,5,3178,1186
992,6,4572,1608
992,7,6404,1918
992,8,8460,2154
992,9,10668,2246
992,10,12990,2334
992,11,15440,2414
992,12,17798,2504
992,13,20084,2668
992,14,22158,2908
992,15,24020,3122
992,16,25696,3204
992,17,27372,3280
992,18,28954,3384
992,19,30352,3506
992,20,31690,3614
992,21,32946,3790
992,22,34146,3988
992,23,35144,4194
992,24,35824,4410
992,25,36198,4632
992,26,36314,4708
992,27,36360,4764
992,28,36440,4854
992,29,36500,4936
993,-1,3067,814
993,0,44,62
993,1,174,134
993,2,318,234
993,3,564,326
993,4,834,466
993,5,1090,546
993,6,1358,586
993,7,1588,632
993,8,1846,682
993,9,2122,734
993,10,2460,788
993,11,2820,840
993,12,3226,900
993,13,3608,942
993,14,3938,996
993,15,4160,1054
993,16,4338,1078
993,17,4524,1120
993,18,4684,1158
993,19,4852,1182
993,20,5046,1214
993,21,5222,1238
993,22,5358,1272
993,23,5462,1302
993,24,5580,1330
993,25,5736,1364
993,26,5908,1410
993,27,6040,1482
993,28,6108,1564
993,29,6134,1626
994,-1,3255,1294
994,0,54,68
994,1,156,132
994,2,258,182
994,3,402,250
994,4,578,384
994,5,820,518
994,6,1106,578
994,7,1372,690
994,8,1680,828
994,9,1994,1008
994,10,2298,1124
994,11,2640,1230
994,12,3004,1274
994,13,3338,1360
994,14,3622,1462
994,15,3868,1592
994,16,4134,1678
994,17,4452,1750
994,18,4690,1822
994,19,4956,1892
994,20,5196,1956
994,21,5428,2008
994,22,5674,2054
994,23,5892,2144
994,24,6080,2198
994,25,6260,2274
994,26,6390,2380
994,27,6456,2478
994,28,6496,2542
994,29,6510,2586
995,-1,3142,1348
995,0,10,22
995,1,46,52
995,2,172,158
995,3,374,260
995,4,464,378
995,5,562,494
995,6,722,560
995,7,896,664
995,8,1074,710
995,9,1310,790
995,10,1656,912
995,11,2058,998
995,12,2474,1068
995,13,2892,1168
995,14,3290,1264
995,15,3716,1314
995,16,4124,1378
995,17,4480,1500
995,18,4810,1698
995,19,5024,1872
995,20,5218,2006
995,21,5436,2098
995,22,5646,2198
995,23,5806,2284
995,24,5914,2388
995,25,5990,2474
995,26,6092,2526
995,27,6192,2596
995,28,6260,2654
995,29,6284,2694
996,-1,9965,2264
996,0,68,60
996,1,192,160
996,2,360,246
996,3,522,302
996,4,818,386
996,5,1310,484
996,6,1922,608
996,7,2714,910
996,8,3838,1232
996,9,5134,1432
996,10,6538,1618
996,11,7636,1860
996,12,8608,1946
996,13,9568,2114
996,14,10514,2258
996,15,11558,2370
996,16,12764,2494
996,17,13948,2582
996,18,14994,2774
996,19,15682,3048
996,20,16218,3218
996,21,16748,3396
996,22,17328,3474
996,23,17916,3560
996,24,18490,3744
996,25,18976,3980
996,26,19470,4176
996,27,19802,4352
996,28,19892,4466
996,29,19930,4526
997,-1,5313,1554
997,0,50,62
997,1,310,232
997,2,774,326
997,3,1242,410
997,4,1682,504
997,5,1944,582
997,6,2258,626
997,7,2510,680
997,8,2700,810
997,9,2810,854
997,10,2914,912
997,11,3078,992
997,12,3312,1062
997,13,3696,1162
997,14,4166,1250
997,15,4714,1476
997,16,5356,1692
997,17,6120,1884
997,18,6748,2076
997,19,7262,2182
997,20,7748,2306
997,21,8200,2436
997,22,8656,2550
997,23,9058,2646
997,24,9504,2682
997,25,9918,2730
997,26,10228,2824
997,27,10432,2914
997,28,10570,3006
997,29,10626,3104
998,-1,40617,4786
998,0,260,240
998,1,1156,718
998,2,2590,1142
998,3,4936,1606
998,4,8132,2382
998,5,12186,2990
998,6,16504,3650
998,7,21172,4190
998,8,25758,4484
998,9,30276,4612
998,10,34628,4778
998,11,38624,5090
998,12,42214,5378
998,13,45374,5772
998,14,48694,5948
998,15,52328,6092
998,16,56044,6436
998,17,59142,6848
998,18,62254,7038
998,19,65548,7164
998,20,68626,7338
998,21,71442,7556
998,22,73844,7836
998,23,75978,8066
998,24,77860,8400
998,25,79318,8792
998,26,80140,9056
998,27,80686,9256
998,28,81060,9462
998,29,81234,9560
999,-1,3323,814
999,0,38,46
999,1,128,88
999,2,266,154
999,3,388,226
999,4,562,326
999,5,794,352
999,6,990,390
999,7,1200,440
999,8,1438,486
999,9,1652,532
999,10,1828,560
999,11,2028,606
999,12,2310,686
999,13,2610,770
999,14,2910,838
999,15,3246,898
999,16,3596,934
999,17,3948,950
999,18,4288,976
999,19,4608,1024
999,20,4940,1082
999,21,5234,1126
999,22,5518,1156
999,23,5830,1184
999,24,6112,1252
999,25,6362,1352
999,26,6512,1448
999,27,6602,1548
999,28,6628,1596
999,29,6646,1620
1000,-1,27180,5052
1000,0,176,126
1000,1,510,406
1000,2,1112,694
1000,3,2098,880
1000,4,2948,1064
1000,5,3640,1396
1000,6,5148,1950
1000,7,7994,2340
1000,8,11402,2580
1000,9,15178,2896
1000,10,19348,3164
1000,11,23776,3296
1000,12,28134,3570
1000,13,32280,3938
1000,14,35732,4266
1000,15,38488,4814
1000,16,41472,5350
1000,17,44188,5986
1000,18,46226,6548
1000,19,47998,7194
1000,20,49166,7678
1000,21,50196,8090
1000,22,51020,8628
1000,23,51698,8898
1000,24,52010,9032
1000,25,52498,9140
1000,26,52938,9326
1000,27,53394,9626
1000,28,54072,9932
1000,29,54360,10100
1001,-1,260935,21474
1001,0,996,514
1001,1,4424,1780
1001,2,12518,3626
1001,3,22824,4804
1001,4,33928,6062
1001,5,45944,8258
1001,6,63452,10704
1001,7,87518,12874
1001,8,114376,13700
1001,9,143930,14686
1001,10,174852,16360
1001,11,202314,17678
1001,12,229626,19410
1001,13,256352,21172
1001,14,283932,22484
1001,15,312596,23992
1001,16,340036,26122
1001,17,365910,27832
1001,18,389854,29508
1001,19,412586,30976
1001,20,432928,32336
1001,21,450534,33300
1001,22,465884,34596
1001,23,480130,35894
1001,24,493088,37284
1001,25,503894,38778
1001,26,511978,40556
1001,27,517112,41434
1001,28,520864,42360
1001,29,521870,42942
1002,-1,4336,1214
1002,0,40,50
1002,1,154,104
1002,2,410,224
1002,3,782,348
1002,4,1056,404
1002,5,1284,526
1002,6,1512,598
1002,7,1778,662
1002,8,2080,724
1002,9,2434,798
1002,10,2786,918
1002,11,3046,1030
1002,12,3308,1162
1002,13,3620,1268
1002,14,3854,1374
1002,15,4140,1480
1002,16,4440,1552
1002,17,4782,1596
1002,18,5140,1650
1002,19,5436,1692
1002,20,5812,1768
1002,21,6288,1814
1002,22,6744,1854
1002,23,7158,1896
1002,24,7554,1982
1002,25,7898,2070
1002,26,8250,2156
1002,27,8500,2280
1002,28,8652,2378
1002,29,8672,2420
1003,-1,5974,1018
1003,0,30,34
1003,1,150,106
1003,2,344,158
1003,3,552,220
1003,4,770,318
1003,5,1080,422
1003,6,1522,478
1003,7,2008,510
1003,8,2524,558
1003,9,3144,694
1003,10,3912,786
1003,11,4714,864
1003,12,5454,960
1003,13,6148,1010
1003,14,6834,1068
1003,15,7504,1106
1003,16,8180,1150
1003,17,8774,1228
1003,18,9334,1306
1003,19,9826,1398
1003,20,10166,1490
1003,21,10488,1578
1003,22,10840,1646
1003,23,11166,1736
1003,24,11418,1794
1003,25,11644,1844
1003,26,11808,1922
1003,27,11886,1972
1003,28,11930,2008
1003,29,11948,2034
1004,-1,5709,1854
1004,0,114,122
1004,1,362,230
1004,2,616,372
1004,3,1040,608
1004,4,1362,654
1004,5,1602,734
1004,6,1896,796
1004,7,2358,944
1004,8,2872,1068
1004,9,3262,1290
1004,10,3720,1492
1004,11,4250,1664
1004,12,4788,1842
1004,13,5304,1974
1004,14,5816,2120
1004,15,6282,2238
1004,16,6736,2348
1004,17,7178,2410
1004,18,7704,2506
1004,19,8462,2638
1004,20,9254,2696
1004,21,9954,2868
1004,22,10482,3034
1004,23,10682,3216
1004,24,10768,3322
1004,25,10868,3386
1004,26,11090,3466
1004,27,11296,3584
1004,28,11388,3666
1004,29,11418,3706
1005,-1,3332,794
1005,0,26,48
1005,1,92,126
1005,2,204,184
1005,3,316,238
1005,4,478,294
1005,5,668,358
1005,6,904,424
1005,7,1186,452
1005,8,1490,492
1005,9,1854,546
1005,10,2200,598
1005,11,2536,624
1005,12,2864,664
1005,13,3206,724
1005,14,3582,810
1005,15,3922,898
1005,16,4284,990
1005,17,4700,1034
1005,18,5118,1068
1005,19,5524,1112
1005,20,5870,1210
1005,21,6116,1296
1005,22,6324,1358
1005,23,6438,1416
1005,24,6520,1466
1005,25,6568,1498
1005,26,6602,1514
1005,27,6632,1526
1005,28,6654,1562
1005,29,6664,1586
1006,-1,20959,3850
1006,0,88,106
1006,1,708,532
1006,2,1900,1026
1006,3,3582,1496
1006,4,5222,1718
1006,5,6816,1966
1006,6,8560,2250
1006,7,10384,2564
1006,8,11952,2932
1006,9,13704,3272
1006,10,16008,3524
1006,11,18016,3930
1006,12,19770,4392
1006,13,21656,4620
1006,14,23662,4900
1006,15,25510,5174
1006,16,27348,5382
1006,17,29144,5590
1006,18,31024,5832
1006,19,32928,5942
1006,20,34756,6184
1006,21,36092,6638
1006,22,37156,6920
1006,23,38094,7016
1006,24,39064,7104
1006,25,40076,7206
1006,26,41012,7340
1006,27,41650,7520
1006,28,41866,7640
1006,29,41918,7698
1007,-1,11232,2662
1007,0,120,132
1007,1,288,188
1007,2,510,304
1007,3,948,622
1007,4,1608,888
1007,5,2470,1136
1007,6,3416,1388
1007,7,4146,1764
1007,8,4700,2058
1007,9,5582,2578
1007,10,6692,2872
1007,11,7772,3054
1007,12,8818,3362
1007,13,9862,3658
1007,14,10926,3788
1007,15,11956,3864
1007,16,13020,3950
1007,17,14142,4048
1007,18,15222,4112
1007,19,16294,4196
1007,20,17310,4240
1007,21,18144,4348
1007,22,18958,4448
1007,23,19768,4570
1007,24,20562,4678
1007,25,21178,4844
1007,26,21646,5000
1007,27,22036,5098
1007,28,22344,5170
1007,29,22464,5320
1008,-1,18233,4624
1008,0,94,104
1008,1,398,346
1008,2,790,650
1008,3,1502,892
1008,4,2386,1096
1008,5,3414,1318
1008,6,4584,1490
1008,7,5912,1750
1008,8,7468,1840
1008,9,8750,2212
1008,10,9854,2696
1008,11,11030,3184
1008,12,12560,3804
1008,13,14220,4328
1008,14,15816,4812
1008,15,17880,5126
1008,16,20208,5378
1008,17,22414,5782
1008,18,24368,6240
1008,19,26218,6520
1008,20,27850,6678
1008,21,29668,6968
1008,22,31496,7238
1008,23,33134,7618
1008,24,34356,8128
1008,25,35090,8620
1008,26,35652,8888
1008,27,36074,9000
1008,28,36332,9114
1008,29,36466,9246
1009,-1,6181,1018
1009,0,54,62
1009,1,200,152
1009,2,394,214
1009,3,672,302
1009,4,980,408
1009,5,1294,476
1009,6,1604,514
1009,7,1904,558
1009,8,2248,626
1009,9,2662,678
1009,10,3208,728
1009,11,3814,788
1009,12,4526,854
1009,13,5322,914
1009,14,5878,984
1009,15,6432,1066
1009,16,7000,1086
1009,17,7578,1138
1009,18,8190,1174
1009,19,8766,1220
1009,20,9334,1264
1009,21,9900,1286
1009,22,10458,1310
1009,23,11034,1382
1009,24,11546,1520
1009,25,11916,1678
1009,26,12130,1842
1009,27,12266,1946
1009,28,12344,2002
1009,29,12362,2034
1010,-1,3987,1114
1010,0,14,28
1010,1,34,54
1010,2,114,168
1010,3,328,274
1010,4,604,388
1010,5,974,504
1010,6,1448,596
1010,7,1922,636
1010,8,2428,686
1010,9,2956,772
1010,10,3514,876
1010,11,4072,1018
1010,12,4644,1112
1010,13,5190,1210
1010,14,5698,1330
1010,15,5982,1386
1010,16,6254,1450
1010,17,6504,1512
1010,18,6746,1560
1010,19,6982,1648
1010,20,7170,1760
1010,21,7374,1834
1010,22,7556,1928
1010,23,7690,1996
1010,24,7794,2056
1010,25,7882,2094
1010,26,7934,2150
1010,27,7958,2190
1010,28,7968,2214
1010,29,7974,2226
1011,-1,3574,1026
1011,0,12,20
1011,1,50,62
1011,2,146,138
1011,3,290,272
1011,4,526,402
1011,5,824,566
1011,6,1104,712
1011,7,1370,834
1011,8,1640,932
1011,9,1926,950
1011,10,2200,972
1011,11,2484,1040
1011,12,2864,1156
1011,13,3228,1224
1011,14,3524,1288
1011,15,3810,1338
1011,16,4066,1362
1011,17,4346,1404
1011,18,4658,1480
1011,19,4950,1540
1011,20,5264,1570
1011,21,5590,1604
1011,22,5914,1620
1011,23,6200,1652
1011,24,6478,1692
1011,25,6732,1742
1011,26,6938,1808
1011,27,7062,1906
1011,28,7136,2012
1011,29,7148,2046
1012,-1,16520,3148
1012,0,154,130
1012,1,502,316
1012,2,1350,520
1012,3,2442,598
1012,4,3616,690
1012,5,4858,760
1012,6,6174,1124
1012,7,7710,1444
1012,8,9342,1614
1012,9,10978,1746
1012,10,12674,2024
1012,11,14274,2310
1012,12,15804,2502
1012,13,17732,2790
1012,14,19642,3010
1012,15,21368,3278
1012,16,22900,3450
1012,17,24318,3754
1012,18,25858,3960
1012,19,27078,4322
1012,20,28050,4572
1012,21,28738,4850
1012,22,29464,5150
1012,23,30198,5410
1012,24,30728,5486
1012,25,31358,5700
1012,26,32134,5854
1012,27,32794,6032
1012,28,32966,6188
1012,29,33040,6288
1013,-1,4037,1296
1013,0,28,36
1013,1,78,84
1013,2,152,178
1013,3,284,264
1013,4,444,362
1013,5,626,488
1013,6,916,632
1013,7,1292,760
1013,8,1610,978
1013,9,1918,1118
1013,10,2240,1234
1013,11,2610,1312
1013,12,3012,1384
1013,13,3410,1434
1013,14,3724,1518
1013,15,3972,1566
1013,16,4264,1630
1013,17,4558,1684
1013,18,4806,1736
1013,19,5060,1822
1013,20,5416,1930
1013,21,5868,1964
1013,22,6310,1986
1013,23,6768,2034
1013,24,7162,2128
1013,25,7494,2260
1013,26,7720,2354
1013,27,7886,2434
1013,28,8028,2488
1013,29,8074,2590
1014,-1,3307,892
1014,0,18,34
1014,1,54,54
1014,2,118,108
1014,3,256,188
1014,4,472,288
1014,5,758,336
1014,6,1094,398
1014,7,1498,456
1014,8,1930,506
1014,9,2342,540
1014,10,2766,574
1014,11,3162,636
1014,12,3548,682
1014,13,3962,784
1014,14,4378,906
1014,15,4710,1068
1014,16,4956,1154
1014,17,5154,1186
1014,18,5338,1214
1014,19,5546,1274
1014,20,5764,1336
1014,21,5976,1416
1014,22,6158,1482
1014,23,6304,1534
1014,24,6424,1568
1014,25,6508,1634
1014,26,6552,1682
1014,27,6586,1728
1014,28,6606,1764
1014,29,6614,1780
1015,-1,8665,1674
1015,0,96,84
1015,1,256,200
1015,2,594,350
1015,3,1054,464
1015,4,1658,568
1015,5,2256,626
1015,6,2828,718
1015,7,3562,916
1015,8,4208,1018
1015,9,4808,1158
1015,10,5340,1302
1015,11,5998,1408
1015,12,6782,1576
1015,13,7624,1772
1015,14,8578,1820
1015,15,9512,1852
1015,16,10380,1912
1015,17,11250,2014
1015,18,12118,2126
1015,19,13032,2232
1015,20,13922,2316
1015,21,14806,2388
1015,22,15682,2530
1015,23,16312,2678
1015,24,16740,2862
1015,25,16972,3036
1015,26,17084,3174
1015,27,17206,3238
1015,28,17296,3304
1015,29,17330,3342
1016,-1,6535,1648
1016,0,26,54
1016,1,124,140
1016,2,310,204
1016,3,624,272
1016,4,1008,380
1016,5,1482,494
1016,6,2036,620
1016,7,2714,726
1016,8,3396,812
1016,9,4204,914
1016,10,5036,960
1016,11,5856,1028
1016,12,6598,1092
1016,13,7266,1272
1016,14,7752,1394
1016,15,8236,1552
1016,16,8748,1662
1016,17,9226,1788
1016,18,9740,1908
1016,19,10260,2004
1016,20,10780,2110
1016,21,11326,2246
1016,22,11902,2426
1016,23,12370,2672
1016,24,12658,2924
1016,25,12772,3086
1016,26,12888,3150
1016,27,12976,3198
1016,28,13026,3224
1016,29,13070,3292
1017,-1,3511,930
1017,0,30,38
1017,1,82,82
1017,2,150,110
1017,3,232,138
1017,4,332,182
1017,5,478,244
1017,6,650,316
1017,7,854,386
1017,8,1082,466
1017,9,1358,544
1017,10,1676,598
1017,11,1978,668
1017,12,2286,776
1017,13,2606,852
1017,14,2938,920
1017,15,3280,966
1017,16,3656,1006
1017,17,4026,1038
1017,18,4396,1068
1017,19,4762,1098
1017,20,5108,1132
1017,21,5454,1156
1017,22,5778,1210
1017,23,6064,1264
1017,24,6316,1340
1017,25,6562,1436
1017,26,6798,1562
1017,27,6946,1720
1017,28,7006,1820
1017,29,7022,1852
1018,-1,3614,1032
1018,0,38,38
1018,1,148,142
1018,2,372,304
1018,3,604,420
1018,4,886,620
1018,5,1288,810
1018,6,1700,884
1018,7,2062,956
1018,8,2342,1022
1018,9,2612,1068
1018,10,2924,1140
1018,11,3260,1192
1018,12,3562,1242
1018,13,3820,1278
1018,14,4126,1336
1018,15,4442,1372
1018,16,4782,1472
1018,17,5186,1544
1018,18,5598,1618
1018,19,5920,1680
1018,20,6202,1732
1018,21,6404,1794
1018,22,6588,1820
1018,23,6798,1856
1018,24,6966,1898
1018,25,7088,1930
1018,26,7166,1970
1018,27,7198,2008
1018,28,7210,2030
1018,29,7228,2062
1019,-1,3227,838
1019,0,44,52
1019,1,194,192
1019,2,486,326
1019,3,842,356
1019,4,1170,392
1019,5,1474,438
1019,6,1702,488
1019,7,1948,542
1019,8,2220,616
1019,9,2522,676
1019,10,2782,728
1019,11,3008,758
1019,12,3240,812
1019,13,3470,830
1019,14,3716,846
1019,15,3956,898
1019,16,4182,958
1019,17,4384,1024
1019,18,4550,1064
1019,19,4712,1080
1019,20,4880,1118
1019,21,5072,1154
1019,22,5286,1202
1019,23,5516,1252
1019,24,5766,1350
1019,25,5980,1446
1019,26,6182,1498
1019,27,6358,1544
1019,28,6436,1650
1019,29,6454,1672
1020,-1,6844,1450
1020,0,32,30
1020,1,164,94
1020,2,412,190
1020,3,636,302
1020,4,902,470
1020,5,1216,596
1020,6,1694,746
1020,7,2300,876
1020,8,3054,1084
1020,9,3862,1166
1020,10,4800,1296
1020,11,5804,1436
1020,12,6850,1512
1020,13,7924,1552
1020,14,8916,1672
1020,15,9830,1802
1020,16,10660,1928
1020,17,11362,2020
1020,18,11964,2168
1020,19,12390,2374
1020,20,12700,2480
1020,21,12928,2516
1020,22,13122,2556
1020,23,13316,2634
1020,24,13424,2706
1020,25,13504,2750
1020,26,13578,2788
1020,27,13634,2838
1020,28,13674,2866
1020,29,13688,2898
1021,-1,4355,994
1021,0,18,30
1021,1,50,72
1021,2,134,170
1021,3,362,320
1021,4,694,416
1021,5,1044,502
1021,6,1438,610
1021,7,1812,720
1021,8,2196,774
1021,9,2596,834
1021,10,3008,910
1021,11,3444,982
1021,12,3888,1054
1021,13,4346,1120
1021,14,4810,1156
1021,15,5320,1204
1021,16,5820,1242
1021,17,6290,1324
1021,18,6728,1392
1021,19,7138,1476
1021,20,7466,1562
1021,21,7786,1678
1021,22,8082,1742
1021,23,8260,1772
1021,24,8426,1802
1021,25,8546,1864
1021,26,8632,1902
1021,27,8684,1938
1021,28,8704,1968
1021,29,8710,1986
1022,-1,43695,6352
1022,0,48,68
1022,1,362,244
1022,2,808,594
1022,3,2004,1100
1022,4,3784,1430
1022,5,5902,1858
1022,6,8524,2422
1022,7,11152,3100
1022,8,14962,4054
1022,9,19524,5252
1022,10,25156,5714
1022,11,31180,6388
1022,12,37162,6730
1022,13,42716,7198
1022,14,47808,7566
1022,15,52084,7958
1022,16,56742,8330
1022,17,62006,8544
1022,18,66884,9002
1022,19,71208,9430
1022,20,75130,10020
1022,21,78234,10644
1022,22,80566,11044
1022,23,82344,11310
1022,24,83638,11518
1022,25,84686,11724
1022,26,85822,11848
1022,27,86612,12240
1022,28,87116,12538
1022,29,87390,12700
1023,-1,6809,1854
1023,0,62,54
1023,1,182,122
1023,2,398,244
1023,3,638,448
1023,4,866,630
1023,5,1258,724
1023,6,1654,826
1023,7,2072,970
1023,8,2662,1220
1023,9,3424,1370
1023,10,4286,1420
1023,11,5224,1504
1023,12,6076,1592
1023,13,6888,1682
1023,14,7608,1810
1023,15,8304,1938
1023,16,8914,2104
1023,17,9426,2402
1023,18,10004,2508
1023,19,10442,2616
1023,20,10858,2754
1023,21,11384,2830
1023,22,11910,2954
1023,23,12336,3068
1023,24,12712,3128
1023,25,13014,3224
1023,26,13274,3354
1023,27,13456,3488
1023,28,13582,3636
1023,29,13618,3706
1024,-1,3053,824
1024,0,14,18
1024,1,38,44
1024,2,92,80
1024,3,136,116
1024,4,282,230
1024,5,556,346
1024,6,872,438
1024,7,1234,530
1024,8,1610,620
1024,9,1980,670
1024,10,2290,708
1024,11,2640,770
1024,12,3076,870
1024,13,3516,906
1024,14,3960,932
1024,15,4404,950
1024,16,4808,1052
1024,17,5076,1164
1024,18,5308,1220
1024,19,5438,1284
1024,20,5542,1332
1024,21,5636,1372
1024,22,5734,1428
1024,23,5832,1488
1024,24,5906,1532
1024,25,5972,1552
1024,26,6036,1568
1024,27,6076,1604
1024,28,6096,1630
1024,29,6106,1646
1025,-1,3352,910
1025,0,46,54
1025,1,120,126
1025,2,204,170
1025,3,348,228
1025,4,594,364
1025,5,938,436
1025,6,1312,538
1025,7,1712,608
1025,8,2090,670
1025,9,2512,730
1025,10,2914,782
1025,11,3218,890
1025,12,3470,922
1025,13,3710,946
1025,14,3940,974
1025,15,4162,1016
1025,16,4430,1068
1025,17,4744,1162
1025,18,5142,1212
1025,19,5516,1276
1025,20,5864,1390
1025,21,6138,1490
1025,22,6394,1558
1025,23,6572,1682
1025,24,6634,1744
1025,25,6662,1756
1025,26,6674,1772
1025,27,6686,1790
1025,28,6696,1802
1025,29,6704,1818
1026,-1,116811,13910
1026,0,476,328
1026,1,1518,704
1026,2,4088,1774
1026,3,8270,2202
1026,4,13852,2692
1026,5,19506,3330
1026,6,26764,4620
1026,7,36498,6384
1026,8,49942,8514
1026,9,67510,9908
1026,10,87388,10780
1026,11,107224,11484
1026,12,126036,12398
1026,13,144296,12940
1026,14,161748,14036
1026,15,176232,16060
1026,16,187506,17634
1026,17,196092,18742
1026,18,204010,20314
1026,19,209946,21724
1026,20,215872,22884
1026,21,221308,23892
1026,22,224620,24552
1026,23,226862,25012
1026,24,228892,25578
1026,25,229900,25908
1026,26,231004,26414
1026,27,231996,26976
1026,28,233256,27640
1026,29,233622,27814
1027,-1,3003,996
1027,0,8,18
1027,1,24,36
1027,2,94,114
1027,3,232,198
1027,4,432,322
1027,5,768,518
1027,6,1176,686
1027,7,1572,838
1027,8,1924,924
1027,9,2356,1034
1027,10,2894,1092
1027,11,3364,1232
1027,12,3754,1414
1027,13,4120,1494
1027,14,4472,1536
1027,15,4686,1550
1027,16,4900,1560
1027,17,5104,1586
1027,18,5288,1610
1027,19,5450,1642
1027,20,5602,1678
1027,21,5746,1726
1027,22,5844,1784
1027,23,5890,1830
1027,24,5908,1878
1027,25,5928,1906
1027,26,5950,1928
1027,27,5978,1952
1027,28,5998,1974
1027,29,6006,1988
1028,-1,4750,1264
1028,0,62,64
1028,1,152,160
1028,2,468,352
1028,3,874,438
1028,4,1186,598
1028,5,1446,702
1028,6,1740,816
1028,7,2062,866
1028,8,2352,918
1028,9,2642,960
1028,10,2968,1028
1028,11,3374,1072
1028,12,3788,1100
1028,13,4290,1244
1028,14,4928,1318
1028,15,5608,1428
1028,16,6142,1476
1028,17,6644,1524
1028,18,7130,1552
1028,19,7582,1638
1028,20,8004,1710
1028,21,8422,1786
1028,22,8770,1966
1028,23,9020,2122
1028,24,9200,2256
1028,25,9314,2372
1028,26,9402,2434
1028,27,9458,2466
1028,28,9478,2496
1028,29,9500,2522
1029,-1,6498,1816
1029,0,62,78
1029,1,226,184
1029,2,480,250
1029,3,812,418
1029,4,1198,500
1029,5,1696,674
1029,6,2294,958
1029,7,2788,1210
1029,8,3104,1354
1029,9,3532,1530
1029,10,4052,1656
1029,11,4660,1760
1029,12,5180,1846
1029,13,5812,1974
1029,14,6554,2138
1029,15,7312,2246
1029,16,8108,2394
1029,17,8898,2558
1029,18,9624,2668
1029,19,10288,2724
1029,20,10856,2792
1029,21,11348,2856
1029,22,11790,2940
1029,23,12220,3106
1029,24,12552,3320
1029,25,12694,3396
1029,26,12842,3452
1029,27,12918,3516
1029,28,12960,3590
1029,29,12996,3630
1030,-1,5599,1686
1030,0,18,34
1030,1,222,250
1030,2,726,508
1030,3,1344,830
1030,4,1974,1128
1030,5,2676,1304
1030,6,3396,1496
1030,7,4222,1792
1030,8,5084,1910
1030,9,5954,1966
1030,10,6828,1994
1030,11,7630,2122
1030,12,8288,2254
1030,13,8854,2416
1030,14,9100,2602
1030,15,9268,2692
1030,16,9450,2768
1030,17,9586,2824
1030,18,9730,2848
1030,19,9864,2884
1030,20,9994,2918
1030,21,10182,2988
1030,22,10376,3072
1030,23,10568,3120
1030,24,10750,3142
1030,25,10918,3168
1030,26,11056,3226
1030,27,11146,3282
1030,28,11182,3334
1030,29,11198,3366
1031,-1,11780,2630
1031,0,134,124
1031,1,400,250
1031,2,924,490
1031,3,1362,638
1031,4,1618,804
1031,5,2214,1118
1031,6,3306,1438
1031,7,5096,1724
1031,8,7088,1856
1031,9,8930,1956
1031,10,10654,2156
1031,11,12346,2292
1031,12,13928,2498
1031,13,15360,2834
1031,14,16736,3182
1031,15,17738,3412
1031,16,18364,3634
1031,17,18760,3870
1031,18,19198,4162
1031,19,19622,4240
1031,20,20162,4334
1031,21,20642,4406
1031,22,21060,4534
1031,23,21604,4630
1031,24,22198,4698
1031,25,22686,4850
1031,26,23054,4954
1031,27,23328,5084
1031,28,23506,5180
1031,29,23560,5258
1032,-1,5772,1754
1032,0,62,60
1032,1,222,116
1032,2,380,260
1032,3,628,474
1032,4,900,566
1032,5,1184,742
1032,6,1680,956
1032,7,2272,1100
1032,8,2888,1232
1032,9,3612,1322
1032,10,4214,1380
1032,11,4838,1476
1032,12,5282,1684
1032,13,5694,1926
1032,14,6164,2100
1032,15,6586,2268
1032,16,7062,2472
1032,17,7580,2526
1032,18,8042,2590
1032,19,8534,2648
1032,20,9074,2702
1032,21,9670,2752
1032,22,10312,2832
1032,23,10744,3042
1032,24,11080,3228
1032,25,11296,3324
1032,26,11448,3398
1032,27,11514,3450
1032,28,11532,3484
1032,29,11544,3506
1033,-1,3105,616
1033,0,24,40
1033,1,106,86
1033,2,224,132
1033,3,336,160
1033,4,472,194
1033,5,628,246
1033,6,820,274
1033,7,1034,312
1033,8,1304,364
1033,9,1578,386
1033,10,1862,418
1033,11,2184,446
1033,12,2502,464
1033,13,2836,496
1033,14,3166,536
1033,15,3496,558
1033,16,3824,574
1033,17,4154,596
1033,18,4474,610
1033,19,4758,676
1033,20,5028,750
1033,21,5280,808
1033,22,5514,880
1033,23,5732,942
1033,24,5926,1018
1033,25,6074,1086
1033,26,6154,1140
1033,27,6194,1188
1033,28,6204,1218
1033,29,6210,1230
1034,-1,3026,894
1034,0,14,22
1034,1,62,76
1034,2,186,182
1034,3,368,328
1034,4,646,456
1034,5,982,612
1034,6,1338,680
1034,7,1700,754
1034,8,2088,792
1034,9,2500,822
1034,10,2898,852
1034,11,3280,866
1034,12,3664,908
1034,13,4048,996
1034,14,4364,1068
1034,15,4608,1196
1034,16,4770,1264
1034,17,4960,1320
1034,18,5174,1388
1034,19,5352,1442
1034,20,5542,1496
1034,21,5698,1572
1034,22,5802,1608
1034,23,5852,1630
1034,24,5896,1650
1034,25,5946,1698
1034,26,5984,1736
1034,27,6010,1752
1034,28,6036,1764
1034,29,6052,1782
1035,-1,8490,1924
1035,0,48,52
1035,1,144,98
1035,2,284,158
1035,3,356,238
1035,4,504,326
1035,5,718,408
1035,6,1088,584
1035,7,1514,754
1035,8,2136,986
1035,9,2960,1224
1035,10,3996,1484
1035,11,4958,1660
1035,12,5960,1790
1035,13,7006,1930
1035,14,8158,2032
1035,15,9242,2170
1035,16,10286,2242
1035,17,11214,2336
1035,18,11976,2486
1035,19,12584,2588
1035,20,13218,2682
1035,21,13886,2824
1035,22,14470,3016
1035,23,15018,3204
1035,24,15616,3328
1035,25,16062,3438
1035,26,16414,3524
1035,27,16734,3660
1035,28,16928,3784
1035,29,16980,3846
1036,-1,3137,1060
1036,0,30,50
1036,1,128,124
1036,2,252,174
1036,3,442,282
1036,4,670,392
1036,5,850,496
1036,6,1034,620
1036,7,1254,700
1036,8,1530,760
1036,9,1792,822
1036,10,2084,858
1036,11,2400,904
1036,12,2754,954
1036,13,3098,1008
1036,14,3446,1086
1036,15,3768,1168
1036,16,4082,1236
1036,17,4412,1316
1036,18,4734,1428
1036,19,5036,1518
1036,20,5364,1544
1036,21,5594,1576
1036,22,5782,1656
1036,23,5922,1770
1036,24,6022,1838
1036,25,6100,1908
1036,26,6160,1960
1036,27,6212,2004
1036,28,6258,2066
1036,29,6274,2116
1037,-1,8481,2178
1037,0,82,88
1037,1,332,218
1037,2,840,334
1037,3,1280,384
1037,4,1802,444
1037,5,2398,584
1037,6,3208,658
1037,7,3998,764
1037,8,5032,954
1037,9,5960,1164
1037,10,6746,1486
1037,11,7404,1764
1037,12,7970,1892
1037,13,8526,1998
1037,14,9172,2094
1037,15,9862,2190
1037,16,10672,2350
1037,17,11748,2584
1037,18,12978,2766
1037,19,14108,2896
1037,20,15020,3196
1037,21,15564,3464
1037,22,15924,3650
1037,23,16228,3806
1037,24,16372,3908
1037,25,16586,3974
1037,26,16744,4054
1037,27,16866,4214
1037,28,16936,4312
1037,29,16962,4354
1038,-1,9289,2878
1038,0,30,40
1038,1,82,96
1038,2,182,146
1038,3,258,182
1038,4,388,296
1038,5,628,440
1038,6,936,632
1038,7,1400,842
1038,8,2032,1116
1038,9,2726,1348
1038,10,3546,1534
1038,11,4480,1872
1038,12,5414,2302
1038,13,6432,2694
1038,14,7520,2938
1038,15,8704,3166
1038,16,9954,3384
1038,17,11292,3498
1038,18,12590,3628
1038,19,13996,3962
1038,20,15400,4292
1038,21,16502,4650
1038,22,17064,4910
1038,23,17466,5094
1038,24,17778,5250
1038,25,18042,5384
1038,26,18286,5496
1038,27,18478,5632
1038,28,18548,5722
1038,29,18578,5752
1039,-1,11065,2618
1039,0,154,180
1039,1,458,320
1039,2,664,410
1039,3,876,532
1039,4,1356,662
1039,5,1872,720
1039,6,2418,832
1039,7,3182,974
1039,8,4026,1126
1039,9,4950,1214
1039,10,5886,1256
1039,11,6882,1390
1039,12,8254,1606
1039,13,9760,1734
1039,14,11050,1974
1039,15,12376,2308
1039,16,13326,2696
1039,17,14248,2888
1039,18,15172,3088
1039,19,16084,3258
1039,20,16960,3506
1039,21,17682,3802
1039,22,18566,4152
1039,23,19350,4484
1039,24,20112,4600
1039,25,20872,4746
1039,26,21492,4928
1039,27,21884,5068
1039,28,22066,5172
1039,29,22130,5230
1041,-1,168518,11866
1041,0,392,378
1041,1,3222,1492
1041,2,9744,3206
1041,3,21472,4460
1041,4,33764,5390
1041,5,43846,6506
1041,6,53710,7164
1041,7,63654,8522
1041,8,75252,9800
1041,9,89690,10930
1041,10,103872,11158
1041,11,117166,11690
1041,12,129476,12070
1041,13,142076,12432
1041,14,156220,12952
1041,15,171146,13588
1041,16,187258,14288
1041,17,204794,15286
1041,18,222452,16102
1041,19,239890,16800
1041,20,256590,17354
1041,21,272626,18058
1041,22,287762,18496
1041,23,300564,19332
1041,24,311988,20116
1041,25,322734,20952
1041,26,329498,22082
1041,27,333868,22822
1041,28,335974,23324
1041,29,337036,23728
1042,-1,5866,1880
1042,0,34,38
1042,1,104,92
1042,2,294,242
1042,3,648,498
1042,4,1100,738
1042,5,1832,1050
1042,6,2682,1266
1042,7,3670,1470
1042,8,4810,1660
1042,9,5928,1810
1042,10,7036,1986
1042,11,7874,2296
1042,12,8488,2478
1042,13,9008,2622
1042,14,9470,2742
1042,15,9822,2882
1042,16,10056,2974
1042,17,10268,3022
1042,18,10468,3090
1042,19,10634,3180
1042,20,10768,3244
1042,21,10906,3284
1042,22,11024,3342
1042,23,11140,3414
1042,24,11264,3494
1042,25,11378,3558
1042,26,11524,3610
1042,27,11618,3662
1042,28,11688,3706
1042,29,11732,3752
1043,-1,4128,1194
1043,0,38,44
1043,1,156,174
1043,2,366,316
1043,3,590,364
1043,4,858,418
1043,5,1220,498
1043,6,1670,594
1043,7,2092,656
1043,8,2398,698
1043,9,2658,748
1043,10,2906,826
1043,11,3250,878
1043,12,3572,920
1043,13,3836,984
1043,14,4112,1052
1043,15,4462,1144
1043,16,4868,1238
1043,17,5202,1326
1043,18,5466,1382
1043,19,5766,1460
1043,20,6164,1524
1043,21,6554,1648
1043,22,6926,1746
1043,23,7282,1882
1043,24,7628,2044
1043,25,7834,2178
1043,26,7954,2234
1043,27,8092,2274
1043,28,8190,2316
1043,29,8256,2380
1044,-1,38550,4854
1044,0,402,312
1044,1,1652,842
1044,2,3634,1166
1044,3,5998,1448
1044,4,8218,1752
1044,5,10386,1944
1044,6,12500,2334
1044,7,14674,2718
1044,8,16714,3062
1044,9,19046,3418
1044,10,21676,3936
1044,11,24946,4360
1044,12,28328,4738
1044,13,31980,5110
1044,14,36378,5536
1044,15,40996,5916
1044,16,45558,6208
1044,17,49812,6390
1044,18,54004,6616
1044,19,58240,6964
1044,20,62328,7086
1044,21,66416,7220
1044,22,70184,7628
1044,23,72920,8348
1044,24,74370,8680
1044,25,75508,8904
1044,26,76394,9130
1044,27,76748,9460
1044,28,76986,9604
1044,29,77100,9702
1045,-1,26339,3084
1045,0,332,256
1045,1,1364,538
1045,2,3222,878
1045,3,5556,1082
1045,4,7760,1360
1045,5,9688,1682
1045,6,11582,1892
1045,7,13490,2070
1045,8,15506,2154
1045,9,17530,2268
1045,10,19582,2514
1045,11,22062,2746
1045,12,24650,2894
1045,13,27300,3086
1045,14,30248,3256
1045,15,33198,3400
1045,16,35852,3560
1045,17,38438,3736
1045,18,40952,3938
1045,19,43220,4106
1045,20,45154,4286
1045,21,46904,4492
1045,22,48704,4722
1045,23,49942,5062
1045,24,50636,5332
1045,25,51116,5420
1045,26,51656,5548
1045,27,52172,5810
1045,28,52524,6036
1045,29,52678,6162
1046,-1,143397,14010
1046,0,2454,1168
1046,1,13344,3586
1046,2,28108,4772
1046,3,40628,6070
1046,4,56534,6850
1046,5,71928,7416
1046,6,86288,7844
1046,7,99418,8344
1046,8,111176,9020
1046,9,123488,10146
1046,10,132332,11734
1046,11,134568,12496
1046,12,136218,13040
1046,13,140012,14092
1046,14,151806,15802
1046,15,165252,17062
1046,16,175592,18302
1046,17,187704,18694
1046,18,198242,19606
1046,19,208184,20130
1046,20,215328,21226
1046,21,221818,21826
1046,22,230938,22686
1046,23,241218,23454
1046,24,251164,24210
1046,25,260950,24940
1046,26,269454,25786
1046,27,277750,26440
1046,28,284476,27282
1046,29,286794,28018
1047,-1,3079,1042
1047,0,20,30
1047,1,84,78
1047,2,232,116
1047,3,338,164
1047,4,394,208
1047,5,494,262
1047,6,630,292
1047,7,740,330
1047,8,850,362
1047,9,934,390
1047,10,1036,436
1047,11,1150,468
1047,12,1274,520
1047,13,1480,616
1047,14,1848,718
1047,15,2182,768
1047,16,2532,822
1047,17,2924,882
1047,18,3320,968
1047,19,3736,1040
1047,20,4200,1118
1047,21,4624,1230
1047,22,4942,1444
1047,23,5244,1638
1047,24,5594,1726
1047,25,5808,1844
1047,26,5944,1936
1047,27,6052,1972
1047,28,6118,2034
1047,29,6158,2078
1048,-1,3015,618
1048,0,34,58
1048,1,106,148
1048,2,200,208
1048,3,378,280
1048,4,620,338
1048,5,928,402
1048,6,1278,448
1048,7,1634,480
1048,8,1872,494
1048,9,2118,518
1048,10,2364,554
1048,11,2620,574
1048,12,2856,598
1048,13,3098,618
1048,14,3340,640
1048,15,3600,654
1048,16,3850,724
1048,17,4084,784
1048,18,4328,804
1048,19,4574,818
1048,20,4798,854
1048,21,5010,880
1048,22,5212,908
1048,23,5404,962
1048,24,5578,1000
1048,25,5722,1052
1048,26,5824,1100
1048,27,5918,1142
1048,28,5996,1170
1048,29,6030,1228
1049,-1,6198,2000
1049,0,100,132
1049,1,244,234
1049,2,318,292
1049,3,414,374
1049,4,546,452
1049,5,674,532
1049,6,840,574
1049,7,938,690
1049,8,1148,806
1049,9,1522,906
1049,10,1968,1020
1049,11,2276,1142
1049,12,2620,1218
1049,13,2966,1266
1049,14,3194,1382
1049,15,3516,1488
1049,16,3928,1664
1049,17,4824,2048
1049,18,6100,2252
1049,19,7474,2398
1049,20,8708,2544
1049,21,9744,2672
1049,22,10646,2940
1049,23,11164,3294
1049,24,11524,3578
1049,25,11784,3682
1049,26,12032,3750
1049,27,12200,3860
1049,28,12340,3934
1049,29,12396,3998
1050,-1,5325,1600
1050,0,32,56
1050,1,102,152
1050,2,194,218
1050,3,276,258
1050,4,408,360
1050,5,656,488
1050,6,1094,706
1050,7,1698,838
1050,8,2264,900
1050,9,2832,962
1050,10,3322,1048
1050,11,3722,1108
1050,12,4054,1184
1050,13,4380,1288
1050,14,4670,1522
1050,15,4906,1654
1050,16,5252,1720
1050,17,5594,1764
1050,18,5994,1890
1050,19,6412,2006
1050,20,6780,2170
1050,21,7362,2340
1050,22,8078,2492
1050,23,8832,2574
1050,24,9454,2740
1050,25,9872,2896
1050,26,10164,2956
1050,27,10426,3042
1050,28,10578,3114
1050,29,10650,3198
1052,-1,13831,2672
1052,0,466,346
1052,1,1692,552
1052,2,3316,800
1052,3,5256,1018
1052,4,7046,1172
1052,5,8826,1358
1052,6,10562,1534
1052,7,11900,1722
1052,8,13114,1926
1052,9,14072,2110
1052,10,14794,2416
1052,11,15088,2534
1052,12,15506,2760
1052,13,16244,2896
1052,14,16914,3066
1052,15,17514,3184
1052,16,18064,3272
1052,17,18506,3340
1052,18,18902,3500
1052,19,19542,3654
1052,20,20364,3796
1052,21,21358,3906
1052,22,22502,4062
1052,23,23766,4226
1052,24,24910,4394
1052,25,25776,4498
1052,26,26678,4676
1052,27,27358,5008
1052,28,27616,5266
1052,29,27662,5342
1053,-1,7947,1352
1053,0,46,74
1053,1,136,146
1053,2,404,304
1053,3,716,440
1053,4,1112,602
1053,5,1602,688
1053,6,2212,838
1053,7,2924,964
1053,8,3582,1088
1053,9,4314,1180
1053,10,5060,1268
1053,11,5808,1338
1053,12,6552,1424
1053,13,7316,1540
1053,14,8032,1574
1053,15,8798,1652
1053,16,9638,1684
1053,17,10442,1762
1053,18,11174,1834
1053,19,11904,1870
1053,20,12600,1936
1053,21,13156,1988
1053,22,13698,2024
1053,23,14244,2102
1053,24,14782,2272
1053,25,15150,2366
1053,26,15472,2442
1053,27,15722,2538
1053,28,15844,2622
1053,29,15894,2702
1054,-1,8582,1562
1054,0,24,40
1054,1,136,92
1054,2,272,166
1054,3,468,232
1054,4,808,362
1054,5,1382,514
1054,6,1924,678
1054,7,2414,780
1054,8,2846,832
1054,9,3344,968
1054,10,4030,1196
1054,11,4832,1300
1054,12,5858,1436
1054,13,7088,1516
1054,14,8312,1602
1054,15,9346,1754
1054,16,10272,1870
1054,17,11076,1980
1054,18,11816,2076
1054,19,12506,2124
1054,20,13204,2190
1054,21,13984,2298
1054,22,14802,2422
1054,23,15504,2630
1054,24,16044,2764
1054,25,16516,2820
1054,26,16906,2930
1054,27,17050,3038
1054,28,17130,3086
1054,29,17164,3120
1055,-1,4808,2032
1055,0,30,46
1055,1,158,222
1055,2,416,454
1055,3,856,614
1055,4,1168,756
1055,5,1516,982
1055,6,1882,1274
1055,7,2486,1432
1055,8,3176,1558
1055,9,3876,1648
1055,10,4430,1814
1055,11,4838,1954
1055,12,5196,2114
1055,13,5542,2222
1055,14,5768,2344
1055,15,5878,2450
1055,16,5998,2510
1055,17,6198,2580
1055,18,6534,2676
1055,19,6952,2758
1055,20,7358,2854
1055,21,7794,2980
1055,22,8270,3170
1055,23,8712,3362
1055,24,8984,3566
1055,25,9124,3666
1055,26,9348,3838
1055,27,9544,3940
1055,28,9604,4036
1055,29,9616,4062
1056,-1,4614,1176
1056,0,44,50
1056,1,122,122
1056,2,228,190
1056,3,294,272
1056,4,378,376
1056,5,580,492
1056,6,960,554
1056,7,1322,602
1056,8,1728,678
1056,9,2212,730
1056,10,2722,804
1056,11,3218,916
1056,12,3786,1012
1056,13,4308,1116
1056,14,4778,1186
1056,15,5266,1248
1056,16,5742,1298
1056,17,6284,1346
1056,18,6794,1426
1056,19,7278,1506
1056,20,7792,1632
1056,21,8262,1778
1056,22,8644,1882
1056,23,8906,2068
1056,24,8996,2156
1056,25,9046,2196
1056,26,9116,2242
1056,27,9182,2286
1056,28,9212,2320
1056,29,9228,2350
1057,-1,3294,1124
1057,0,38,38
1057,1,106,94
1057,2,200,152
1057,3,330,234
1057,4,518,296
1057,5,686,342
1057,6,862,424
1057,7,1068,512
1057,8,1348,622
1057,9,1614,782
1057,10,1938,966
1057,11,2312,1110
1057,12,2708,1248
1057,13,3050,1432
1057,14,3430,1542
1057,15,3846,1576
1057,16,4252,1606
1057,17,4660,1664
1057,18,5012,1738
1057,19,5322,1804
1057,20,5654,1866
1057,21,5870,1924
1057,22,6048,1962
1057,23,6224,2018
1057,24,6368,2074
1057,25,6478,2118
1057,26,6544,2178
1057,27,6566,2218
1057,28,6578,2230
1057,29,6588,2246
1058,-1,12345,2098
1058,0,44,56
1058,1,152,138
1058,2,410,344
1058,3,958,580
1058,4,1762,642
1058,5,2638,732
1058,6,3666,898
1058,7,4774,1076
1058,8,5936,1176
1058,9,7008,1308
1058,10,8106,1454
1058,11,9358,1522
1058,12,10680,1674
1058,13,12124,1822
1058,14,13568,1962
1058,15,15010,2134
1058,16,16070,2458
1058,17,16696,2558
1058,18,17380,2662
1058,19,18178,2830
1058,20,19030,3066
1058,21,19900,3200
1058,22,20702,3334
1058,23,21486,3428
1058,24,22286,3590
1058,25,23084,3780
1058,26,23722,3892
1058,27,24282,4032
1058,28,24606,4112
1058,29,24690,4194
1059,-1,3254,1068
1059,0,20,26
1059,1,56,48
1059,2,82,78
1059,3,132,140
1059,4,226,258
1059,5,334,398
1059,6,498,492
1059,7,728,594
1059,8,1032,716
1059,9,1350,790
1059,10,1724,878
1059,11,2106,948
1059,12,2518,1038
1059,13,2988,1118
1059,14,3458,1200
1059,15,3928,1316
1059,16,4370,1446
1059,17,4746,1536
1059,18,5110,1604
1059,19,5428,1676
1059,20,5642,1776
1059,21,5840,1822
1059,22,6052,1862
1059,23,6250,1918
1059,24,6346,1974
1059,25,6406,2012
1059,26,6458,2042
1059,27,6490,2094
1059,28,6502,2120
1059,29,6508,2132
1060,-1,98758,7452
1060,0,104,154
1060,1,470,436
1060,2,1224,1010
1060,3,4058,1936
1060,4,8696,3026
1060,5,15418,3892
1060,6,24136,5236
1060,7,35224,5968
1060,8,46992,6382
1060,9,57824,6532
1060,10,68728,6660
1060,11,79938,7184
1060,12,91726,7364
1060,13,103190,7512
1060,14,114366,7726
1060,15,125154,8000
1060,16,135410,8204
1060,17,146050,8406
1060,18,156572,8742
1060,19,165720,9428
1060,20,173926,10216
1060,21,180604,11100
1060,22,186098,11894
1060,23,190092,12934
1060,24,192272,13640
1060,25,193758,14096
1060,26,195078,14224
1060,27,196354,14396
1060,28,197186,14638
1060,29,197516,14902
1061,-1,7661,1650
1061,0,108,128
1061,1,264,230
1061,2,562,344
1061,3,988,460
1061,4,1482,500
1061,5,2056,556
1061,6,2670,764
1061,7,3426,934
1061,8,4160,1030
1061,9,4864,1112
1061,10,5614,1166
1061,11,6378,1224
1061,12,7244,1338
1061,13,8146,1404
1061,14,9026,1436
1061,15,9980,1564
1061,16,10824,1698
1061,17,11478,1904
1061,18,11912,2092
1061,19,12214,2258
1061,20,12466,2334
1061,21,12748,2406
1061,22,13130,2482
1061,23,13656,2624
1061,24,14212,2782
1061,25,14748,2912
1061,26,15012,3082
1061,27,15236,3166
1061,28,15300,3258
1061,29,15322,3296
1062,-1,4324,1116
1062,0,112,120
1062,1,380,282
1062,2,796,476
1062,3,1156,540
1062,4,1508,630
1062,5,1886,658
1062,6,2222,710
1062,7,2592,786
1062,8,3002,906
1062,9,3338,998
1062,10,3696,1072
1062,11,3984,1160
1062,12,4234,1230
1062,13,4504,1266
1062,14,4808,1372
1062,15,5126,1430
1062,16,5396,1496
1062,17,5650,1532
1062,18,5894,1584
1062,19,6194,1644
1062,20,6542,1676
1062,21,6846,1726
1062,22,7156,1764
1062,23,7460,1792
1062,24,7738,1868
1062,25,8012,1952
1062,26,8278,2024
1062,27,8498,2102
1062,28,8614,2190
1062,29,8648,2230
1063,-1,5292,1674
1063,0,44,68
1063,1,232,222
1063,2,562,372
1063,3,972,510
1063,4,1416,668
1063,5,1918,862
1063,6,2476,1050
1063,7,2850,1168
1063,8,3174,1312
1063,9,3534,1484
1063,10,3792,1628
1063,11,4060,1680
1063,12,4392,1738
1063,13,4760,1784
1063,14,5152,1862
1063,15,5524,1932
1063,16,5890,1974
1063,17,6348,2072
1063,18,6770,2188
1063,19,7134,2264
1063,20,7482,2350
1063,21,7944,2464
1063,22,8560,2538
1063,23,9192,2606
1063,24,9756,2768
1063,25,10126,3010
1063,26,10302,3118
1063,27,10474,3206
1063,28,10558,3300
1063,29,10584,3346
1064,-1,61189,8564
1064,0,344,270
1064,1,1508,466
1064,2,3196,698
1064,3,4774,948
1064,4,6298,1354
1064,5,7810,1632
1064,6,9608,1832
1064,7,11878,2186
1064,8,15526,2494
1064,9,18710,2734
1064,10,21840,3096
1064,11,26210,3860
1064,12,30986,4712
1064,13,36822,5108
1064,14,43288,5660
1064,15,50206,6018
1064,16,57418,6556
1064,17,65306,7332
1064,18,74032,8278
1064,19,83090,8640
1064,20,92268,9086
1064,21,100022,10040
1064,22,106656,11282
1064,23,111898,12642
1064,24,116354,14220
1064,25,118768,15748
1064,26,120272,16428
1064,27,121258,16758
1064,28,121954,16914
1064,29,122378,17120
1065,-1,12636,3112
1065,0,118,124
1065,1,474,256
1065,2,874,386
1065,3,1398,510
1065,4,1902,584
1065,5,2454,712
1065,6,3386,974
1065,7,4950,1244
1065,8,6692,1556
1065,9,8446,1806
1065,10,10194,2218
1065,11,11642,2590
1065,12,13214,2954
1065,13,14766,3288
1065,14,16056,3588
1065,15,17406,3862
1065,16,18460,4084
1065,17,19412,4220
1065,18,20532,4544
1065,19,21364,4850
1065,20,22144,5130
1065,21,22584,5258
1065,22,22900,5374
1065,23,23170,5454
1065,24,23464,5520
1065,25,23798,5686
1065,26,24484,5852
1065,27,24992,6016
1065,28,25214,6136
1065,29,25272,6220
1066,-1,6228,1596
1066,0,56,40
1066,1,132,64
1066,2,216,142
1066,3,394,300
1066,4,718,454
1066,5,1194,614
1066,6,1672,772
1066,7,2236,940
1066,8,2854,1072
1066,9,3514,1198
1066,10,4250,1284
1066,11,4960,1388
1066,12,5588,1522
1066,13,6186,1568
1066,14,6788,1600
1066,15,7390,1654
1066,16,8090,1722
1066,17,8778,1828
1066,18,9398,1998
1066,19,10022,2156
1066,20,10626,2276
1066,21,11202,2334
1066,22,11632,2448
1066,23,11926,2570
1066,24,12096,2772
1066,25,12194,2898
1066,26,12288,2980
1066,27,12374,3086
1066,28,12442,3164
1066,29,12456,3190
1067,-1,4915,1216
1067,0,96,70
1067,1,214,148
1067,2,416,244
1067,3,674,336
1067,4,1080,504
1067,5,1672,550
1067,6,2222,600
1067,7,2730,690
1067,8,3136,758
1067,9,3560,802
1067,10,4012,884
1067,11,4416,980
1067,12,4776,1038
1067,13,5160,1106
1067,14,5476,1190
1067,15,5826,1266
1067,16,6188,1324
1067,17,6594,1376
1067,18,7014,1432
1067,19,7370,1542
1067,20,7656,1622
1067,21,7954,1724
1067,22,8344,1790
1067,23,8750,1872
1067,24,9182,1976
1067,25,9538,2138
1067,26,9664,2262
1067,27,9758,2314
1067,28,9794,2374
1067,29,9830,2428
1068,-1,4996,1422
1068,0,34,52
1068,1,156,128
1068,2,400,302
1068,3,818,400
1068,4,1310,496
1068,5,1780,626
1068,6,2278,734
1068,7,2826,772
1068,8,3414,844
1068,9,4062,898
1068,10,4504,964
1068,11,4972,1054
1068,12,5444,1122
1068,13,5904,1218
1068,14,6270,1358
1068,15,6558,1506
1068,16,6840,1700
1068,17,7156,1862
1068,18,7488,1950
1068,19,7818,1988
1068,20,8110,2050
1068,21,8408,2100
1068,22,8698,2166
1068,23,8954,2236
1068,24,9192,2354
1068,25,9418,2444
1068,26,9608,2556
1068,27,9804,2656
1068,28,9946,2766
1068,29,9992,2840
1069,-1,6100,2058
1069,0,52,98
1069,1,360,248
1069,2,776,366
1069,3,1134,456
1069,4,1334,580
1069,5,1474,634
1069,6,1632,760
1069,7,1796,904
1069,8,2024,948
1069,9,2292,1022
1069,10,2608,1166
1069,11,3186,1390
1069,12,3828,1546
1069,13,4736,1862
1069,14,5634,1978
1069,15,6416,2098
1069,16,6852,2438
1069,17,7080,2636
1069,18,7316,2782
1069,19,7712,2932
1069,20,8258,3026
1069,21,8900,3106
1069,22,9564,3212
1069,23,10140,3328
1069,24,10690,3420
1069,25,11124,3516
1069,26,11500,3646
1069,27,11838,3812
1069,28,12066,3974
1069,29,12200,4110
1070,-1,3717,948
1070,0,40,64
1070,1,156,150
1070,2,302,210
1070,3,416,266
1070,4,606,372
1070,5,884,458
1070,6,1204,492
1070,7,1514,514
1070,8,1856,572
1070,9,2280,656
1070,10,2696,700
1070,11,3126,740
1070,12,3590,832
1070,13,4010,896
1070,14,4396,942
1070,15,4806,982
1070,16,5174,1070
1070,17,5540,1148
1070,18,5802,1222
1070,19,6038,1282
1070,20,6292,1336
1070,21,6492,1424
1070,22,6632,1464
1070,23,6746,1514
1070,24,6874,1544
1070,25,7046,1612
1070,26,7214,1716
1070,27,7336,1780
1070,28,7404,1842
1070,29,7434,1894
1071,-1,6391,2042
1071,0,74,96
1071,1,288,204
1071,2,564,326
1071,3,872,450
1071,4,1352,662
1071,5,1938,820
1071,6,2662,988
1071,7,3280,1288
1071,8,3884,1474
1071,9,4562,1692
1071,10,5312,1922
1071,11,6064,2138
1071,12,6840,2312
1071,13,7530,2498
1071,14,7986,2702
1071,15,8354,2822
1071,16,8808,3020
1071,17,9358,3224
1071,18,9930,3284
1071,19,10528,3384
1071,20,11128,3588
1071,21,11536,3706
1071,22,11912,3784
1071,23,12110,3824
1071,24,12272,3854
1071,25,12410,3898
1071,26,12546,3926
1071,27,12658,3974
1071,28,12764,4034
1071,29,12782,4082
1072,-1,3404,938
1072,0,18,30
1072,1,66,70
1072,2,118,142
1072,3,264,248
1072,4,424,352
1072,5,698,472
1072,6,1112,550
1072,7,1586,628
1072,8,2126,700
1072,9,2530,756
1072,10,2944,802
1072,11,3346,852
1072,12,3736,896
1072,13,4100,962
1072,14,4438,1022
1072,15,4714,1116
1072,16,4928,1176
1072,17,5148,1252
1072,18,5362,1332
1072,19,5594,1402
1072,20,5792,1460
1072,21,5998,1524
1072,22,6124,1568
1072,23,6256,1612
1072,24,6430,1676
1072,25,6582,1716
1072,26,6716,1760
1072,27,6778,1812
1072,28,6794,1850
1072,29,6808,1870
1073,-1,3467,1080
1073,0,16,30
1073,1,90,140
1073,2,216,250
1073,3,466,424
1073,4,756,546
1073,5,1102,606
1073,6,1492,664
1073,7,1920,708
1073,8,2358,778
1073,9,2790,862
1073,10,3220,920
1073,11,3670,986
1073,12,4118,1072
1073,13,4510,1168
1073,14,4862,1286
1073,15,5212,1380
1073,16,5530,1472
1073,17,5850,1534
1073,18,6106,1614
1073,19,6338,1674
1073,20,6512,1758
1073,21,6640,1866
1073,22,6744,1964
1073,23,6798,2040
1073,24,6844,2080
1073,25,6872,2096
1073,26,6894,2110
1073,27,6914,2118
1073,28,6930,2148
1073,29,6934,2158
1074,-1,8076,1522
1074,0,34,44
1074,1,184,150
1074,2,386,196
1074,3,628,304
1074,4,1112,480
1074,5,1804,586
1074,6,2614,650
1074,7,3442,718
1074,8,4236,762
1074,9,4996,878
1074,10,5680,950
1074,11,6276,1038
1074,12,6788,1138
1074,13,7376,1292
1074,14,8098,1468
1074,15,9002,1596
1074,16,9918,1684
1074,17,10870,1742
1074,18,11678,1948
1074,19,12362,2016
1074,20,13048,2062
1074,21,13738,2114
1074,22,14424,2206
1074,23,14842,2416
1074,24,15230,2574
1074,25,15542,2726
1074,26,15782,2802
1074,27,15958,2872
1074,28,16104,2960
1074,29,16152,3040
1075,-1,105246,10224
1075,0,2842,1476
1075,1,10858,2628
1075,2,21750,3434
1075,3,32648,3972
1075,4,42554,4506
1075,5,52548,4948
1075,6,62998,5400
1075,7,72264,6092
1075,8,80930,6676
1075,9,89610,7696
1075,10,98742,8402
1075,11,108124,8704
1075,12,117690,9294
1075,13,127716,10086
1075,14,137736,10818
1075,15,145884,11298
1075,16,153710,11672
1075,17,159954,12066
1075,18,166202,12364
1075,19,171858,12740
1075,20,177012,13342
1075,21,180250,14464
1075,22,183212,15204
1075,23,186992,15798
1075,24,191576,16594
1075,25,197268,17402
1075,26,204246,18066
1075,27,208974,19328
1075,28,210112,20228
1075,29,210492,20446
1076,-1,31029,5618
1076,0,782,204
1076,1,1904,390
1076,2,3938,670
1076,3,5384,828
1076,4,7188,1250
1076,5,10442,1586
1076,6,13642,1856
1076,7,17372,2350
1076,8,21506,2882
1076,9,25412,3326
1076,10,27966,3654
1076,11,29936,4020
1076,12,31958,4382
1076,13,33890,4718
1076,14,35022,4956
1076,15,35936,5260
1076,16,36874,5540
1076,17,39084,6380
1076,18,42300,6994
1076,19,45680,7334
1076,20,48664,7724
1076,21,50660,8118
1076,22,52224,8626
1076,23,53310,9004
1076,24,55130,9318
1076,25,57948,9918
1076,26,59568,10354
1076,27,60486,10754
1076,28,61638,10884
1076,29,62058,11234
1077,-1,3945,1514
1077,0,38,38
1077,1,138,138
1077,2,322,240
1077,3,590,362
1077,4,916,440
1077,5,1212,546
1077,6,1470,668
1077,7,1746,780
1077,8,2062,850
1077,9,2458,976
1077,10,2860,1178
1077,11,3240,1352
1077,12,3692,1516
1077,13,4106,1680
1077,14,4498,1824
1077,15,4850,1986
1077,16,5180,2130
1077,17,5616,2254
1077,18,6010,2324
1077,19,6352,2422
1077,20,6600,2558
1077,21,6762,2632
1077,22,6914,2662
1077,23,7082,2688
1077,24,7226,2726
1077,25,7370,2772
1077,26,7536,2814
1077,27,7714,2850
1077,28,7848,2940
1077,29,7890,3026
1078,-1,6085,1282
1078,0,26,34
1078,1,90,90
1078,2,298,218
1078,3,688,324
1078,4,1172,472
1078,5,1640,518
1078,6,2140,552
1078,7,2662,598
1078,8,3166,730
1078,9,3720,908
1078,10,4296,966
1078,11,4768,1082
1078,12,5198,1184
1078,13,5750,1250
1078,14,6328,1316
1078,15,6932,1402
1078,16,7540,1430
1078,17,8054,1540
1078,18,8476,1708
1078,19,8906,1802
1078,20,9322,1852
1078,21,9726,1884
1078,22,10084,1924
1078,23,10442,1990
1078,24,10816,2066
1078,25,11224,2120
1078,26,11644,2158
1078,27,11968,2310
1078,28,12110,2464
1078,29,12170,2560
1079,-1,4749,1188
1079,0,40,72
1079,1,134,156
1079,2,268,248
1079,3,528,396
1079,4,910,536
1079,5,1364,656
1079,6,1830,780
1079,7,2298,924
1079,8,2870,1084
1079,9,3398,1180
1079,10,3982,1220
1079,11,4524,1258
1079,12,5028,1284
1079,13,5528,1310
1079,14,6026,1392
1079,15,6496,1488
1079,16,7026,1612
1079,17,7528,1698
1079,18,7962,1772
1079,19,8298,1880
1079,20,8562,1994
1079,21,8768,2048
1079,22,8916,2092
1079,23,9056,2114
1079,24,9158,2154
1079,25,9226,2198
1079,26,9322,2224
1079,27,9412,2270
1079,28,9474,2340
1079,29,9498,2374
1080,-1,3668,1110
1080,0,48,70
1080,1,218,162
1080,2,422,252
1080,3,576,400
1080,4,714,534
1080,5,940,640
1080,6,1322,760
1080,7,1796,854
1080,8,2198,908
1080,9,2716,1016
1080,10,3258,1090
1080,11,3620,1130
1080,12,3978,1172
1080,13,4260,1266
1080,14,4594,1340
1080,15,4942,1420
1080,16,5242,1524
1080,17,5522,1604
1080,18,5768,1658
1080,19,5960,1690
1080,20,6104,1740
1080,21,6216,1776
1080,22,6332,1816
1080,23,6474,1870
1080,24,6650,1964
1080,25,6892,2010
1080,26,7110,2050
1080,27,7256,2110
1080,28,7312,2168
1080,29,7336,2218
1081,-1,6458,2310
1081,0,30,50
1081,1,346,324
1081,2,894,592
1081,3,1568,814
1081,4,2058,1004
1081,5,2404,1194
1081,6,2806,1354
1081,7,3344,1496
1081,8,3950,1650
1081,9,4724,1980
1081,10,5736,2302
1081,11,6496,2494
1081,12,7132,2726
1081,13,7656,2948
1081,14,8064,3102
1081,15,8426,3170
1081,16,8762,3210
1081,17,9112,3300
1081,18,9454,3454
1081,19,9878,3608
1081,20,10382,3764
1081,21,10808,3928
1081,22,11256,4018
1081,23,11686,4114
1081,24,12046,4212
1081,25,12330,4348
1081,26,12542,4448
1081,27,12710,4484
1081,28,12874,4556
1081,29,12916,4618
1082,-1,3613,1404
1082,0,26,32
1082,1,70,104
1082,2,216,196
1082,3,424,284
1082,4,726,356
1082,5,1034,438
1082,6,1348,492
1082,7,1634,556
1082,8,1922,610
1082,9,2192,666
1082,10,2422,724
1082,11,2630,780
1082,12,2824,822
1082,13,3024,870
1082,14,3200,1008
1082,15,3386,1236
1082,16,3686,1428
1082,17,4096,1692
1082,18,4530,1886
1082,19,5028,2076
1082,20,5514,2228
1082,21,5924,2324
1082,22,6292,2396
1082,23,6588,2450
1082,24,6778,2498
1082,25,6944,2554
1082,26,7078,2614
1082,27,7172,2692
1082,28,7214,2774
1082,29,7226,2802
1083,-1,6052,1390
1083,0,72,80
1083,1,200,170
1083,2,374,318
1083,3,576,448
1083,4,980,600
1083,5,1586,732
1083,6,2214,844
1083,7,2782,904
1083,8,3340,956
1083,9,3928,1018
1083,10,4488,1066
1083,11,5006,1110
1083,12,5566,1172
1083,13,6068,1278
1083,14,6452,1406
1083,15,6808,1516
1083,16,7128,1562
1083,17,7516,1602
1083,18,7944,1674
1083,19,8466,1798
1083,20,9094,1896
1083,21,9714,2010
1083,22,10302,2096
1083,23,10880,2184
1083,24,11266,2310
1083,25,11574,2444
1083,26,11748,2558
1083,27,11916,2634
1083,28,12050,2716
1083,29,12104,2776
1084,-1,3243,1026
1084,0,30,56
1084,1,136,124
1084,2,318,184
1084,3,554,262
1084,4,752,344
1084,5,996,398
1084,6,1250,444
1084,7,1558,494
1084,8,1856,554
1084,9,2130,622
1084,10,2490,728
1084,11,2912,782
1084,12,3328,820
1084,13,3734,918
1084,14,4100,1012
1084,15,4434,1108
1084,16,4826,1200
1084,17,5230,1256
1084,18,5608,1410
1084,19,5908,1556
1084,20,6188,1692
1084,21,6340,1832
1084,22,6370,1900
1084,23,6392,1922
1084,24,6408,1946
1084,25,6420,1968
1084,26,6438,1990
1084,27,6460,2006
1084,28,6476,2030
1084,29,6486,2050
1085,-1,4966,1386
1085,0,72,84
1085,1,282,214
1085,2,624,462
1085,3,1208,614
1085,4,1808,728
1085,5,2412,824
1085,6,3006,926
1085,7,3642,1068
1085,8,4360,1184
1085,9,5110,1314
1085,10,5632,1392
1085,11,6134,1468
1085,12,6632,1562
1085,13,7106,1668
1085,14,7490,1786
1085,15,7884,1860
1085,16,8238,1928
1085,17,8544,2030
1085,18,8778,2110
1085,19,9026,2166
1085,20,9226,2258
1085,21,9394,2358
1085,22,9544,2448
1085,23,9616,2544
1085,24,9642,2596
1085,25,9700,2640
1085,26,9786,2666
1085,27,9866,2700
1085,28,9912,2732
1085,29,9932,2770
1086,-1,3435,1332
1086,0,28,42
1086,1,98,78
1086,2,174,122
1086,3,302,206
1086,4,438,306
1086,5,604,402
1086,6,766,496
1086,7,956,650
1086,8,1282,752
1086,9,1626,806
1086,10,2006,842
1086,11,2372,894
1086,12,2704,946
1086,13,2996,978
1086,14,3280,1070
1086,15,3584,1196
1086,16,3924,1336
1086,17,4312,1506
1086,18,4704,1598
1086,19,5138,1704
1086,20,5498,1890
1086,21,5814,2098
1086,22,6096,2250
1086,23,6286,2354
1086,24,6470,2418
1086,25,6676,2482
1086,26,6828,2558
1086,27,6854,2634
1086,28,6866,2652
1086,29,6870,2662
1087,-1,3566,972
1087,0,26,42
1087,1,148,124
1087,2,362,244
1087,3,710,342
1087,4,1118,414
1087,5,1514,476
1087,6,1906,508
1087,7,2296,536
1087,8,2680,574
1087,9,3078,636
1087,10,3480,662
1087,11,3894,710
1087,12,4306,758
1087,13,4708,794
1087,14,5106,896
1087,15,5358,978
1087,16,5520,1104
1087,17,5638,1222
1087,18,5736,1278
1087,19,5832,1306
1087,20,5920,1354
1087,21,6032,1390
1087,22,6164,1428
1087,23,6326,1472
1087,24,6502,1558
1087,25,6674,1704
1087,26,6854,1796
1087,27,6988,1848
1087,28,7086,1876
1087,29,7132,1940
1088,-1,3091,1320
1088,0,18,32
1088,1,112,112
1088,2,284,198
1088,3,478,260
1088,4,698,418
1088,5,1002,558
1088,6,1332,638
1088,7,1642,734
1088,8,1986,844
1088,9,2396,948
1088,10,2816,1060
1088,11,3210,1214
1088,12,3564,1310
1088,13,3840,1384
1088,14,4036,1456
1088,15,4182,1482
1088,16,4338,1510
1088,17,4500,1566
1088,18,4610,1638
1088,19,4728,1734
1088,20,4892,1830
1088,21,5086,1946
1088,22,5282,2092
1088,23,5524,2238
1088,24,5782,2344
1088,25,6000,2438
1088,26,6096,2512
1088,27,6154,2584
1088,28,6172,2622
1088,29,6182,2636
1089,-1,3540,1326
1089,0,14,26
1089,1,56,70
1089,2,80,118
1089,3,160,234
1089,4,416,404
1089,5,754,538
1089,6,1018,766
1089,7,1362,1034
1089,8,1858,1250
1089,9,2292,1432
1089,10,2678,1504
1089,11,3092,1602
1089,12,3488,1722
1089,13,3862,1844
1089,14,4302,1988
1089,15,4718,2066
1089,16,5156,2094
1089,17,5492,2120
1089,18,5804,2168
1089,19,6080,2214
1089,20,6342,2252
1089,21,6566,2322
1089,22,6718,2376
1089,23,6834,2430
1089,24,6922,2478
1089,25,6988,2540
1089,26,7010,2572
1089,27,7028,2592
1089,28,7064,2630
1089,29,7080,2650
1090,-1,5202,1224
1090,0,20,32
1090,1,110,100
1090,2,240,184
1090,3,498,348
1090,4,920,516
1090,5,1500,718
1090,6,2196,862
1090,7,2874,956
1090,8,3546,1022
1090,9,4206,1076
1090,10,4854,1132
1090,11,5472,1178
1090,12,6104,1204
1090,13,6726,1242
1090,14,7312,1298
1090,15,7902,1344
1090,16,8424,1458
1090,17,8864,1574
1090,18,9246,1818
1090,19,9450,1994
1090,20,9572,2046
1090,21,9674,2090
1090,22,9770,2134
1090,23,9910,2198
1090,24,10080,2232
1090,25,10246,2292
1090,26,10356,2366
1090,27,10386,2410
1090,28,10396,2430
1090,29,10404,2446
1091,-1,8292,2812
1091,0,142,134
1091,1,228,210
1091,2,312,306
1091,3,450,418
1091,4,698,560
1091,5,1098,782
1091,6,1558,1084
1091,7,2036,1268
1091,8,2270,1436
1091,9,2464,1498
1091,10,2732,1636
1091,11,3392,1938
1091,12,4568,2318
1091,13,5982,2588
1091,14,6802,2748
1091,15,7488,2892
1091,16,8344,3106
1091,17,9280,3338
1091,18,10124,3644
1091,19,10992,3884
1091,20,12030,4024
1091,21,13058,4238
1091,22,13958,4556
1091,23,14568,4862
1091,24,14970,4962
1091,25,15344,5144
1091,26,15702,5214
1091,27,16058,5326
1091,28,16410,5472
1091,29,16584,5620
1092,-1,7137,1886
1092,0,84,98
1092,1,356,244
1092,2,760,408
1092,3,1322,634
1092,4,2020,794
1092,5,2760,950
1092,6,3540,1088
1092,7,4288,1236
1092,8,4898,1320
1092,9,5400,1370
1092,10,5916,1434
1092,11,6490,1528
1092,12,7078,1626
1092,13,7824,1790
1092,14,8682,1936
1092,15,9426,2002
1092,16,10158,2178
1092,17,10934,2412
1092,18,11668,2556
1092,19,12286,2750
1092,20,12754,2920
1092,21,13126,3094
1092,22,13412,3218
1092,23,13602,3282
1092,24,13772,3404
1092,25,13944,3494
1092,26,14098,3598
1092,27,14212,3662
1092,28,14238,3712
1092,29,14274,3770
1093,-1,3683,1092
1093,0,36,60
1093,1,170,170
1093,2,388,268
1093,3,500,382
1093,4,562,444
1093,5,690,494
1093,6,878,534
1093,7,1080,588
1093,8,1276,628
1093,9,1442,660
1093,10,1656,706
1093,11,1928,764
1093,12,2338,906
1093,13,2742,1030
1093,14,3164,1112
1093,15,3622,1230
1093,16,4098,1296
1093,17,4610,1368
1093,18,5114,1394
1093,19,5636,1424
1093,20,6054,1532
1093,21,6412,1638
1093,22,6678,1768
1093,23,6838,1878
1093,24,6982,1966
1093,25,7066,2002
1093,26,7158,2036
1093,27,7258,2058
1093,28,7338,2126
1093,29,7366,2176
1094,-1,6805,1964
1094,0,186,122
1094,1,570,278
1094,2,894,362
1094,3,1144,434
1094,4,1462,554
1094,5,1892,728
1094,6,2632,932
1094,7,3474,1136
1094,8,4140,1252
1094,9,4544,1344
1094,10,4880,1426
1094,11,5226,1524
1094,12,5562,1600
1094,13,5796,1724
1094,14,5950,1802
1094,15,5992,1882
1094,16,6172,2040
1094,17,6664,2196
1094,18,7330,2386
1094,19,8072,2460
1094,20,8826,2624
1094,21,9622,2826
1094,22,10620,2960
1094,23,11496,3146
1094,24,12294,3346
1094,25,12866,3584
1094,26,13168,3678
1094,27,13378,3768
1094,28,13520,3856
1094,29,13610,3926
1095,-1,3275,1070
1095,0,48,58
1095,1,134,92
1095,2,228,154
1095,3,376,244
1095,4,626,304
1095,5,868,350
1095,6,1130,394
1095,7,1388,470
1095,8,1644,576
1095,9,1964,758
1095,10,2468,942
1095,11,2858,1060
1095,12,3242,1158
1095,13,3600,1272
1095,14,3966,1302
1095,15,4320,1320
1095,16,4622,1384
1095,17,4894,1448
1095,18,5118,1526
1095,19,5370,1586
1095,20,5630,1624
1095,21,5848,1666
1095,22,6028,1720
1095,23,6162,1798
1095,24,6270,1866
1095,25,6384,1934
1095,26,6460,2012
1095,27,6510,2068
1095,28,6540,2116
1095,29,6550,2138
1096,-1,7765,2284
1096,0,104,104
1096,1,328,212
1096,2,632,352
1096,3,992,482
1096,4,1360,596
1096,5,1670,710
1096,6,2056,900
1096,7,2744,1084
1096,8,3620,1258
1096,9,4592,1404
1096,10,5378,1560
1096,11,6206,1740
1096,12,6934,1904
1096,13,7584,2028
1096,14,8338,2140
1096,15,9108,2298
1096,16,9816,2466
1096,17,10464,2636
1096,18,10994,2700
1096,19,11508,2802
1096,20,11958,2898
1096,21,12274,2964
1096,22,12418,3104
1096,23,12622,3262
1096,24,13086,3496
1096,25,13760,3784
1096,26,14598,4050
1096,27,15160,4238
1096,28,15418,4424
1096,29,15530,4566
1097,-1,4132,1306
1097,0,50,58
1097,1,122,90
1097,2,192,142
1097,3,280,206
1097,4,440,280
1097,5,616,436
1097,6,870,570
1097,7,1160,726
1097,8,1500,820
1097,9,1854,918
1097,10,2308,1034
1097,11,2850,1154
1097,12,3394,1342
1097,13,3930,1558
1097,14,4546,1696
1097,15,5104,1806
1097,16,5592,1900
1097,17,6048,1960
1097,18,6484,2034
1097,19,6850,2134
1097,20,7202,2196
1097,21,7512,2252
1097,22,7806,2296
1097,23,7994,2374
1097,24,8148,2442
1097,25,8200,2496
1097,26,8228,2538
1097,27,8238,2562
1097,28,8256,2590
1097,29,8264,2610
1098,-1,3258,1078
1098,0,32,38
1098,1,142,126
1098,2,272,216
1098,3,504,322
1098,4,818,460
1098,5,1130,586
1098,6,1378,706
1098,7,1590,796
1098,8,1778,892
1098,9,1992,964
1098,10,2342,1074
1098,11,2638,1152
1098,12,2892,1202
1098,13,3148,1240
1098,14,3386,1272
1098,15,3590,1328
1098,16,3822,1400
1098,17,4082,1510
1098,18,4348,1628
1098,19,4670,1670
1098,20,4978,1708
1098,21,5292,1750
1098,22,5558,1788
1098,23,5812,1822
1098,24,6072,1848
1098,25,6292,1920
1098,26,6404,2004
1098,27,6472,2076
1098,28,6494,2130
1098,29,6516,2150
1099,-1,5425,1560
1099,0,38,78
1099,1,254,192
1099,2,476,244
1099,3,702,322
1099,4,926,512
1099,5,1320,660
1099,6,1814,756
1099,7,2316,870
1099,8,2692,980
1099,9,3104,1124
1099,10,3428,1158
1099,11,3790,1220
1099,12,4090,1248
1099,13,4390,1284
1099,14,4686,1356
1099,15,4920,1418
1099,16,5218,1470
1099,17,5566,1564
1099,18,6024,1670
1099,19,6634,1906
1099,20,7286,2048
1099,21,7924,2174
1099,22,8476,2226
1099,23,9002,2286
1099,24,9600,2454
1099,25,10102,2632
1099,26,10444,2758
1099,27,10652,2894
1099,28,10798,3034
1099,29,10850,3116
1100,-1,5164,1890
1100,0,124,104
1100,1,330,270
1100,2,618,446
1100,3,886,608
1100,4,1362,692
1100,5,1810,786
1100,6,2206,980
1100,7,2856,1172
1100,8,3530,1296
1100,9,4088,1440
1100,10,4582,1608
1100,11,4992,1868
1100,12,5244,2044
1100,13,5526,2098
1100,14,5844,2212
1100,15,6066,2272
1100,16,6276,2448
1100,17,6552,2596
1100,18,6918,2660
1100,19,7254,2764
1100,20,7532,2838
1100,21,7814,2928
1100,22,8134,3068
1100,23,8574,3166
1100,24,8968,3266
1100,25,9346,3356
1100,26,9732,3460
1100,27,10070,3536
1100,28,10244,3664
1100,29,10328,3778
1101,-1,22003,3994
1101,0,108,144
1101,1,540,496
1101,2,1382,898
1101,3,2462,1242
1101,4,3726,1570
1101,5,5074,1886
1101,6,6498,2242
1101,7,8276,2670
1101,8,10636,3178
1101,9,13332,3426
1101,10,15934,3630
1101,11,18236,4160
1101,12,20152,4608
1101,13,22074,4936
1101,14,24208,5226
1101,15,26200,5430
1101,16,28090,5528
1101,17,30018,5614
1101,18,31826,5694
1101,19,33676,5870
1101,20,35634,6038
1101,21,37458,6272
1101,22,39008,6476
1101,23,40458,6704
1101,24,41416,6918
1101,25,42304,7146
1101,26,43360,7382
1101,27,43840,7778
1101,28,43954,7932
1101,29,44006,7984
1102,-1,3099,1212
1102,0,42,52
1102,1,144,82
1102,2,238,146
1102,3,434,264
1102,4,672,320
1102,5,928,392
1102,6,1194,458
1102,7,1416,546
1102,8,1618,614
1102,9,1826,698
1102,10,1962,752
1102,11,2084,808
1102,12,2274,874
1102,13,2520,948
1102,14,2658,1018
1102,15,2888,1146
1102,16,3244,1292
1102,17,3778,1340
1102,18,4374,1474
1102,19,4742,1694
1102,20,5000,1864
1102,21,5296,1984
1102,22,5536,2058
1102,23,5702,2160
1102,24,5830,2226
1102,25,5970,2250
1102,26,6100,2310
1102,27,6150,2356
1102,28,6174,2382
1102,29,6198,2422
1103,-1,3645,1294
1103,0,54,62
1103,1,152,126
1103,2,364,254
1103,3,614,354
1103,4,808,448
1103,5,974,538
1103,6,1140,582
1103,7,1326,660
1103,8,1584,752
1103,9,1902,868
1103,10,2238,972
1103,11,2578,1082
1103,12,2878,1132
1103,13,3208,1182
1103,14,3600,1294
1103,15,4002,1386
1103,16,4372,1488
1103,17,4712,1568
1103,18,5060,1658
1103,19,5404,1734
1103,20,5670,1826
1103,21,5892,1912
1103,22,6188,2004
1103,23,6450,2078
1103,24,6674,2138
1103,25,6882,2204
1103,26,7086,2320
1103,27,7206,2444
1103,28,7258,2534
1103,29,7290,2584
1104,-1,9565,2008
1104,0,26,42
1104,1,176,230
1104,2,522,364
1104,3,956,534
1104,4,1468,674
1104,5,1826,782
1104,6,2284,900
1104,7,2854,1096
1104,8,3666,1434
1104,9,4816,1616
1104,10,6172,1796
1104,11,7596,1892
1104,12,8978,2056
1104,13,10338,2310
1104,14,11796,2554
1104,15,13432,2702
1104,16,14872,2866
1104,17,16016,3070
1104,18,16972,3234
1104,19,17808,3364
1104,20,18272,3536
1104,21,18446,3688
1104,22,18534,3722
1104,23,18622,3746
1104,24,18728,3772
1104,25,18828,3810
1104,26,18916,3862
1104,27,19042,3912
1104,28,19100,3984
1104,29,19130,4012
1105,-1,4147,1126
1105,0,26,44
1105,1,116,104
1105,2,210,174
1105,3,478,382
1105,4,1018,634
1105,5,1582,878
1105,6,2308,942
1105,7,2986,1040
1105,8,3604,1100
1105,9,4196,1188
1105,10,4778,1302
1105,11,5312,1340
1105,12,5812,1398
1105,13,6270,1488
1105,14,6586,1582
1105,15,6826,1646
1105,16,7006,1680
1105,17,7144,1720
1105,18,7274,1748
1105,19,7420,1792
1105,20,7580,1840
1105,21,7750,1872
1105,22,7922,1940
1105,23,8050,1992
1105,24,8158,2038
1105,25,8190,2092
1105,26,8224,2132
1105,27,8242,2178
1105,28,8276,2210
1105,29,8294,2248
1106,-1,3323,1032
1106,0,16,28
1106,1,28,50
1106,2,62,104
1106,3,152,184
1106,4,262,280
1106,5,422,356
1106,6,616,434
1106,7,850,574
1106,8,1166,642
1106,9,1470,740
1106,10,1830,886
1106,11,2260,1000
1106,12,2688,1136
1106,13,3144,1246
1106,14,3612,1292
1106,15,4092,1346
1106,16,4554,1412
1106,17,4978,1498
1106,18,5352,1568
1106,19,5690,1646
1106,20,5926,1756
1106,21,6088,1838
1106,22,6238,1862
1106,23,6332,1888
1106,24,6426,1902
1106,25,6516,1916
1106,26,6584,1952
1106,27,6614,1994
1106,28,6640,2044
1106,29,6646,2062
1107,-1,10971,2150
1107,0,92,82
1107,1,292,166
1107,2,850,374
1107,3,1578,514
1107,4,2348,628
1107,5,3072,786
1107,6,4056,888
1107,7,5106,1014
1107,8,6042,1204
1107,9,6612,1574
1107,10,7256,1752
1107,11,7996,1828
1107,12,8656,1916
1107,13,9452,2044
1107,14,10274,2214
1107,15,11372,2340
1107,16,12500,2436
1107,17,13550,2508
1107,18,14524,2582
1107,19,15582,2664
1107,20,16834,2914
1107,21,18098,3104
1107,22,19292,3216
1107,23,20224,3446
1107,24,20958,3600
1107,25,21444,3802
1107,26,21728,4062
1107,27,21790,4164
1107,28,21858,4220
1107,29,21942,4296
1108,-1,4057,896
1108,0,64,68
1108,1,218,158
1108,2,410,228
1108,3,574,304
1108,4,752,396
1108,5,940,474
1108,6,1164,572
1108,7,1458,626
1108,8,1784,688
1108,9,2198,748
1108,10,2638,804
1108,11,3040,866
1108,12,3408,922
1108,13,3772,1006
1108,14,4166,1128
1108,15,4594,1184
1108,16,5052,1232
1108,17,5480,1272
1108,18,5850,1312
1108,19,6220,1338
1108,20,6596,1362
1108,21,6938,1404
1108,22,7250,1458
1108,23,7500,1524
1108,24,7706,1550
1108,25,7846,1624
1108,26,7934,1652
1108,27,8012,1684
1108,28,8082,1746
1108,29,8114,1790
1109,-1,4137,1294
1109,0,42,52
1109,1,144,82
1109,2,268,128
1109,3,408,156
1109,4,526,208
1109,5,648,240
1109,6,812,308
1109,7,1016,390
1109,8,1294,556
1109,9,1594,748
1109,10,1958,906
1109,11,2362,1010
1109,12,2802,1102
1109,13,3294,1160
1109,14,3788,1246
1109,15,4372,1356
1109,16,4944,1432
1109,17,5464,1532
1109,18,5972,1654
1109,19,6478,1810
1109,20,6902,1948
1109,21,7246,2048
1109,22,7558,2164
1109,23,7854,2294
1109,24,8088,2412
1109,25,8154,2480
1109,26,8198,2500
1109,27,8246,2538
1109,28,8268,2570
1109,29,8274,2586
1110,-1,3058,822
1110,0,12,20
1110,1,68,54
1110,2,124,100
1110,3,190,148
1110,4,288,190
1110,5,464,262
1110,6,702,306
1110,7,990,366
1110,8,1280,440
1110,9,1612,534
1110,10,1996,606
1110,11,2418,690
1110,12,2788,728
1110,13,3198,772
1110,14,3632,806
1110,15,4088,834
1110,16,4362,884
1110,17,4644,924
1110,18,4918,958
1110,19,5142,1032
1110,20,5334,1090
1110,21,5510,1154
1110,22,5656,1250
1110,23,5774,1346
1110,24,5884,1416
1110,25,5968,1494
1110,26,6028,1540
1110,27,6066,1576
1110,28,6092,1618
1110,29,6116,1632
1111,-1,7530,1870
1111,0,106,74
1111,1,282,144
1111,2,562,218
1111,3,950,334
1111,4,1510,426
1111,5,2252,632
1111,6,3202,758
1111,7,4192,994
1111,8,5196,1158
1111,9,6318,1264
1111,10,7466,1434
1111,11,8410,1644
1111,12,9170,1896
1111,13,9898,2040
1111,14,10674,2156
1111,15,11346,2340
1111,16,11800,2552
1111,17,12250,2752
1111,18,12728,2860
1111,19,13088,2946
1111,20,13398,3006
1111,21,13644,3064
1111,22,13910,3138
1111,23,14160,3186
1111,24,14444,3238
1111,25,14628,3404
1111,26,14760,3506
1111,27,14892,3578
1111,28,15006,3682
1111,29,15060,3736
1112,-1,4875,1326
1112,0,36,58
1112,1,134,170
1112,2,300,296
1112,3,560,416
1112,4,908,498
1112,5,1188,584
1112,6,1482,702
1112,7,1846,790
1112,8,2206,842
1112,9,2614,908
1112,10,3082,998
1112,11,3628,1044
1112,12,4216,1136
1112,13,4764,1214
1112,14,5336,1258
1112,15,5898,1370
1112,16,6418,1456
1112,17,6886,1608
1112,18,7242,1766
1112,19,7534,1852
1112,20,7822,1994
1112,21,8106,2098
1112,22,8446,2190
1112,23,8792,2246
1112,24,9082,2342
1112,25,9334,2464
1112,26,9528,2530
1112,27,9646,2584
1112,28,9716,2614
1112,29,9750,2648
1113,-1,23759,4904
1113,0,290,190
1113,1,922,422
1113,2,2048,828
1113,3,4560,1348
1113,4,6856,2010
1113,5,8620,2486
1113,6,10380,3172
1113,7,12284,3506
1113,8,14034,4044
1113,9,15310,4304
1113,10,16594,4658
1113,11,18680,4976
1113,12,20404,5278
1113,13,21708,5610
1113,14,22274,5878
1113,15,22692,6088
1113,16,23112,6188
1113,17,23908,6318
1113,18,24858,6504
1113,19,26298,6958
1113,20,28332,7558
1113,21,31214,7914
1113,22,34288,8032
1113,23,37488,8140
1113,24,40492,8274
1113,25,43352,8574
1113,26,45420,9146
1113,27,46386,9500
1113,28,47186,9596
1113,29,47518,9806
1114,-1,4505,1524
1114,0,18,36
1114,1,68,78
1114,2,136,128
1114,3,238,214
1114,4,434,394
1114,5,682,604
1114,6,1020,756
1114,7,1446,948
1114,8,1928,1120
1114,9,2470,1262
1114,10,3022,1420
1114,11,3586,1492
1114,12,4120,1560
1114,13,4620,1618
1114,14,5046,1722
1114,15,5336,1824
1114,16,5634,1904
1114,17,5928,1970
1114,18,6198,2032
1114,19,6432,2100
1114,20,6684,2196
1114,21,7004,2290
1114,22,7400,2438
1114,23,7840,2578
1114,24,8232,2730
1114,25,8498,2860
1114,26,8678,2910
1114,27,8846,2938
1114,28,8974,2994
1114,29,9010,3044
1115,-1,9275,1496
1115,0,98,102
1115,1,428,320
1115,2,1086,518
1115,3,1692,654
1115,4,2320,800
1115,5,3102,990
1115,6,4014,1114
1115,7,5012,1218
1115,8,6030,1292
1115,9,6922,1382
1115,10,7822,1418
1115,11,8810,1548
1115,12,9690,1612
1115,13,10662,1700
1115,14,11658,1752
1115,15,12598,1858
1115,16,13446,1894
1115,17,14320,1926
1115,18,15196,2012
1115,19,15980,2118
1115,20,16604,2270
1115,21,17134,2374
1115,22,17558,2462
1115,23,17894,2570
1115,24,18092,2674
1115,25,18218,2724
1115,26,18346,2756
1115,27,18442,2846
1115,28,18502,2916
1115,29,18550,2982
1116,-1,3513,868
1116,0,98,100
1116,1,170,162
1116,2,234,206
1116,3,358,252
1116,4,510,296
1116,5,706,342
1116,6,892,388
1116,7,1094,484
1116,8,1352,588
1116,9,1648,674
1116,10,1954,712
1116,11,2244,748
1116,12,2532,780
1116,13,2840,846
1116,14,3214,912
1116,15,3576,942
1116,16,3908,978
1116,17,4222,1004
1116,18,4548,1040
1116,19,4930,1122
1116,20,5340,1200
1116,21,5714,1250
1116,22,6076,1284
1116,23,6370,1338
1116,24,6634,1394
1116,25,6816,1522
1116,26,6924,1616
1116,27,6984,1684
1116,28,7014,1716
1116,29,7026,1734
1117,-1,3249,840
1117,0,38,50
1117,1,118,116
1117,2,244,218
1117,3,448,290
1117,4,700,360
1117,5,976,442
1117,6,1308,526
1117,7,1694,620
1117,8,2068,730
1117,9,2422,834
1117,10,2788,926
1117,11,3156,962
1117,12,3562,1020
1117,13,3932,1078
1117,14,4334,1114
1117,15,4738,1152
1117,16,5080,1190
1117,17,5400,1238
1117,18,5602,1286
1117,19,5786,1332
1117,20,5944,1402
1117,21,6076,1444
1117,22,6188,1484
1117,23,6286,1518
1117,24,6352,1552
1117,25,6398,1566
1117,26,6438,1594
1117,27,6460,1632
1117,28,6482,1656
1117,29,6498,1676
1118,-1,3506,1032
1118,0,20,38
1118,1,76,66
1118,2,124,118
1118,3,194,150
1118,4,348,222
1118,5,588,298
1118,6,866,418
1118,7,1194,532
1118,8,1636,622
1118,9,2144,730
1118,10,2674,840
1118,11,3142,918
1118,12,3566,994
1118,13,3984,1136
1118,14,4250,1360
1118,15,4498,1508
1118,16,4788,1562
1118,17,5094,1584
1118,18,5400,1626
1118,19,5670,1678
1118,20,5892,1708
1118,21,6104,1742
1118,22,6324,1790
1118,23,6510,1826
1118,24,6668,1848
1118,25,6822,1894
1118,26,6926,1962
1118,27,6962,2022
1118,28,6996,2040
1118,29,7012,2060
1119,-1,6250,2040
1119,0,62,92
1119,1,298,258
1119,2,666,434
1119,3,1268,634
1119,4,1804,776
1119,5,2366,976
1119,6,2892,1212
1119,7,3248,1282
1119,8,3618,1402
1119,9,4110,1518
1119,10,4614,1626
1119,11,5134,1772
1119,12,5604,1880
1119,13,6118,1988
1119,14,6562,2080
1119,15,6946,2154
1119,16,7282,2264
1119,17,7642,2474
1119,18,8086,2656
1119,19,8608,2782
1119,20,9122,2900
1119,21,9664,3052
1119,22,10272,3178
1119,23,10850,3276
1119,24,11424,3444
1119,25,11908,3618
1119,26,12208,3838
1119,27,12382,3984
1119,28,12472,4038
1119,29,12500,4078
1120,-1,9114,2410
1120,0,28,44
1120,1,176,112
1120,2,366,202
1120,3,596,348
1120,4,892,510
1120,5,1200,596
1120,6,1594,740
1120,7,2244,950
1120,8,3174,1212
1120,9,4230,1322
1120,10,5340,1504
1120,11,6480,1750
1120,12,7794,1910
1120,13,9148,2032
1120,14,10554,2130
1120,15,11860,2324
1120,16,13078,2522
1120,17,14066,2816
1120,18,14764,3252
1120,19,15228,3566
1120,20,15588,3742
1120,21,16052,3968
1120,22,16564,4192
1120,23,16902,4318
1120,24,17160,4416
1120,25,17448,4482
1120,26,17722,4542
1120,27,17926,4660
1120,28,18120,4724
1120,29,18228,4818
1121,-1,32747,5972
1121,0,146,178
1121,1,342,316
1121,2,832,590
1121,3,1908,1130
1121,4,3840,1482
1121,5,6060,2000
1121,6,8840,2386
1121,7,11162,3002
1121,8,12818,3462
1121,9,14714,3898
1121,10,16644,4398
1121,11,18324,4530
1121,12,20456,4932
1121,13,22864,5444
1121,14,25706,6014
1121,15,28938,6910
1121,16,32616,7590
1121,17,36008,8012
1121,18,39710,8466
1121,19,43928,8822
1121,20,48068,9148
1121,21,52136,9598
1121,22,55782,10018
1121,23,58872,10470
1121,24,61336,10788
1121,25,62924,11114
1121,26,64174,11494
1121,27,64848,11692
1121,28,65358,11808
1121,29,65494,11942
1122,-1,13446,2496
1122,0,48,52
1122,1,184,144
1122,2,558,348
1122,3,1106,478
1122,4,1788,616
1122,5,2502,716
1122,6,3162,904
1122,7,4058,1186
1122,8,4950,1520
1122,9,5896,2026
1122,10,7228,2332
1122,11,8678,2520
1122,12,10152,2642
1122,13,11646,2744
1122,14,13122,2846
1122,15,14574,2896
1122,16,15968,3038
1122,17,17322,3170
1122,18,18624,3310
1122,19,19876,3362
1122,20,21144,3418
1122,21,22426,3464
1122,22,23662,3536
1122,23,24696,3872
1122,24,25650,4238
1122,25,26194,4504
1122,26,26538,4666
1122,27,26714,4834
1122,28,26818,4928
1122,29,26892,4990
1123,-1,3317,1098
1123,0,32,46
1123,1,108,98
1123,2,246,164
1123,3,428,206
1123,4,622,246
1123,5,806,312
1123,6,1002,430
1123,7,1258,570
1123,8,1580,722
1123,9,2010,844
1123,10,2468,894
1123,11,2920,920
1123,12,3376,952
1123,13,3814,1018
1123,14,4212,1108
1123,15,4532,1180
1123,16,4788,1266
1123,17,5006,1398
1123,18,5244,1532
1123,19,5496,1616
1123,20,5730,1682
1123,21,5930,1754
1123,22,6072,1826
1123,23,6244,1918
1123,24,6348,1968
1123,25,6440,2008
1123,26,6520,2054
1123,27,6594,2110
1123,28,6630,2182
1123,29,6634,2194
1124,-1,3841,1716
1124,0,26,50
1124,1,108,150
1124,2,316,252
1124,3,528,356
1124,4,798,568
1124,5,1186,834
1124,6,1572,1022
1124,7,1946,1152
1124,8,2356,1314
1124,9,2846,1484
1124,10,3288,1642
1124,11,3664,1772
1124,12,3936,1952
1124,13,4230,2106
1124,14,4602,2184
1124,15,4942,2240
1124,16,5274,2280
1124,17,5600,2452
1124,18,5886,2654
1124,19,6154,2760
1124,20,6406,2916
1124,21,6572,2996
1124,22,6706,3072
1124,23,6804,3118
1124,24,6940,3158
1124,25,7088,3178
1124,26,7262,3214
1124,27,7416,3254
1124,28,7596,3308
1124,29,7682,3426
1125,-1,5118,1638
1125,0,64,54
1125,1,156,92
1125,2,314,178
1125,3,698,430
1125,4,1434,714
1125,5,2120,930
1125,6,2658,1000
1125,7,3156,1050
1125,8,3646,1100
1125,9,4178,1198
1125,10,4732,1272
1125,11,5304,1376
1125,12,5826,1466
1125,13,6364,1608
1125,14,6864,1756
1125,15,7306,1884
1125,16,7794,2016
1125,17,8232,2106
1125,18,8580,2210
1125,19,8828,2348
1125,20,8934,2424
1125,21,9016,2492
1125,22,9086,2554
1125,23,9212,2654
1125,24,9440,2752
1125,25,9636,2812
1125,26,9846,2900
1125,27,10032,3060
1125,28,10180,3200
1125,29,10236,3274
1126,-1,36508,4852
1126,0,338,158
1126,1,1464,598
1126,2,3258,952
1126,3,5606,1296
1126,4,8190,1568
1126,5,10824,1704
1126,6,13430,1898
1126,7,15802,2338
1126,8,18484,3122
1126,9,22790,3800
1126,10,26826,4124
1126,11,30528,4454
1126,12,34428,4988
1126,13,38572,5410
1126,14,42602,5760
1126,15,46350,6026
1126,16,49990,6528
1126,17,52848,6986
1126,18,55274,7546
1126,19,57684,7734
1126,20,60058,7942
1126,21,62348,8056
1126,22,64638,8184
1126,23,66922,8492
1126,24,68450,8830
1126,25,69890,8940
1126,26,71062,9100
1126,27,72014,9286
1126,28,72718,9494
1126,29,73016,9700
1127,-1,6424,1946
1127,0,142,164
1127,1,654,268
1127,2,1246,396
1127,3,1662,556
1127,4,2016,622
1127,5,2372,678
1127,6,2638,778
1127,7,2900,934
1127,8,3372,1174
1127,9,3980,1236
1127,10,4546,1326
1127,11,5166,1538
1127,12,5914,1750
1127,13,6786,1942
1127,14,7682,2108
1127,15,8356,2302
1127,16,8850,2518
1127,17,9270,2604
1127,18,9592,2666
1127,19,10000,2740
1127,20,10398,2826
1127,21,10716,2952
1127,22,11162,3120
1127,23,11532,3308
1127,24,11818,3408
1127,25,12034,3484
1127,26,12314,3598
1127,27,12586,3670
1127,28,12772,3770
1127,29,12848,3886
1128,-1,10825,2724
1128,0,68,108
1128,1,484,376
1128,2,1258,732
1128,3,2318,1212
1128,4,3496,1514
1128,5,4830,1728
1128,6,6008,1834
1128,7,7258,2118
1128,8,8622,2350
1128,9,9954,2580
1128,10,10970,2780
1128,11,11932,2982
1128,12,12778,3226
1128,13,13580,3374
1128,14,14244,3606
1128,15,14820,3764
1128,16,15506,3934
1128,17,16316,4126
1128,18,17102,4324
1128,19,17642,4496
1128,20,18188,4614
1128,21,18702,4730
1128,22,19146,4774
1128,23,19588,4816
1128,24,20070,4896
1128,25,20574,4946
1128,26,21060,5042
1128,27,21440,5246
1128,28,21612,5374
1128,29,21650,5440
1129,-1,9072,2820
1129,0,30,52
1129,1,166,142
1129,2,408,224
1129,3,768,394
1129,4,1502,544
1129,5,2408,730
1129,6,3474,958
1129,7,4506,1272
1129,8,5194,1510
1129,9,5900,1912
1129,10,6632,2096
1129,11,7348,2202
1129,12,8210,2356
1129,13,9034,2676
1129,14,9488,3032
1129,15,10078,3248
1129,16,10556,3484
1129,17,10904,3680
1129,18,11394,3840
1129,19,12016,3958
1129,20,12646,4120
1129,21,13620,4376
1129,22,14592,4626
1129,23,15474,4848
1129,24,16308,5074
1129,25,16844,5134
1129,26,17374,5234
1129,27,17850,5402
1129,28,18054,5516
1129,29,18144,5632
1130,-1,16240,3456
1130,0,132,122
1130,1,658,422
1130,2,1626,702
1130,3,2552,1218
1130,4,3712,1608
1130,5,4892,1946
1130,6,6274,2394
1130,7,7914,2996
1130,8,9922,3510
1130,9,11908,3698
1130,10,13814,3904
1130,11,15706,4000
1130,12,17600,4092
1130,13,19448,4152
1130,14,21294,4204
1130,15,23132,4328
1130,16,24808,4648
1130,17,26088,5034
1130,18,27130,5182
1130,19,28064,5290
1130,20,28982,5382
1130,21,29814,5556
1130,22,30632,5754
1130,23,31376,5928
1130,24,31850,6234
1130,25,32146,6500
1130,26,32304,6702
1130,27,32378,6804
1130,28,32428,6850
1130,29,32480,6910
1131,-1,3473,954
1131,0,76,80
1131,1,244,132
1131,2,486,196
1131,3,770,240
1131,4,1090,274
1131,5,1496,320
1131,6,1944,390
1131,7,2314,486
1131,8,2690,558
1131,9,3094,634
1131,10,3470,702
1131,11,3808,844
1131,12,4098,962
1131,13,4310,1022
1131,14,4496,1124
1131,15,4696,1158
1131,16,4904,1198
1131,17,5168,1232
1131,18,5380,1286
1131,19,5588,1372
1131,20,5796,1418
1131,21,6010,1478
1131,22,6198,1554
1131,23,6368,1638
1131,24,6552,1720
1131,25,6700,1758
1131,26,6812,1794
1131,27,6886,1848
1131,28,6930,1866
1131,29,6946,1904
1132,-1,3835,990
1132,0,36,58
1132,1,122,136
1132,2,260,220
1132,3,444,346
1132,4,692,466
1132,5,1010,568
1132,6,1392,652
1132,7,1808,678
1132,8,2228,716
1132,9,2640,752
1132,10,3074,818
1132,11,3558,886
1132,12,4016,966
1132,13,4498,1036
1132,14,4968,1112
1132,15,5398,1164
1132,16,5782,1210
1132,17,6148,1264
1132,18,6484,1344
1132,19,6776,1404
1132,20,7014,1538
1132,21,7232,1654
1132,22,7392,1722
1132,23,7498,1792
1132,24,7534,1834
1132,25,7570,1864
1132,26,7610,1894
1132,27,7634,1930
1132,28,7660,1948
1132,29,7670,1978
1133,-1,36141,3848
1133,0,132,160
1133,1,706,406
1133,2,1624,660
1133,3,2630,1146
1133,4,4094,1630
1133,5,6272,2036
1133,6,8768,2460
1133,7,11444,2706
1133,8,14450,2920
1133,9,17590,3054
1133,10,20946,3146
1133,11,24284,3328
1133,12,27488,3482
1133,13,30526,3574
1133,14,33778,3726
1133,15,37180,3906
1133,16,40662,4108
1133,17,44118,4272
1133,18,47768,4506
1133,19,51848,4748
1133,20,56354,5020
1133,21,59848,5358
1133,22,62796,5704
1133,23,65296,6032
1133,24,67458,6386
1133,25,69214,6592
1133,26,70508,6916
1133,27,71652,7242
1133,28,72186,7548
1133,29,72282,7692
1134,-1,3032,870
1134,0,22,34
1134,1,60,58
1134,2,82,84
1134,3,112,122
1134,4,200,184
1134,5,398,332
1134,6,636,498
1134,7,834,644
1134,8,1076,728
1134,9,1360,796
1134,10,1710,872
1134,11,2118,894
1134,12,2534,924
1134,13,2960,956
1134,14,3354,1006
1134,15,3732,1076
1134,16,4120,1134
1134,17,4546,1192
1134,18,4948,1254
1134,19,5316,1336
1134,20,5602,1456
1134,21,5758,1534
1134,22,5828,1566
1134,23,5890,1578
1134,24,5948,1612
1134,25,5996,1646
1134,26,6018,1690
1134,27,6046,1708
1134,28,6060,1726
1134,29,6064,1738
1135,-1,3148,1166
1135,0,42,38
1135,1,104,62
1135,2,190,114
1135,3,312,174
1135,4,456,262
1135,5,642,412
1135,6,902,574
1135,7,1122,724
1135,8,1396,782
1135,9,1740,868
1135,10,2264,942
1135,11,2768,988
1135,12,3114,1034
1135,13,3384,1116
1135,14,3664,1170
1135,15,3962,1244
1135,16,4250,1334
1135,17,4482,1446
1135,18,4662,1554
1135,19,4850,1630
1135,20,5066,1728
1135,21,5244,1788
1135,22,5400,1842
1135,23,5514,1896
1135,24,5668,1978
1135,25,5802,2070
1135,26,5962,2126
1135,27,6120,2170
1135,28,6242,2264
1135,29,6296,2324
1136,-1,20642,3730
1136,0,152,180
1136,1,610,524
1136,2,1082,794
1136,3,1382,1054
1136,4,2060,1156
1136,5,3188,1302
1136,6,4694,1546
1136,7,6906,1984
1136,8,9976,2274
1136,9,13178,2534
1136,10,16250,2698
1136,11,19290,2840
1136,12,22224,3212
1136,13,24302,3764
1136,14,25824,3952
1136,15,27224,4200
1136,16,28518,4300
1136,17,29684,4506
1136,18,30624,4942
1136,19,31882,5460
1136,20,33294,5794
1136,21,34670,6026
1136,22,35692,6126
1136,23,36740,6196
1136,24,37792,6268
1136,25,38862,6420
1136,26,39754,6618
1136,27,40366,6878
1136,28,40980,7158
1136,29,41284,7456
1137,-1,8105,1850
1137,0,78,104
1137,1,430,344
1137,2,718,518
1137,3,1140,806
1137,4,1820,1112
1137,5,2720,1394
1137,6,3650,1644
1137,7,4744,1884
1137,8,5562,2098
1137,9,6458,2234
1137,10,7380,2364
1137,11,8292,2428
1137,12,9206,2498
1137,13,10104,2604
1137,14,10996,2716
1137,15,11792,2824
1137,16,12500,2894
1137,17,13122,3032
1137,18,13646,3094
1137,19,14126,3124
1137,20,14552,3162
1137,21,14946,3232
1137,22,15256,3300
1137,23,15476,3360
1137,24,15696,3408
1137,25,15938,3452
1137,26,16062,3570
1137,27,16150,3624
1137,28,16196,3668
1137,29,16210,3698
1138,-1,10379,1746
1138,0,104,84
1138,1,284,178
1138,2,662,444
1138,3,1204,694
1138,4,1918,854
1138,5,2756,904
1138,6,3694,972
1138,7,4676,1038
1138,8,5612,1092
1138,9,6610,1236
1138,10,7802,1430
1138,11,9134,1552
1138,12,10206,1666
1138,13,11298,1800
1138,14,12466,1978
1138,15,13624,2072
1138,16,14632,2192
1138,17,15484,2274
1138,18,16212,2326
1138,19,16838,2448
1138,20,17332,2548
1138,21,17860,2648
1138,22,18486,2752
1138,23,19010,2856
1138,24,19466,2930
1138,25,19892,2968
1138,26,20280,3074
1138,27,20588,3248
1138,28,20726,3422
1138,29,20758,3490
1139,-1,27513,4800
1139,0,120,162
1139,1,564,260
1139,2,1192,336
1139,3,1938,448
1139,4,2806,656
1139,5,4224,1034
1139,6,6698,1702
1139,7,9806,2194
1139,8,13006,2742
1139,9,16882,3170
1139,10,20974,3554
1139,11,24744,3948
1139,12,28376,4462
1139,13,31302,5004
1139,14,34142,5362
1139,15,36898,5924
1139,16,39834,6216
1139,17,42586,6458
1139,18,45036,6930
1139,19,47120,7376
1139,20,48780,7832
1139,21,50114,8052
1139,22,51342,8190
1139,23,52484,8296
1139,24,53472,8470
1139,25,54192,8778
1139,26,54550,9098
1139,27,54810,9298
1139,28,54960,9494
1139,29,55026,9598
1140,-1,9260,1730
1140,0,28,56
1140,1,282,280
1140,2,668,476
1140,3,1090,678
1140,4,1710,832
1140,5,2396,884
1140,6,3106,956
1140,7,3912,1164
1140,8,4840,1378
1140,9,5716,1506
1140,10,6600,1580
1140,11,7436,1618
1140,12,8224,1730
1140,13,9102,1878
1140,14,9960,2016
1140,15,10706,2108
1140,16,11390,2140
1140,17,12082,2184
1140,18,12752,2228
1140,19,13484,2296
1140,20,14278,2380
1140,21,14866,2488
1140,22,15532,2606
1140,23,16214,2702
1140,24,16834,2802
1140,25,17394,2920
1140,26,17918,3036
1140,27,18338,3194
1140,28,18494,3412
1140,29,18520,3456
1141,-1,85900,11034
1141,0,1316,592
1141,1,5278,1940
1141,2,10676,2530
1141,3,14312,2778
1141,4,17774,3142
1141,5,22406,4344
1141,6,27148,4538
1141,7,32086,4916
1141,8,36444,5424
1141,9,41876,6094
1141,10,47856,6542
1141,11,55828,7690
1141,12,62914,8892
1141,13,71190,10112
1141,14,83700,11190
1141,15,97022,11548
1141,16,108248,12912
1141,17,120044,14284
1141,18,129350,15808
1141,19,136632,16618
1141,20,143252,17070
1141,21,149926,17524
1141,22,156284,18314
1141,23,161120,19162
1141,24,164028,19434
1141,25,166480,20194
1141,26,168118,20846
1141,27,170164,21330
1141,28,171306,21766
1141,29,171800,22064
1142,-1,36662,4436
1142,0,138,160
1142,1,924,518
1142,2,2480,826
1142,3,4188,1042
1142,4,5702,1190
1142,5,7300,1476
1142,6,9090,1676
1142,7,11406,2036
1142,8,13800,2392
1142,9,16664,3008
1142,10,19572,3554
1142,11,22594,3880
1142,12,26356,4316
1142,13,30636,4534
1142,14,34858,4694
1142,15,39142,4976
1142,16,44264,5206
1142,17,49450,5322
1142,18,54348,5572
1142,19,58658,6100
1142,20,62096,6684
1142,21,65100,6894
1142,22,67624,7114
1142,23,69444,7518
1142,24,70850,7834
1142,25,72044,8212
1142,26,72676,8516
1142,27,73008,8672
1142,28,73210,8786
1142,29,73324,8870
1143,-1,9778,2366
1143,0,60,76
1143,1,262,244
1143,2,870,510
1143,3,1630,720
1143,4,2128,926
1143,5,2836,1154
1143,6,3862,1274
1143,7,5028,1438
1143,8,6260,1568
1143,9,7450,1692
1143,10,8338,1930
1143,11,8772,2178
1143,12,9232,2406
1143,13,9800,2596
1143,14,10574,2748
1143,15,11230,2902
1143,16,11920,3052
1143,17,12598,3182
1143,18,13394,3362
1143,19,14126,3486
1143,20,14852,3624
1143,21,15574,3670
1143,22,16302,3832
1143,23,17052,3956
1143,24,17936,4044
1143,25,18572,4230
1143,26,19028,4324
1143,27,19288,4480
1143,28,19504,4636
1143,29,19556,4730
1144,-1,4490,1444
1144,0,20,32
1144,1,118,102
1144,2,254,172
1144,3,406,278
1144,4,660,398
1144,5,1006,544
1144,6,1376,744
1144,7,1808,990
1144,8,2188,1186
1144,9,2564,1314
1144,10,2968,1374
1144,11,3416,1432
1144,12,3874,1496
1144,13,4404,1552
1144,14,5002,1632
1144,15,5548,1762
1144,16,5984,1874
1144,17,6394,1948
1144,18,6810,1982
1144,19,7188,2064
1144,20,7540,2182
1144,21,7936,2246
1144,22,8260,2318
1144,23,8438,2434
1144,24,8594,2494
1144,25,8734,2624
1144,26,8824,2708
1144,27,8876,2782
1144,28,8952,2846
1144,29,8980,2882
1145,-1,7567,1924
1145,0,88,132
1145,1,344,332
1145,2,702,510
1145,3,1174,700
1145,4,1764,882
1145,5,2336,1100
1145,6,3122,1260
1145,7,3962,1354
1145,8,4870,1468
1145,9,5822,1572
1145,10,6732,1658
1145,11,7594,1770
1145,12,8250,1882
1145,13,8886,2032
1145,14,9510,2198
1145,15,10064,2428
1145,16,10632,2560
1145,17,11108,2634
1145,18,11620,2736
1145,19,12140,2856
1145,20,12720,3042
1145,21,13282,3198
1145,22,13738,3288
1145,23,14082,3362
1145,24,14370,3466
1145,25,14668,3568
1145,26,14870,3648
1145,27,15034,3736
1145,28,15118,3808
1145,29,15134,3846
1146,-1,5954,1452
1146,0,24,50
1146,1,164,182
1146,2,422,278
1146,3,638,376
1146,4,980,612
1146,5,1558,780
1146,6,2166,966
1146,7,2774,1078
1146,8,3384,1224
1146,9,4022,1360
1146,10,4704,1474
1146,11,5340,1584
1146,12,5796,1620
1146,13,6246,1688
1146,14,6706,1710
1146,15,7216,1770
1146,16,7688,1822
1146,17,8160,1868
1146,18,8642,1926
1146,19,9138,1974
1146,20,9616,2002
1146,21,10088,2050
1146,22,10488,2190
1146,23,10850,2356
1146,24,11172,2458
1146,25,11466,2608
1146,26,11668,2734
1146,27,11786,2802
1146,28,11866,2838
1146,29,11908,2898
1147,-1,4910,1126
1147,0,22,36
1147,1,170,146
1147,2,430,212
1147,3,752,310
1147,4,1100,404
1147,5,1486,478
1147,6,1830,538
1147,7,2182,590
1147,8,2556,654
1147,9,2964,682
1147,10,3338,708
1147,11,3740,776
1147,12,4084,836
1147,13,4460,898
1147,14,4894,948
1147,15,5368,972
1147,16,5844,1016
1147,17,6316,1064
1147,18,6830,1162
1147,19,7336,1216
1147,20,7796,1312
1147,21,8228,1494
1147,22,8664,1642
1147,23,9020,1816
1147,24,9292,1976
1147,25,9498,2080
1147,26,9646,2132
1147,27,9740,2188
1147,28,9796,2222
1147,29,9820,2246
1148,-1,7390,1762
1148,0,50,62
1148,1,170,182
1148,2,534,354
1148,3,1160,492
1148,4,1830,820
1148,5,2666,912
1148,6,3504,976
1148,7,4222,1064
1148,8,4946,1162
1148,9,5522,1296
1148,10,5876,1388
1148,11,6106,1506
1148,12,6368,1580
1148,13,6670,1700
1148,14,6904,1830
1148,15,7474,1990
1148,16,8174,2126
1148,17,8994,2264
1148,18,9768,2348
1148,19,10470,2404
1148,20,11162,2454
1148,21,11792,2522
1148,22,12316,2584
1148,23,12854,2630
1148,24,13402,2778
1148,25,13890,2954
1148,26,14204,3140
1148,27,14524,3302
1148,28,14742,3444
1148,29,14780,3520
1149,-1,8691,2512
1149,0,70,52
1149,1,158,126
1149,2,322,296
1149,3,674,532
1149,4,1088,720
1149,5,1544,818
1149,6,2106,1034
1149,7,2718,1202
1149,8,3434,1440
1149,9,4186,1672
1149,10,4860,1934
1149,11,5640,2292
1149,12,6464,2508
1149,13,7318,2682
1149,14,8276,2926
1149,15,9276,3046
1149,16,10220,3126
1149,17,10984,3232
1149,18,11732,3384
1149,19,12444,3508
1149,20,13244,3614
1149,21,14078,3772
1149,22,14926,3906
1149,23,15690,4142
1149,24,16190,4338
1149,25,16586,4510
1149,26,16936,4640
1149,27,17218,4818
1149,28,17356,4978
1149,29,17382,5022
1150,-1,5977,1262
1150,0,32,58
1150,1,102,174
1150,2,350,484
1150,3,882,770
1150,4,1694,954
1150,5,2336,994
1150,6,2994,1022
1150,7,3644,1078
1150,8,4266,1124
1150,9,4904,1174
1150,10,5574,1220
1150,11,6214,1278
1150,12,6826,1324
1150,13,7450,1354
1150,14,8074,1404
1150,15,8740,1502
1150,16,9334,1636
1150,17,9844,1746
1150,18,10220,1914
1150,19,10496,2012
1150,20,10732,2076
1150,21,10916,2108
1150,22,11096,2148
1150,23,11316,2202
1150,24,11566,2250
1150,25,11740,2360
1150,26,11834,2416
1150,27,11892,2452
1150,28,11940,2498
1150,29,11954,2522
1151,-1,12881,1718
1151,0,102,70
1151,1,240,136
1151,2,498,296
1151,3,1004,406
1151,4,1802,588
1151,5,2920,746
1151,6,4224,818
1151,7,5614,898
1151,8,6928,1002
1151,9,8272,1090
1151,10,9660,1194
1151,11,10996,1286
1151,12,12370,1380
1151,13,13840,1454
1151,14,15034,1546
1151,15,16260,1582
1151,16,17466,1672
1151,17,18624,1764
1151,18,19626,1914
1151,19,20578,2074
1151,20,21524,2192
1151,21,22358,2330
1151,22,23138,2474
1151,23,23742,2626
1151,24,24272,2768
1151,25,24782,2856
1151,26,25238,2992
1151,27,25562,3164
1151,28,25718,3370
1151,29,25762,3434
1152,-1,5101,1402
1152,0,32,66
1152,1,130,150
1152,2,250,226
1152,3,458,346
1152,4,722,458
1152,5,1006,574
1152,6,1228,666
1152,7,1488,796
1152,8,1846,964
1152,9,2296,1108
1152,10,2750,1218
1152,11,3160,1286
1152,12,3610,1372
1152,13,4072,1462
1152,14,4472,1564
1152,15,4912,1646
1152,16,5378,1762
1152,17,5920,1826
1152,18,6474,1854
1152,19,6992,1906
1152,20,7482,1940
1152,21,7986,1984
1152,22,8430,2042
1152,23,8832,2142
1152,24,9262,2266
1152,25,9630,2390
1152,26,9906,2560
1152,27,10112,2698
1152,28,10190,2770
1152,29,10202,2802
1153,-1,3114,1120
1153,0,12,22
1153,1,86,86
1153,2,198,126
1153,3,310,154
1153,4,446,174
1153,5,564,218
1153,6,750,306
1153,7,906,372
1153,8,1072,480
1153,9,1216,578
1153,10,1422,692
1153,11,1692,812
1153,12,2026,950
1153,13,2350,1100
1153,14,2750,1188
1153,15,3166,1260
1153,16,3564,1356
1153,17,3956,1386
1153,18,4356,1412
1153,19,4782,1450
1153,20,5176,1548
1153,21,5462,1686
1153,22,5678,1820
1153,23,5778,1882
1153,24,5894,1952
1153,25,5992,2040
1153,26,6090,2092
1153,27,6176,2152
1153,28,6208,2202
1153,29,6228,2234
1154,-1,3229,858
1154,0,30,46
1154,1,168,168
1154,2,460,274
1154,3,760,344
1154,4,1108,446
1154,5,1520,532
1154,6,1940,640
1154,7,2360,728
1154,8,2754,842
1154,9,3146,914
1154,10,3584,1018
1154,11,3824,1080
1154,12,4042,1136
1154,13,4266,1186
1154,14,4508,1212
1154,15,4744,1234
1154,16,4962,1248
1154,17,5176,1282
1154,18,5376,1316
1154,19,5562,1340
1154,20,5760,1370
1154,21,5940,1416
1154,22,6076,1478
1154,23,6178,1540
1154,24,6250,1582
1154,25,6326,1622
1154,26,6380,1656
1154,27,6416,1674
1154,28,6450,1688
1154,29,6458,1714
1155,-1,12954,3144
1155,0,186,114
1155,1,482,216
1155,2,720,420
1155,3,1444,818
1155,4,2570,1108
1155,5,3634,1192
1155,6,4798,1390
1155,7,6170,1506
1155,8,7564,1676
1155,9,8730,1900
1155,10,9816,2086
1155,11,10984,2234
1155,12,12104,2386
1155,13,13086,2528
1155,14,13882,2670
1155,15,14758,2972
1155,16,15278,3250
1155,17,15714,3402
1155,18,16528,3676
1155,19,17804,3924
1155,20,19216,4066
1155,21,20624,4344
1155,22,21774,4568
1155,23,22904,4956
1155,24,23946,5436
1155,25,24500,5694
1155,26,24904,5836
1155,27,25490,5998
1155,28,25768,6140
1155,29,25908,6280
1156,-1,6760,1596
1156,0,46,40
1156,1,84,76
1156,2,190,146
1156,3,378,196
1156,4,582,270
1156,5,802,374
1156,6,1128,470
1156,7,1474,514
1156,8,1874,636
1156,9,2412,908
1156,10,3098,1056
1156,11,3872,1202
1156,12,4712,1294
1156,13,5492,1400
1156,14,6196,1450
1156,15,6854,1502
1156,16,7470,1566
1156,17,8094,1646
1156,18,8724,1744
1156,19,9330,1914
1156,20,9898,2072
1156,21,10452,2188
1156,22,11046,2292
1156,23,11556,2408
1156,24,12062,2514
1156,25,12604,2622
1156,26,13082,2802
1156,27,13308,2986
1156,28,13450,3110
1156,29,13520,3186
1157,-1,23421,4350
1157,0,104,120
1157,1,296,208
1157,2,738,452
1157,3,1642,764
1157,4,2578,924
1157,5,3926,1102
1157,6,5670,1474
1157,7,8496,2072
1157,8,12080,2558
1157,9,15550,3078
1157,10,18986,3386
1157,11,22274,3552
1157,12,25172,3836
1157,13,27662,3982
1157,14,29760,4212
1157,15,31234,4508
1157,16,32754,4636
1157,17,34112,4752
1157,18,35370,5156
1157,19,36342,5488
1157,20,37064,5974
1157,21,38002,6238
1157,22,39334,6590
1157,23,40804,7058
1157,24,42324,7438
1157,25,43850,7796
1157,26,45116,8198
1157,27,46104,8320
1157,28,46748,8578
1157,29,46842,8698
1158,-1,46638,6022
1158,0,162,134
1158,1,1108,650
1158,2,2746,1152
1158,3,5146,1950
1158,4,8188,2732
1158,5,11982,3392
1158,6,16602,3930
1158,7,21776,4298
1158,8,27114,4636
1158,9,32550,5002
1158,10,38150,5514
1158,11,44448,5676
1158,12,50752,5806
1158,13,56868,5958
1158,14,62064,6072
1158,15,67384,6164
1158,16,72502,6528
1158,17,77182,6784
1158,18,81566,7338
1158,19,85196,8380
1158,20,87272,9310
1158,21,88848,9880
1158,22,89976,10504
1158,23,90788,10842
1158,24,91618,11028
1158,25,92232,11264
1158,26,92570,11500
1158,27,92816,11720
1158,28,93048,11884
1158,29,93276,12042
1159,-1,83352,8858
1159,0,494,224
1159,1,2216,660
1159,2,4196,912
1159,3,5448,1236
1159,4,7020,1608
1159,5,8212,1830
1159,6,9646,2452
1159,7,11506,3110
1159,8,13742,3702
1159,9,17614,4444
1159,10,25160,6248
1159,11,35716,7202
1159,12,46716,7760
1159,13,58716,8120
1159,14,70552,8688
1159,15,80998,9172
1159,16,90772,9526
1159,17,99474,10150
1159,18,107600,10968
1159,19,114792,11572
1159,20,121666,11918
1159,21,128678,12246
1159,22,136318,12638
1159,23,144954,13224
1159,24,152942,14354
1159,25,159458,15650
1159,26,163534,16740
1159,27,165308,17174
1159,28,166396,17518
1159,29,166704,17710
1160,-1,9246,2262
1160,0,94,82
1160,1,574,272
1160,2,1188,388
1160,3,1942,546
1160,4,2798,664
1160,5,3742,810
1160,6,4898,990
1160,7,6114,1100
1160,8,7338,1154
1160,9,8462,1344
1160,10,9540,1546
1160,11,10412,1670
1160,12,11314,1794
1160,13,12250,1894
1160,14,13138,2108
1160,15,13876,2346
1160,16,14364,2700
1160,17,14626,2952
1160,18,14984,3056
1160,19,15440,3172
1160,20,15874,3220
1160,21,16276,3362
1160,22,16844,3562
1160,23,17458,3822
1160,24,17818,4130
1160,25,18068,4268
1160,26,18220,4320
1160,27,18284,4400
1160,28,18400,4434
1160,29,18492,4520
1161,-1,3726,1228
1161,0,26,42
1161,1,122,110
1161,2,286,168
1161,3,488,316
1161,4,806,382
1161,5,1030,438
1161,6,1254,480
1161,7,1482,536
1161,8,1678,604
1161,9,1858,626
1161,10,2014,670
1161,11,2090,784
1161,12,2140,866
1161,13,2264,1020
1161,14,2508,1136
1161,15,2776,1218
1161,16,3084,1352
1161,17,3512,1464
1161,18,3972,1504
1161,19,4442,1544
1161,20,4892,1654
1161,21,5356,1786
1161,22,5812,1884
1161,23,6262,1968
1161,24,6654,2114
1161,25,6968,2218
1161,26,7216,2294
1161,27,7370,2386
1161,28,7430,2424
1161,29,7452,2454
1162,-1,3639,1278
1162,0,42,64
1162,1,164,124
1162,2,390,262
1162,3,786,354
1162,4,1240,402
1162,5,1734,474
1162,6,2152,604
1162,7,2498,708
1162,8,2830,748
1162,9,3160,832
1162,10,3426,984
1162,11,3610,1148
1162,12,3898,1256
1162,13,4220,1298
1162,14,4448,1378
1162,15,4626,1446
1162,16,4750,1496
1162,17,4930,1568
1162,18,5072,1614
1162,19,5168,1680
1162,20,5414,1796
1162,21,5746,1830
1162,22,6092,1864
1162,23,6466,1956
1162,24,6734,2050
1162,25,6918,2140
1162,26,7048,2256
1162,27,7188,2404
1162,28,7260,2528
1162,29,7278,2554
1163,-1,5673,1238
1163,0,42,72
1163,1,280,240
1163,2,616,340
1163,3,1100,462
1163,4,1524,534
1163,5,1958,626
1163,6,2334,752
1163,7,2674,822
1163,8,3034,886
1163,9,3444,948
1163,10,3914,1000
1163,11,4396,1026
1163,12,4822,1176
1163,13,5288,1360
1163,14,5720,1434
1163,15,6136,1496
1163,16,6602,1562
1163,17,7088,1592
1163,18,7554,1610
1163,19,8022,1648
1163,20,8480,1678
1163,21,8962,1702
1163,22,9478,1766
1163,23,9966,1860
1163,24,10366,1976
1163,25,10742,2048
1163,26,11030,2196
1163,27,11226,2340
1163,28,11330,2424
1163,29,11346,2474
1164,-1,19909,3914
1164,0,276,302
1164,1,872,650
1164,2,2080,1082
1164,3,3536,1196
1164,4,4786,1326
1164,5,6150,1474
1164,6,7324,1580
1164,7,8766,1824
1164,8,11106,2200
1164,9,13672,2584
1164,10,16202,2822
1164,11,18572,3042
1164,12,20658,3260
1164,13,22150,3466
1164,14,23658,3670
1164,15,25192,3884
1164,16,26618,4116
1164,17,27998,4480
1164,18,29068,4798
1164,19,30246,5028
1164,20,31454,5192
1164,21,32896,5396
1164,22,34288,5632
1164,23,35432,5914
1164,24,36096,6310
1164,25,36956,6608
1164,26,37956,6888
1164,27,38810,7154
1164,28,39564,7562
1164,29,39818,7824
1165,-1,3719,1412
1165,0,24,34
1165,1,102,104
1165,2,226,142
1165,3,348,204
1165,4,598,338
1165,5,922,460
1165,6,1338,602
1165,7,1830,766
1165,8,2372,902
1165,9,2968,956
1165,10,3572,1002
1165,11,4112,1144
1165,12,4520,1232
1165,13,4798,1348
1165,14,5038,1520
1165,15,5254,1668
1165,16,5474,1802
1165,17,5664,1938
1165,18,5842,2044
1165,19,5964,2150
1165,20,6094,2244
1165,21,6290,2328
1165,22,6498,2358
1165,23,6720,2394
1165,24,6972,2472
1165,25,7162,2592
1165,26,7296,2696
1165,27,7366,2758
1165,28,7414,2786
1165,29,7438,2820
1166,-1,3791,1498
1166,0,44,48
1166,1,142,84
1166,2,242,156
1166,3,418,280
1166,4,764,456
1166,5,1150,524
1166,6,1572,644
1166,7,1800,764
1166,8,1974,826
1166,9,2140,880
1166,10,2366,1000
1166,11,2614,1104
1166,12,2882,1178
1166,13,3108,1250
1166,14,3310,1358
1166,15,3596,1480
1166,16,3892,1578
1166,17,4204,1720
1166,18,4640,1856
1166,19,5086,1902
1166,20,5562,1976
1166,21,5950,2062
1166,22,6304,2220
1166,23,6624,2318
1166,24,6882,2390
1166,25,7160,2502
1166,26,7368,2684
1166,27,7524,2880
1166,28,7572,2972
1166,29,7582,2994
1167,-1,5061,1116
1167,0,80,118
1167,1,266,276
1167,2,544,402
1167,3,924,552
1167,4,1374,694
1167,5,1898,834
1167,6,2510,972
1167,7,3218,1096
1167,8,3944,1146
1167,9,4604,1210
1167,10,5208,1256
1167,11,5812,1274
1167,12,6444,1296
1167,13,6874,1312
1167,14,7282,1364
1167,15,7656,1422
1167,16,7992,1496
1167,17,8296,1558
1167,18,8608,1624
1167,19,8886,1704
1167,20,9126,1774
1167,21,9360,1830
1167,22,9540,1912
1167,23,9694,1972
1167,24,9844,2038
1167,25,9954,2092
1167,26,10030,2138
1167,27,10082,2180
1167,28,10112,2208
1167,29,10122,2230
1168,-1,3869,994
1168,0,34,44
1168,1,162,166
1168,2,390,352
1168,3,622,490
1168,4,910,622
1168,5,1280,732
1168,6,1716,848
1168,7,2162,910
1168,8,2636,956
1168,9,3098,1002
1168,10,3534,1024
1168,11,3946,1048
1168,12,4352,1064
1168,13,4738,1098
1168,14,5162,1164
1168,15,5564,1240
1168,16,5888,1330
1168,17,6178,1434
1168,18,6490,1478
1168,19,6704,1510
1168,20,6902,1548
1168,21,7094,1580
1168,22,7242,1640
1168,23,7362,1692
1168,24,7490,1780
1168,25,7588,1852
1168,26,7662,1904
1168,27,7712,1952
1168,28,7732,1972
1168,29,7738,1986
1169,-1,12901,1994
1169,0,138,104
1169,1,474,190
1169,2,852,364
1169,3,1412,554
1169,4,2106,690
1169,5,2826,790
1169,6,3644,1036
1169,7,4700,1130
1169,8,5850,1204
1169,9,7082,1280
1169,10,8472,1476
1169,11,9934,1580
1169,12,11184,1670
1169,13,12224,1784
1169,14,13132,1934
1169,15,14022,2002
1169,16,14906,2200
1169,17,15932,2296
1169,18,16920,2440
1169,19,17874,2550
1169,20,18786,2654
1169,21,19730,2734
1169,22,20702,2832
1169,23,21838,2960
1169,24,22880,3154
1169,25,23826,3316
1169,26,24550,3508
1169,27,25182,3622
1169,28,25642,3828
1169,29,25802,3982
1170,-1,3731,1594
1170,0,32,60
1170,1,94,92
1170,2,162,138
1170,3,268,226
1170,4,422,340
1170,5,568,478
1170,6,766,598
1170,7,1008,708
1170,8,1320,822
1170,9,1722,1022
1170,10,2078,1176
1170,11,2428,1382
1170,12,2826,1550
1170,13,3382,1724
1170,14,3932,1856
1170,15,4540,2026
1170,16,5076,2120
1170,17,5610,2216
1170,18,6018,2378
1170,19,6240,2526
1170,20,6358,2600
1170,21,6526,2706
1170,22,6738,2762
1170,23,6854,2846
1170,24,6936,2892
1170,25,7046,2938
1170,26,7168,3024
1170,27,7284,3062
1170,28,7398,3106
1170,29,7462,3186
1171,-1,3967,1150
1171,0,30,30
1171,1,88,84
1171,2,164,196
1171,3,330,364
1171,4,720,540
1171,5,1212,630
1171,6,1602,742
1171,7,1922,808
1171,8,2266,896
1171,9,2618,934
1171,10,3008,1014
1171,11,3478,1106
1171,12,3824,1150
1171,13,4166,1172
1171,14,4508,1194
1171,15,4848,1226
1171,16,5178,1310
1171,17,5546,1408
1171,18,5906,1526
1171,19,6248,1598
1171,20,6544,1688
1171,21,6814,1826
1171,22,7030,1970
1171,23,7250,2042
1171,24,7416,2094
1171,25,7552,2114
1171,26,7654,2138
1171,27,7762,2180
1171,28,7888,2222
1171,29,7934,2292
1172,-1,4554,1092
1172,0,26,34
1172,1,110,96
1172,2,232,258
1172,3,448,372
1172,4,794,440
1172,5,1174,506
1172,6,1596,558
1172,7,2046,622
1172,8,2456,730
1172,9,2824,858
1172,10,3204,910
1172,11,3580,958
1172,12,3962,1004
1172,13,4462,1100
1172,14,5006,1160
1172,15,5556,1206
1172,16,6080,1242
1172,17,6610,1374
1172,18,7040,1496
1172,19,7440,1534
1172,20,7736,1598
1172,21,8040,1650
1172,22,8318,1714
1172,23,8492,1814
1172,24,8634,1860
1172,25,8834,1930
1172,26,8992,2012
1172,27,9064,2090
1172,28,9090,2150
1172,29,9108,2182
1173,-1,78742,8182
1173,0,1116,572
1173,1,3906,1220
1173,2,7854,2008
1173,3,13694,2522
1173,4,19710,3070
1173,5,27058,3630
1173,6,33976,4044
1173,7,40562,4664
1173,8,48440,5494
1173,9,55744,6626
1173,10,63190,7600
1173,11,71352,8284
1173,12,79788,8884
1173,13,87572,9238
1173,14,95014,9454
1173,15,101862,9752
1173,16,108302,10094
1173,17,114974,10586
1173,18,121578,11024
1173,19,128082,11344
1173,20,134186,12108
1173,21,138270,12754
1173,22,142678,12964
1173,23,146708,13462
1173,24,149194,13862
1173,25,151528,14434
1173,26,153854,15052
1173,27,156198,15804
1173,28,157278,16232
1173,29,157484,16362
1174,-1,5004,1482
1174,0,46,56
1174,1,96,126
1174,2,218,238
1174,3,364,310
1174,4,478,348
1174,5,596,398
1174,6,752,512
1174,7,946,650
1174,8,1232,744
1174,9,1536,792
1174,10,1836,942
1174,11,2338,1102
1174,12,2930,1152
1174,13,3548,1196
1174,14,4202,1266
1174,15,4806,1370
1174,16,5328,1480
1174,17,5850,1554
1174,18,6518,1658
1174,19,7232,1784
1174,20,7828,2024
1174,21,8206,2166
1174,22,8480,2334
1174,23,8648,2544
1174,24,8940,2616
1174,25,9286,2682
1174,26,9638,2742
1174,27,9880,2838
1174,28,9952,2910
1174,29,10008,2960
1175,-1,7010,2084
1175,0,64,90
1175,1,452,364
1175,2,1028,568
1175,3,1514,832
1175,4,2098,1032
1175,5,2776,1138
1175,6,3458,1338
1175,7,4184,1476
1175,8,5010,1694
1175,9,5922,1870
1175,10,6588,2054
1175,11,7306,2236
1175,12,8234,2428
1175,13,9068,2672
1175,14,9830,2848
1175,15,10488,2948
1175,16,11086,3020
1175,17,11650,3080
1175,18,11948,3180
1175,19,12110,3252
1175,20,12264,3318
1175,21,12424,3428
1175,22,12622,3648
1175,23,12876,3758
1175,24,13124,3800
1175,25,13424,3846
1175,26,13692,3934
1175,27,13874,4004
1175,28,13986,4112
1175,29,14020,4166
1176,-1,3591,1324
1176,0,26,26
1176,1,88,54
1176,2,190,100
1176,3,318,126
1176,4,472,216
1176,5,652,286
1176,6,842,380
1176,7,1068,474
1176,8,1242,556
1176,9,1490,664
1176,10,1782,758
1176,11,2092,822
1176,12,2396,850
1176,13,2718,932
1176,14,2974,1076
1176,15,3208,1184
1176,16,3490,1326
1176,17,3824,1436
1176,18,4140,1536
1176,19,4490,1628
1176,20,4838,1716
1176,21,5186,1780
1176,22,5596,1878
1176,23,6016,2042
1176,24,6374,2166
1176,25,6666,2276
1176,26,6934,2410
1176,27,7124,2550
1176,28,7174,2614
1176,29,7182,2646
1177,-1,3374,1114
1177,0,20,30
1177,1,92,60
1177,2,220,160
1177,3,398,236
1177,4,568,294
1177,5,774,388
1177,6,1026,506
1177,7,1318,612
1177,8,1612,716
1177,9,1922,828
1177,10,2238,912
1177,11,2558,990
1177,12,2872,1060
1177,13,3218,1104
1177,14,3580,1198
1177,15,3966,1230
1177,16,4356,1280
1177,17,4672,1362
1177,18,4930,1460
1177,19,5140,1576
1177,20,5328,1690
1177,21,5580,1782
1177,22,5836,1864
1177,23,6112,1924
1177,24,6346,1958
1177,25,6536,2004
1177,26,6646,2078
1177,27,6690,2150
1177,28,6720,2190
1177,29,6748,2218
1178,-1,3895,1000
1178,0,36,54
1178,1,134,132
1178,2,296,260
1178,3,484,362
1178,4,718,500
1178,5,994,594
1178,6,1350,654
1178,7,1742,746
1178,8,2234,834
1178,9,2788,928
1178,10,3360,986
1178,11,3936,1018
1178,12,4482,1078
1178,13,4944,1214
1178,14,5328,1334
1178,15,5642,1444
1178,16,5946,1486
1178,17,6226,1538
1178,18,6514,1590
1178,19,6706,1612
1178,20,6902,1654
1178,21,7082,1684
1178,22,7240,1714
1178,23,7354,1762
1178,24,7454,1808
1178,25,7542,1842
1178,26,7630,1860
1178,27,7718,1886
1178,28,7772,1944
1178,29,7790,1994
1179,-1,6825,1150
1179,0,22,44
1179,1,88,120
1179,2,276,248
1179,3,624,428
1179,4,1078,502
1179,5,1538,566
1179,6,2044,658
1179,7,2694,764
1179,8,3332,840
1179,9,3940,876
1179,10,4552,910
1179,11,5176,954
1179,12,5890,1020
1179,13,6650,1080
1179,14,7414,1118
1179,15,8144,1158
1179,16,8796,1278
1179,17,9368,1376
1179,18,9868,1418
1179,19,10398,1508
1179,20,11014,1582
1179,21,11684,1648
1179,22,12380,1708
1179,23,12966,1888
1179,24,13284,2048
1179,25,13458,2146
1179,26,13546,2216
1179,27,13602,2248
1179,28,13634,2270
1179,29,13650,2298
1180,-1,6279,2052
1180,0,42,68
1180,1,202,184
1180,2,460,260
1180,3,710,294
1180,4,934,328
1180,5,1154,406
1180,6,1470,528
1180,7,1834,666
1180,8,2308,802
1180,9,2904,940
1180,10,3538,1020
1180,11,4248,1144
1180,12,5034,1332
1180,13,5944,1530
1180,14,6904,1686
1180,15,7830,1934
1180,16,8698,2318
1180,17,9404,2660
1180,18,10038,2966
1180,19,10552,3226
1180,20,10968,3404
1180,21,11304,3534
1180,22,11620,3616
1180,23,11892,3748
1180,24,12098,3834
1180,25,12220,3940
1180,26,12324,3984
1180,27,12432,4022
1180,28,12520,4058
1180,29,12558,4098
1181,-1,4232,966
1181,0,14,32
1181,1,64,82
1181,2,120,130
1181,3,180,236
1181,4,398,402
1181,5,724,518
1181,6,1160,630
1181,7,1570,712
1181,8,2002,782
1181,9,2464,834
1181,10,2932,886
1181,11,3392,930
1181,12,3818,958
1181,13,4240,1004
1181,14,4694,1030
1181,15,5176,1068
1181,16,5678,1102
1181,17,6168,1154
1181,18,6646,1210
1181,19,7080,1264
1181,20,7468,1328
1181,21,7756,1484
1181,22,7950,1614
1181,23,8084,1694
1181,24,8200,1756
1181,25,8288,1806
1181,26,8372,1842
1181,27,8442,1884
1181,28,8456,1914
1181,29,8464,1930
1182,-1,33279,4746
1182,0,96,126
1182,1,610,444
1182,2,1688,762
1182,3,3340,1250
1182,4,5136,1550
1182,5,6732,1818
1182,6,8790,2100
1182,7,11482,2654
1182,8,14782,3104
1182,9,18424,3308
1182,10,21982,3570
1182,11,25316,3722
1182,12,28498,4136
1182,13,31826,4552
1182,14,35220,4794
1182,15,38668,5128
1182,16,42446,5432
1182,17,46440,5694
1182,18,49950,5992
1182,19,53216,6258
1182,20,56148,6476
1182,21,58964,6746
1182,22,61240,7186
1182,23,62782,7740
1182,24,64020,8476
1182,25,65002,8884
1182,26,65614,9134
1182,27,66116,9260
1182,28,66346,9354
1182,29,66558,9484
1183,-1,7469,1780
1183,0,48,64
1183,1,152,166
1183,2,402,228
1183,3,818,428
1183,4,1718,742
1183,5,2826,948
1183,6,3868,1102
1183,7,4926,1218
1183,8,5874,1300
1183,9,6774,1486
1183,10,7646,1600
1183,11,8388,1818
1183,12,9124,1916
1183,13,9818,1988
1183,14,10426,2056
1183,15,10998,2130
1183,16,11496,2256
1183,17,11916,2346
1183,18,12298,2416
1183,19,12666,2512
1183,20,12916,2634
1183,21,13052,2702
1183,22,13200,2814
1183,23,13464,2938
1183,24,13786,2976
1183,25,14148,3056
1183,26,14520,3182
1183,27,14804,3342
1183,28,14882,3472
1183,29,14938,3558
1184,-1,4041,1276
1184,0,50,60
1184,1,144,94
1184,2,252,146
1184,3,384,188
1184,4,528,248
1184,5,698,288
1184,6,884,352
1184,7,1126,462
1184,8,1380,508
1184,9,1648,544
1184,10,1898,610
1184,11,2158,656
1184,12,2416,686
1184,13,2650,732
1184,14,2970,848
1184,15,3370,932
1184,16,3872,1028
1184,17,4330,1132
1184,18,4730,1246
1184,19,5172,1432
1184,20,5552,1582
1184,21,5920,1700
1184,22,6246,1762
1184,23,6520,1854
1184,24,6806,2024
1184,25,7120,2094
1184,26,7536,2192
1184,27,7854,2334
1184,28,8034,2460
1184,29,8082,2550
1185,-1,3368,888
1185,0,28,32
1185,1,146,126
1185,2,310,158
1185,3,480,216
1185,4,720,262
1185,5,1002,338
1185,6,1364,412
1185,7,1666,474
1185,8,2026,550
1185,9,2360,630
1185,10,2628,670
1185,11,2914,698
1185,12,3210,752
1185,13,3556,792
1185,14,3944,830
1185,15,4316,886
1185,16,4702,954
1185,17,5072,1010
1185,18,5380,1110
1185,19,5572,1208
1185,20,5760,1262
1185,21,5930,1300
1185,22,6116,1368
1185,23,6326,1430
1185,24,6494,1546
1185,25,6564,1648
1185,26,6630,1694
1185,27,6700,1726
1185,28,6722,1752
1185,29,6736,1772
1186,-1,4816,1774
1186,0,42,48
1186,1,136,114
1186,2,274,222
1186,3,522,412
1186,4,830,596
1186,5,1172,774
1186,6,1528,970
1186,7,1864,1176
1186,8,2246,1364
1186,9,2644,1438
1186,10,3054,1570
1186,11,3478,1738
1186,12,3920,1884
1186,13,4472,2026
1186,14,5106,2144
1186,15,5716,2242
1186,16,6364,2290
1186,17,6954,2392
1186,18,7412,2492
1186,19,7798,2620
1186,20,8200,2774
1186,21,8616,2946
1186,22,9002,3102
1186,23,9248,3238
1186,24,9418,3336
1186,25,9524,3430
1186,26,9570,3460
1186,27,9594,3484
1186,28,9626,3526
1186,29,9632,3544
1187,-1,5590,1336
1187,0,30,40
1187,1,134,122
1187,2,344,238
1187,3,610,340
1187,4,934,492
1187,5,1338,564
1187,6,1760,642
1187,7,2240,720
1187,8,2752,770
1187,9,3244,844
1187,10,3764,906
1187,11,4154,1048
1187,12,4486,1128
1187,13,4912,1270
1187,14,5422,1348
1187,15,5842,1450
1187,16,6218,1512
1187,17,6576,1544
1187,18,7038,1682
1187,19,7648,1786
1187,20,8148,1814
1187,21,8676,1882
1187,22,9220,1922
1187,23,9780,1940
1187,24,10300,2012
1187,25,10686,2160
1187,26,10966,2368
1187,27,11094,2552
1187,28,11160,2628
1187,29,11180,2670
1188,-1,3972,1186
1188,0,98,112
1188,1,294,200
1188,2,630,328
1188,3,1004,460
1188,4,1418,626
1188,5,1726,756
1188,6,2068,868
1188,7,2420,950
1188,8,2828,1048
1188,9,3194,1114
1188,10,3624,1252
1188,11,4102,1354
1188,12,4538,1492
1188,13,4934,1596
1188,14,5306,1640
1188,15,5672,1714
1188,16,6030,1776
1188,17,6360,1814
1188,18,6616,1874
1188,19,6862,1908
1188,20,7102,1964
1188,21,7314,2016
1188,22,7494,2054
1188,23,7646,2086
1188,24,7758,2158
1188,25,7830,2218
1188,26,7876,2270
1188,27,7894,2302
1188,28,7924,2348
1188,29,7944,2368
1189,-1,3404,1190
1189,0,40,54
1189,1,128,122
1189,2,266,200
1189,3,450,244
1189,4,656,304
1189,5,968,380
1189,6,1348,430
1189,7,1736,546
1189,8,2054,658
1189,9,2304,732
1189,10,2554,794
1189,11,2744,916
1189,12,2958,1042
1189,13,3244,1186
1189,14,3602,1290
1189,15,4040,1346
1189,16,4458,1420
1189,17,4798,1554
1189,18,5068,1638
1189,19,5334,1696
1189,20,5642,1764
1189,21,5926,1828
1189,22,6110,1888
1189,23,6280,1940
1189,24,6438,2018
1189,25,6572,2128
1189,26,6676,2198
1189,27,6744,2270
1189,28,6792,2336
1189,29,6808,2376
1190,-1,11612,2856
1190,0,94,98
1190,1,362,152
1190,2,654,292
1190,3,986,438
1190,4,1218,564
1190,5,1500,810
1190,6,1972,1180
1190,7,2796,1544
1190,8,3992,1824
1190,9,5534,2094
1190,10,7114,2234
1190,11,8580,2430
1190,12,10202,2564
1190,13,11852,2710
1190,14,13260,2900
1190,15,14470,3132
1190,16,15508,3410
1190,17,16384,3530
1190,18,17312,3688
1190,19,18230,3940
1190,20,19296,4100
1190,21,20136,4342
1190,22,20896,4518
1190,23,21492,4732
1190,24,21842,4998
1190,25,22146,5296
1190,26,22562,5408
1190,27,22960,5498
1190,28,23192,5654
1190,29,23224,5708
1191,-1,26504,4208
1191,0,272,254
1191,1,1450,594
1191,2,2932,832
1191,3,5116,1238
1191,4,7452,1528
1191,5,9502,1828
1191,6,11068,2050
1191,7,12708,2202
1191,8,14184,2342
1191,9,15788,2606
1191,10,17648,2896
1191,11,19378,3222
1191,12,21370,3450
1191,13,22992,3848
1191,14,25110,4300
1191,15,27958,4672
1191,16,31044,4878
1191,17,33520,5260
1191,18,35514,5846
1191,19,37712,6204
1191,20,40170,6340
1191,21,42958,6480
1191,22,45800,6592
1191,23,48284,6892
1191,24,50118,7358
1191,25,51148,7652
1191,26,51894,7808
1191,27,52520,8012
1191,28,52778,8204
1191,29,53008,8406
1192,-1,5103,1360
1192,0,36,38
1192,1,148,128
1192,2,344,246
1192,3,670,428
1192,4,1128,550
1192,5,1702,676
1192,6,2396,714
1192,7,3050,752
1192,8,3560,884
1192,9,3940,1002
1192,10,4376,1222
1192,11,4820,1314
1192,12,5292,1396
1192,13,5856,1456
1192,14,6440,1592
1192,15,6846,1690
1192,16,7214,1756
1192,17,7546,1840
1192,18,7848,1900
1192,19,8158,1976
1192,20,8544,2048
1192,21,8902,2128
1192,22,9216,2240
1192,23,9478,2314
1192,24,9696,2376
1192,25,9878,2440
1192,26,10010,2538
1192,27,10100,2590
1192,28,10172,2656
1192,29,10206,2714
1193,-1,14335,2632
1193,0,202,152
1193,1,530,350
1193,2,864,492
1193,3,1264,614
1193,4,1706,788
1193,5,2250,882
1193,6,3016,1130
1193,7,4172,1334
1193,8,5672,1424
1193,9,7130,1484
1193,10,8324,1656
1193,11,9438,1914
1193,12,10576,2228
1193,13,11894,2536
1193,14,13378,2852
1193,15,14854,3098
1193,16,16496,3182
1193,17,18144,3244
1193,18,19768,3332
1193,19,21306,3508
1193,20,22714,3806
1193,21,23922,4032
1193,22,24920,4222
1193,23,25700,4334
1193,24,26530,4428
1193,25,27354,4542
1193,26,28038,4686
1193,27,28408,4966
1193,28,28596,5146
1193,29,28670,5260
1194,-1,8076,2130
1194,0,54,72
1194,1,238,258
1194,2,578,470
1194,3,1138,864
1194,4,1990,1080
1194,5,2928,1174
1194,6,3838,1322
1194,7,4582,1582
1194,8,5310,1826
1194,9,6158,1970
1194,10,7134,2124
1194,11,8034,2180
1194,12,8938,2270
1194,13,9744,2422
1194,14,10572,2624
1194,15,11352,2806
1194,16,11920,2914
1194,17,12492,2966
1194,18,13094,3080
1194,19,13610,3248
1194,20,14166,3452
1194,21,14544,3610
1194,22,14730,3734
1194,23,14996,3844
1194,24,15280,3896
1194,25,15620,3936
1194,26,15856,4038
1194,27,15968,4120
1194,28,16106,4202
1194,29,16152,4256
1195,-1,23241,3212
1195,0,142,146
1195,1,504,416
1195,2,1102,516
1195,3,1832,722
1195,4,2868,926
1195,5,4070,1194
1195,6,5546,1494
1195,7,7104,1610
1195,8,8790,1770
1195,9,10470,1902
1195,10,12330,2106
1195,11,14372,2324
1195,12,16478,2586
1195,13,18546,2866
1195,14,20904,3262
1195,15,23610,3642
1195,16,26436,3790
1195,17,29292,3840
1195,18,32104,3904
1195,19,34344,4024
1195,20,36398,4158
1195,21,38298,4432
1195,22,40024,4762
1195,23,41594,5076
1195,24,43212,5248
1195,25,44584,5606
1195,26,45440,5912
1195,27,45994,6082
1195,28,46386,6260
1195,29,46482,6420
1196,-1,7938,2086
1196,0,246,204
1196,1,666,384
1196,2,1058,520
1196,3,1518,672
1196,4,2002,740
1196,5,2480,856
1196,6,2862,1036
1196,7,3096,1152
1196,8,3322,1228
1196,9,3754,1426
1196,10,4488,1620
1196,11,5406,1892
1196,12,6364,2068
1196,13,7240,2136
1196,14,7980,2248
1196,15,8582,2394
1196,16,8982,2462
1196,17,9534,2580
1196,18,10184,2738
1196,19,10858,2832
1196,20,11524,2870
1196,21,12250,2948
1196,22,13008,3010
1196,23,13698,3202
1196,24,14246,3456
1196,25,14678,3600
1196,26,15090,3698
1196,27,15522,3874
1196,28,15802,4094
1196,29,15876,4164
1197,-1,6583,1648
1197,0,44,52
1197,1,164,162
1197,2,416,352
1197,3,888,532
1197,4,1452,646
1197,5,2022,758
1197,6,2624,944
1197,7,3052,1178
1197,8,3440,1338
1197,9,3854,1450
1197,10,4402,1552
1197,11,4856,1640
1197,12,5296,1730
1197,13,5746,1856
1197,14,6302,1948
1197,15,6974,2124
1197,16,7682,2294
1197,17,8326,2356
1197,18,8914,2404
1197,19,9452,2502
1197,20,9954,2578
1197,21,10524,2626
1197,22,11038,2676
1197,23,11508,2792
1197,24,11860,2922
1197,25,12266,2988
1197,26,12604,3046
1197,27,12864,3090
1197,28,13080,3154
1197,29,13166,3294
1198,-1,21373,3794
1198,0,104,100
1198,1,602,374
1198,2,1614,860
1198,3,3104,1354
1198,4,5052,1686
1198,5,7184,2096
1198,6,8846,2330
1198,7,10378,2514
1198,8,11778,2718
1198,9,13308,2856
1198,10,14880,2976
1198,11,16616,3290
1198,12,18896,3684
1198,13,21390,4054
1198,14,24040,4312
1198,15,26654,4458
1198,16,29110,4652
1198,17,31500,4924
1198,18,33574,5182
1198,19,35366,5366
1198,20,36932,5648
1198,21,38318,6014
1198,22,39590,6422
1198,23,40516,6744
1198,24,41062,6958
1198,25,41542,7072
1198,26,42004,7128
1198,27,42372,7280
1198,28,42658,7468
1198,29,42746,7582
1200,-1,3595,1148
1200,0,26,40
1200,1,122,122
1200,2,294,204
1200,3,490,292
1200,4,670,366
1200,5,826,390
1200,6,980,428
1200,7,1162,476
1200,8,1342,552
1200,9,1604,694
1200,10,1898,792
1200,11,2222,904
1200,12,2602,974
1200,13,2970,1030
1200,14,3346,1160
1200,15,3716,1270
1200,16,4124,1306
1200,17,4512,1382
1200,18,4874,1466
1200,19,5238,1538
1200,20,5618,1628
1200,21,5908,1722
1200,22,6200,1844
1200,23,6490,1900
1200,24,6742,1986
1200,25,6904,2062
1200,26,7042,2108
1200,27,7132,2190
1200,28,7168,2260
1200,29,7190,2290
1201,-1,32383,4286
1201,0,434,394
1201,1,2336,1056
1201,2,5178,1468
1201,3,8488,1758
1201,4,12244,2184
1201,5,16746,2694
1201,6,21352,2970
1201,7,25580,3284
1201,8,29424,3378
1201,9,33010,3574
1201,10,36768,3838
1201,11,40168,4248
1201,12,43238,4590
1201,13,45998,5082
1201,14,48554,5450
1201,15,51148,5668
1201,16,53798,5966
1201,17,55884,6410
1201,18,57238,6704
1201,19,58250,6954
1201,20,59086,7116
1201,21,60010,7190
1201,22,60850,7312
1201,23,61774,7472
1201,24,62632,7588
1201,25,63350,7904
1201,26,63886,8102
1201,27,64220,8264
1201,28,64632,8456
1201,29,64766,8570
1203,-1,4049,1118
1203,0,48,52
1203,1,128,106
1203,2,280,164
1203,3,444,230
1203,4,686,362
1203,5,1072,592
1203,6,1542,708
1203,7,2036,852
1203,8,2626,934
1203,9,3120,1082
1203,10,3548,1194
1203,11,3966,1262
1203,12,4430,1350
1203,13,4786,1392
1203,14,5076,1464
1203,15,5352,1516
1203,16,5610,1548
1203,17,5860,1600
1203,18,6064,1658
1203,19,6260,1708
1203,20,6496,1732
1203,21,6752,1762
1203,22,7030,1788
1203,23,7312,1832
1203,24,7578,1906
1203,25,7734,2010
1203,26,7890,2084
1203,27,7972,2128
1203,28,8064,2176
1203,29,8098,2232
1204,-1,3959,1074
1204,0,28,26
1204,1,76,56
1204,2,200,162
1204,3,366,276
1204,4,592,378
1204,5,936,484
1204,6,1354,596
1204,7,1844,668
1204,8,2380,764
1204,9,2926,850
1204,10,3462,948
1204,11,3926,1096
1204,12,4306,1132
1204,13,4674,1162
1204,14,5050,1228
1204,15,5500,1304
1204,16,5988,1400
1204,17,6426,1494
1204,18,6810,1552
1204,19,7092,1668
1204,20,7338,1780
1204,21,7486,1890
1204,22,7594,1956
1204,23,7706,1986
1204,24,7774,2022
1204,25,7842,2044
1204,26,7882,2086
1204,27,7898,2118
1204,28,7910,2130
1204,29,7918,2146
1205,-1,3648,1000
1205,0,22,44
1205,1,110,112
1205,2,304,220
1205,3,524,286
1205,4,766,336
1205,5,972,376
1205,6,1200,436
1205,7,1456,484
1205,8,1754,602
1205,9,2096,696
1205,10,2472,806
1205,11,2900,862
1205,12,3366,914
1205,13,3858,968
1205,14,4334,1020
1205,15,4800,1090
1205,16,5232,1150
1205,17,5590,1274
1205,18,5906,1370
1205,19,6218,1432
1205,20,6500,1536
1205,21,6728,1628
1205,22,6922,1704
1205,23,7060,1796
1205,24,7156,1860
1205,25,7232,1890
1205,26,7266,1934
1205,27,7276,1962
1205,28,7288,1976
1205,29,7296,1998
1206,-1,3708,1004
1206,0,18,34
1206,1,80,66
1206,2,180,134
1206,3,348,228
1206,4,604,396
1206,5,990,538
1206,6,1454,610
1206,7,1938,668
1206,8,2470,730
1206,9,2998,846
1206,10,3414,970
1206,11,3810,1052
1206,12,4176,1156
1206,13,4438,1232
1206,14,4698,1294
1206,15,4952,1344
1206,16,5220,1366
1206,17,5492,1390
1206,18,5742,1438
1206,19,5964,1484
1206,20,6180,1510
1206,21,6388,1562
1206,22,6594,1624
1206,23,6790,1690
1206,24,6938,1738
1206,25,7070,1780
1206,26,7180,1848
1206,27,7294,1910
1206,28,7388,1946
1206,29,7416,2006
1207,-1,4298,1024
1207,0,22,38
1207,1,90,114
1207,2,236,202
1207,3,440,300
1207,4,734,372
1207,5,1082,438
1207,6,1508,522
1207,7,1990,568
1207,8,2478,628
1207,9,2970,688
1207,10,3424,762
1207,11,3938,838
1207,12,4332,884
1207,13,4764,914
1207,14,5156,974
1207,15,5564,1040
1207,16,5980,1100
1207,17,6362,1170
1207,18,6710,1260
1207,19,6980,1372
1207,20,7168,1430
1207,21,7328,1484
1207,22,7460,1578
1207,23,7660,1688
1207,24,7872,1762
1207,25,8062,1822
1207,26,8246,1862
1207,27,8426,1888
1207,28,8550,1972
1207,29,8596,2042
1208,-1,3805,1308
1208,0,30,52
1208,1,146,104
1208,2,306,188
1208,3,476,290
1208,4,734,464
1208,5,1118,732
1208,6,1642,806
1208,7,2102,880
1208,8,2630,976
1208,9,3056,1004
1208,10,3474,1048
1208,11,3866,1102
1208,12,4240,1152
1208,13,4622,1242
1208,14,4872,1362
1208,15,5108,1440
1208,16,5308,1526
1208,17,5482,1642
1208,18,5586,1712
1208,19,5684,1794
1208,20,5840,1928
1208,21,6090,2048
1208,22,6392,2094
1208,23,6652,2148
1208,24,6898,2228
1208,25,7116,2306
1208,26,7282,2364
1208,27,7448,2430
1208,28,7552,2534
1208,29,7610,2604
1209,-1,3305,980
1209,0,12,18
1209,1,78,86
1209,2,176,136
1209,3,310,206
1209,4,526,274
1209,5,796,354
1209,6,1110,430
1209,7,1514,560
1209,8,1918,678
1209,9,2300,804
1209,10,2672,878
1209,11,3004,968
1209,12,3342,1036
1209,13,3584,1108
1209,14,3850,1170
1209,15,4118,1206
1209,16,4380,1218
1209,17,4636,1248
1209,18,4898,1276
1209,19,5180,1340
1209,20,5444,1418
1209,21,5686,1512
1209,22,5892,1574
1209,23,6068,1630
1209,24,6214,1698
1209,25,6350,1740
1209,26,6466,1784
1209,27,6554,1844
1209,28,6594,1922
1209,29,6610,1956
1210,-1,4802,1640
1210,0,148,132
1210,1,320,232
1210,2,514,414
1210,3,672,536
1210,4,830,714
1210,5,1006,798
1210,6,1228,840
1210,7,1366,930
1210,8,1542,1086
1210,9,1788,1208
1210,10,2166,1320
1210,11,2488,1388
1210,12,2800,1488
1210,13,3214,1564
1210,14,3662,1632
1210,15,4058,1732
1210,16,4486,1902
1210,17,5022,2010
1210,18,5702,2242
1210,19,6448,2378
1210,20,7100,2468
1210,21,7704,2574
1210,22,8294,2696
1210,23,8670,2880
1210,24,8838,2988
1210,25,9062,3064
1210,26,9248,3108
1210,27,9416,3170
1210,28,9526,3218
1210,29,9604,3278
1211,-1,4115,1380
1211,0,60,52
1211,1,184,140
1211,2,424,184
1211,3,642,216
1211,4,916,330
1211,5,1304,466
1211,6,1620,628
1211,7,1840,696
1211,8,2088,740
1211,9,2432,900
1211,10,2774,1104
1211,11,3180,1212
1211,12,3628,1294
1211,13,4092,1418
1211,14,4428,1500
1211,15,4788,1580
1211,16,5212,1646
1211,17,5590,1806
1211,18,5938,1982
1211,19,6332,2116
1211,20,6718,2242
1211,21,6956,2348
1211,22,7122,2398
1211,23,7328,2440
1211,24,7560,2490
1211,25,7784,2534
1211,26,7982,2590
1211,27,8118,2680
1211,28,8210,2718
1211,29,8230,2756
1212,-1,48681,7038
1212,0,252,266
1212,1,1368,648
1212,2,2858,850
1212,3,4166,926
1212,4,5898,1270
1212,5,7698,1614
1212,6,10076,1732
1212,7,12736,2144
1212,8,16286,2540
1212,9,20078,3148
1212,10,24264,3756
1212,11,28298,4480
1212,12,32270,4932
1212,13,36992,5400
1212,14,42052,5938
1212,15,46508,6542
1212,16,50688,7020
1212,17,55356,8104
1212,18,60058,8612
1212,19,64980,8892
1212,20,70214,9440
1212,21,75982,9874
1212,22,82244,10548
1212,23,88130,11024
1212,24,92694,11630
1212,25,95124,12388
1212,26,96386,13272
1212,27,96932,13702
1212,28,97222,13922
1212,29,97362,14074
1213,-1,6673,2068
1213,0,26,36
1213,1,102,118
1213,2,202,154
1213,3,346,242
1213,4,542,366
1213,5,772,482
1213,6,1086,636
1213,7,1480,686
1213,8,1886,780
1213,9,2374,922
1213,10,2890,1048
1213,11,3400,1224
1213,12,4004,1472
1213,13,4694,1664
1213,14,5396,1856
1213,15,6094,2118
1213,16,6750,2286
1213,17,7502,2566
1213,18,8348,2714
1213,19,9238,2820
1213,20,10018,3030
1213,21,10754,3228
1213,22,11386,3408
1213,23,11900,3538
1213,24,12354,3636
1213,25,12738,3764
1213,26,13012,3910
1213,27,13202,4028
1213,28,13296,4072
1213,29,13346,4130
1214,-1,78614,8850
1214,0,924,466
1214,1,2796,972
1214,2,5318,1482
1214,3,8456,1728
1214,4,12682,2284
1214,5,17356,2748
1214,6,23156,3842
1214,7,29138,4794
1214,8,36230,5512
1214,9,44408,6208
1214,10,53638,6796
1214,11,62414,7472
1214,12,70660,8396
1214,13,80232,9150
1214,14,89472,9546
1214,15,98210,10000
1214,16,105312,10990
1214,17,111354,11764
1214,18,117696,12216
1214,19,123602,12686
1214,20,128226,13380
1214,21,133084,13742
1214,22,138294,14172
1214,23,143706,14564
1214,24,147780,15324
1214,25,150468,15784
1214,26,153402,16298
1214,27,155684,16954
1214,28,156904,17424
1214,29,157228,17690
1215,-1,5602,1300
1215,0,86,72
1215,1,194,150
1215,2,278,206
1215,3,444,308
1215,4,690,486
1215,5,1040,638
1215,6,1530,756
1215,7,2114,874
1215,8,2768,940
1215,9,3328,1046
1215,10,3852,1186
1215,11,4402,1272
1215,12,5040,1352
1215,13,5742,1484
1215,14,6524,1636
1215,15,7258,1768
1215,16,7910,1842
1215,17,8544,1924
1215,18,9022,2026
1215,19,9438,2068
1215,20,9862,2116
1215,21,10158,2196
1215,22,10388,2238
1215,23,10568,2314
1215,24,10754,2354
1215,25,10928,2406
1215,26,11052,2452
1215,27,11136,2516
1215,28,11180,2564
1215,29,11204,2596
1216,-1,6159,1326
1216,0,16,28
1216,1,78,80
1216,2,138,144
1216,3,254,212
1216,4,454,292
1216,5,712,444
1216,6,948,640
1216,7,1332,766
1216,8,1934,968
1216,9,2654,1050
1216,10,3422,1092
1216,11,4170,1182
1216,12,4960,1238
1216,13,5754,1280
1216,14,6584,1346
1216,15,7454,1412
1216,16,8116,1572
1216,17,8694,1742
1216,18,9270,1822
1216,19,9738,1958
1216,20,10142,2072
1216,21,10520,2190
1216,22,10876,2264
1216,23,11160,2318
1216,24,11436,2344
1216,25,11714,2396
1216,26,11962,2440
1216,27,12132,2526
1216,28,12246,2568
1216,29,12318,2636
1217,-1,14860,2392
1217,0,128,114
1217,1,340,334
1217,2,812,634
1217,3,1724,916
1217,4,2832,1060
1217,5,4090,1234
1217,6,5292,1484
1217,7,6670,1578
1217,8,8146,1712
1217,9,9636,1790
1217,10,11186,1874
1217,11,12744,2094
1217,12,14280,2244
1217,13,15842,2482
1217,14,17360,2568
1217,15,18930,2698
1217,16,20436,2766
1217,17,21980,2824
1217,18,23486,2934
1217,19,24764,3348
1217,20,25662,3580
1217,21,26342,3622
1217,22,26960,3748
1217,23,27604,3850
1217,24,28220,3956
1217,25,28932,4180
1217,26,29370,4418
1217,27,29590,4574
1217,28,29674,4698
1217,29,29720,4782
1218,-1,3251,890
1218,0,34,60
1218,1,124,158
1218,2,250,248
1218,3,410,352
1218,4,562,428
1218,5,760,492
1218,6,954,628
1218,7,1180,704
1218,8,1418,736
1218,9,1670,762
1218,10,1922,776
1218,11,2174,794
1218,12,2420,822
1218,13,2674,868
1218,14,2930,908
1218,15,3216,972
1218,16,3516,1026
1218,17,3818,1060
1218,18,4136,1090
1218,19,4462,1112
1218,20,4774,1136
1218,21,5078,1150
1218,22,5356,1186
1218,23,5646,1232
1218,24,5920,1328
1218,25,6126,1438
1218,26,6282,1546
1218,27,6414,1642
1218,28,6494,1734
1218,29,6502,1776
1219,-1,4980,1004
1219,0,24,42
1219,1,124,136
1219,2,304,250
1219,3,478,404
1219,4,694,532
1219,5,1036,614
1219,6,1402,652
1219,7,1778,714
1219,8,2158,748
1219,9,2608,832
1219,10,3118,910
1219,11,3682,996
1219,12,4278,1040
1219,13,4940,1104
1219,14,5384,1182
1219,15,5794,1262
1219,16,6206,1334
1219,17,6612,1382
1219,18,6990,1448
1219,19,7384,1474
1219,20,7784,1518
1219,21,8130,1580
1219,22,8480,1612
1219,23,8792,1686
1219,24,9066,1728
1219,25,9328,1764
1219,26,9580,1816
1219,27,9780,1844
1219,28,9922,1930
1219,29,9960,2004
1220,-1,3361,1198
1220,0,42,72
1220,1,134,166
1220,2,280,246
1220,3,468,298
1220,4,646,346
1220,5,816,486
1220,6,1108,710
1220,7,1458,850
1220,8,1874,990
1220,9,2344,1050
1220,10,2796,1120
1220,11,3174,1194
1220,12,3520,1290
1220,13,3822,1398
1220,14,4096,1506
1220,15,4360,1580
1220,16,4596,1622
1220,17,4834,1656
1220,18,5102,1696
1220,19,5388,1744
1220,20,5690,1814
1220,21,6012,1874
1220,22,6216,1986
1220,23,6374,2066
1220,24,6492,2122
1220,25,6580,2216
1220,26,6614,2266
1220,27,6650,2322
1220,28,6698,2360
1220,29,6722,2392
1221,-1,14349,2778
1221,0,150,152
1221,1,704,404
1221,2,1500,746
1221,3,2894,1360
1221,4,4894,1602
1221,5,7032,1742
1221,6,9156,1818
1221,7,10964,1988
1221,8,12586,2246
1221,9,13862,2460
1221,10,15124,2622
1221,11,16330,2812
1221,12,17214,3112
1221,13,17906,3398
1221,14,18700,3528
1221,15,19548,3580
1221,16,20362,3676
1221,17,21226,3800
1221,18,22150,4024
1221,19,23132,4156
1221,20,24130,4258
1221,21,25246,4358
1221,22,26392,4462
1221,23,27380,4700
1221,24,28022,4968
1221,25,28354,5200
1221,26,28496,5322
1221,27,28608,5442
1221,28,28662,5498
1221,29,28698,5548
1222,-1,40163,5422
1222,0,276,248
1222,1,1526,824
1222,2,4366,1306
1222,3,7408,1702
1222,4,10102,2172
1222,5,12912,3144
1222,6,15548,3686
1222,7,18318,4078
1222,8,21204,4300
1222,9,24526,4670
1222,10,28594,5004
1222,11,33280,5324
1222,12,38198,5488
1222,13,43312,5614
1222,14,48378,5798
1222,15,53170,6118
1222,16,57502,6624
1222,17,61458,7442
1222,18,64576,7962
1222,19,67418,8296
1222,20,69672,8694
1222,21,71376,8904
1222,22,72808,9140
1222,23,74192,9344
1222,24,75664,9472
1222,25,77164,9594
1222,26,78618,10000
1222,27,79698,10386
1222,28,80172,10726
1222,29,80326,10838
1223,-1,3818,786
1223,0,26,30
1223,1,84,84
1223,2,130,120
1223,3,184,180
1223,4,298,240
1223,5,446,288
1223,6,628,390
1223,7,878,494
1223,8,1228,586
1223,9,1600,624
1223,10,1970,656
1223,11,2378,692
1223,12,2834,738
1223,13,3334,780
1223,14,3882,822
1223,15,4442,856
1223,16,4996,904
1223,17,5454,1018
1223,18,5796,1126
1223,19,6112,1172
1223,20,6358,1200
1223,21,6576,1232
1223,22,6812,1268
1223,23,7038,1296
1223,24,7234,1334
1223,25,7426,1380
1223,26,7516,1456
1223,27,7564,1502
1223,28,7610,1540
1223,29,7636,1570
1224,-1,10719,2364
1224,0,184,122
1224,1,706,352
1224,2,1586,740
1224,3,2856,902
1224,4,4004,1048
1224,5,5252,1182
1224,6,6652,1366
1224,7,8216,1434
1224,8,9802,1612
1224,9,11324,1952
1224,10,12352,2256
1224,11,13006,2444
1224,12,13468,2646
1224,13,13886,2740
1224,14,14408,2814
1224,15,14976,2936
1224,16,15422,3078
1224,17,15804,3130
1224,18,16122,3208
1224,19,16522,3344
1224,20,17218,3454
1224,21,17856,3592
1224,22,18476,3698
1224,23,19254,3898
1224,24,20032,4082
1224,25,20720,4194
1224,26,21104,4430
1224,27,21298,4592
1224,28,21386,4662
1224,29,21438,4726
1225,-1,7320,1706
1225,0,30,46
1225,1,182,198
1225,2,378,304
1225,3,618,430
1225,4,1028,594
1225,5,1504,694
1225,6,2134,820
1225,7,2934,964
1225,8,3678,1078
1225,9,4432,1194
1225,10,5142,1278
1225,11,5842,1334
1225,12,6560,1380
1225,13,7260,1416
1225,14,7942,1460
1225,15,8652,1498
1225,16,9378,1620
1225,17,10016,1746
1225,18,10538,1886
1225,19,10992,1988
1225,20,11594,2176
1225,21,12216,2306
1225,22,12802,2442
1225,23,13288,2596
1225,24,13598,2780
1225,25,13826,2912
1225,26,14070,3098
1225,27,14356,3220
1225,28,14590,3314
1225,29,14640,3410
1226,-1,5071,1172
1226,0,38,40
1226,1,76,108
1226,2,248,228
1226,3,634,356
1226,4,1056,428
1226,5,1482,502
1226,6,1938,616
1226,7,2336,722
1226,8,2734,814
1226,9,3100,876
1226,10,3464,990
1226,11,3926,1048
1226,12,4458,1144
1226,13,5006,1194
1226,14,5526,1246
1226,15,6070,1304
1226,16,6638,1398
1226,17,7156,1482
1226,18,7596,1518
1226,19,8032,1588
1226,20,8410,1648
1226,21,8796,1704
1226,22,9182,1806
1226,23,9506,1950
1226,24,9698,2096
1226,25,9816,2164
1226,26,9904,2200
1226,27,10018,2244
1226,28,10112,2284
1226,29,10142,2340
1227,-1,4664,1258
1227,0,46,52
1227,1,152,108
1227,2,308,178
1227,3,480,228
1227,4,634,342
1227,5,868,432
1227,6,1130,478
1227,7,1426,554
1227,8,1810,640
1227,9,2216,712
1227,10,2574,772
1227,11,3002,872
1227,12,3534,954
1227,13,4018,1058
1227,14,4460,1110
1227,15,4838,1180
1227,16,5216,1228
1227,17,5604,1252
1227,18,5988,1294
1227,19,6370,1328
1227,20,6762,1356
1227,21,7144,1476
1227,22,7542,1616
1227,23,7872,1752
1227,24,8204,1916
1227,25,8534,2044
1227,26,8842,2200
1227,27,9106,2306
1227,28,9284,2416
1227,29,9328,2508
1228,-1,18101,3312
1228,0,36,50
1228,1,182,134
1228,2,334,342
1228,3,1254,700
1228,4,2454,788
1228,5,3698,838
1228,6,5014,1020
1228,7,6358,1262
1228,8,7990,1572
1228,9,9736,1984
1228,10,11812,2586
1228,11,14222,2944
1228,12,16276,3502
1228,13,18168,3806
1228,14,20104,4134
1228,15,21972,4428
1228,16,23796,4524
1228,17,25728,4730
1228,18,27782,4908
1228,19,29694,5052
1228,20,31382,5262
1228,21,32674,5512
1228,22,33662,5830
1228,23,34432,5984
1228,24,35196,6112
1228,25,35614,6306
1228,26,35742,6370
1228,27,35958,6474
1228,28,36100,6528
1228,29,36202,6622
1229,-1,3320,854
1229,0,18,36
1229,1,114,108
1229,2,256,142
1229,3,378,178
1229,4,534,234
1229,5,736,286
1229,6,986,346
1229,7,1260,382
1229,8,1540,448
1229,9,1782,532
1229,10,2070,612
1229,11,2342,694
1229,12,2610,736
1229,13,2866,770
1229,14,3124,810
1229,15,3370,850
1229,16,3580,874
1229,17,3800,910
1229,18,4036,972
1229,19,4316,1030
1229,20,4602,1092
1229,21,4880,1168
1229,22,5212,1230
1229,23,5560,1258
1229,24,5852,1334
1229,25,6102,1412
1229,26,6302,1508
1229,27,6482,1568
1229,28,6598,1632
1229,29,6640,1700
1230,-1,5597,1250
1230,0,28,48
1230,1,164,180
1230,2,398,288
1230,3,706,364
1230,4,1074,436
1230,5,1440,688
1230,6,1856,856
1230,7,2300,970
1230,8,2774,1070
1230,9,3268,1150
1230,10,3730,1232
1230,11,4210,1300
1230,12,4692,1328
1230,13,5176,1386
1230,14,5636,1420
1230,15,6082,1456
1230,16,6550,1512
1230,17,7042,1566
1230,18,7508,1628
1230,19,8000,1672
1230,20,8434,1736
1230,21,8814,1792
1230,22,9232,1840
1230,23,9598,1910
1230,24,9930,1972
1230,25,10356,2046
1230,26,10738,2174
1230,27,11034,2332
1230,28,11166,2462
1230,29,11194,2496
1231,-1,12899,3296
1231,0,64,110
1231,1,284,296
1231,2,748,498
1231,3,1426,964
1231,4,2470,1144
1231,5,3672,1290
1231,6,5104,1530
1231,7,6640,1804
1231,8,8058,2028
1231,9,9642,2302
1231,10,11460,2626
1231,11,13394,2848
1231,12,15344,3092
1231,13,17094,3352
1231,14,18520,3694
1231,15,19572,4014
1231,16,20334,4316
1231,17,20820,4678
1231,18,21130,4828
1231,19,21310,4918
1231,20,21536,5028
1231,21,22046,5220
1231,22,22700,5380
1231,23,23420,5620
1231,24,23980,5786
1231,25,24522,5892
1231,26,25026,6094
1231,27,25432,6264
1231,28,25646,6492
1231,29,25798,6590
1232,-1,8558,2194
1232,0,76,54
1232,1,128,100
1232,2,222,182
1232,3,382,316
1232,4,670,444
1232,5,956,512
1232,6,1312,616
1232,7,1610,728
1232,8,1968,830
1232,9,2178,1024
1232,10,2484,1208
1232,11,2874,1372
1232,12,3298,1442
1232,13,3900,1660
1232,14,4966,1824
1232,15,5896,1940
1232,16,6842,2158
1232,17,7942,2354
1232,18,9146,2418
1232,19,10352,2488
1232,20,11516,2622
1232,21,12688,2742
1232,22,13770,2952
1232,23,14598,3154
1232,24,15390,3378
1232,25,16046,3622
1232,26,16440,3954
1232,27,16802,4120
1232,28,17054,4298
1232,29,17116,4386
1233,-1,3675,1450
1233,0,64,82
1233,1,258,178
1233,2,546,304
1233,3,938,412
1233,4,1382,530
1233,5,1794,780
1233,6,2076,954
1233,7,2280,1044
1233,8,2460,1170
1233,9,2578,1254
1233,10,2680,1280
1233,11,2826,1366
1233,12,3120,1472
1233,13,3532,1582
1233,14,3962,1696
1233,15,4226,1892
1233,16,4526,2038
1233,17,4848,2164
1233,18,5216,2278
1233,19,5644,2308
1233,20,6088,2342
1233,21,6364,2402
1233,22,6600,2504
1233,23,6778,2608
1233,24,6934,2666
1233,25,7080,2734
1233,26,7186,2810
1233,27,7258,2838
1233,28,7316,2858
1233,29,7350,2896
1234,-1,3670,1256
1234,0,82,60
1234,1,200,116
1234,2,340,152
1234,3,468,208
1234,4,594,260
1234,5,718,310
1234,6,788,366
1234,7,854,418
1234,8,976,492
1234,9,1108,580
1234,10,1344,716
1234,11,1692,876
1234,12,2124,936
1234,13,2566,976
1234,14,2996,1012
1234,15,3394,1068
1234,16,3688,1118
1234,17,3938,1212
1234,18,4204,1280
1234,19,4498,1340
1234,20,4828,1432
1234,21,5232,1610
1234,22,5686,1714
1234,23,6092,1820
1234,24,6428,1942
1234,25,6664,2068
1234,26,6936,2206
1234,27,7154,2350
1234,28,7272,2432
1234,29,7340,2502
1235,-1,7892,2132
1235,0,84,96
1235,1,180,144
1235,2,440,276
1235,3,902,472
1235,4,1636,584
1235,5,2334,704
1235,6,2918,896
1235,7,3576,1048
1235,8,4322,1214
1235,9,5030,1362
1235,10,5778,1542
1235,11,6556,1756
1235,12,7454,1942
1235,13,8500,2262
1235,14,9370,2450
1235,15,10192,2584
1235,16,11014,2766
1235,17,11826,2982
1235,18,12508,3144
1235,19,13036,3256
1235,20,13498,3334
1235,21,14036,3444
1235,22,14590,3566
1235,23,15010,3732
1235,24,15292,3830
1235,25,15480,3960
1235,26,15574,4070
1235,27,15652,4142
1235,28,15732,4186
1235,29,15784,4258
1236,-1,33064,4878
1236,0,254,160
1236,1,818,386
1236,2,2418,714
1236,3,4468,984
1236,4,6502,1222
1236,5,8508,1434
1236,6,10254,1706
1236,7,12004,1868
1236,8,13992,2074
1236,9,15972,2350
1236,10,17350,2770
1236,11,19094,2966
1236,12,21144,3328
1236,13,23274,3832
1236,14,26070,4226
1236,15,29148,4510
1236,16,32894,4836
1236,17,36972,5250
1236,18,40758,5768
1236,19,43960,6060
1236,20,47196,6198
1236,21,50574,6486
1236,22,53950,6820
1236,23,57208,7084
1236,24,60030,7766
1236,25,62520,8456
1236,26,63702,8600
1236,27,64836,9076
1236,28,65860,9570
1236,29,66128,9754
1237,-1,15866,2704
1237,0,86,76
1237,1,394,310
1237,2,1056,756
1237,3,2284,1300
1237,4,3864,1638
1237,5,5598,1932
1237,6,7132,2258
1237,7,8688,2448
1237,8,10274,2488
1237,9,11850,2562
1237,10,13598,2748
1237,11,15554,3024
1237,12,17326,3148
1237,13,18964,3266
1237,14,20514,3412
1237,15,21962,3516
1237,16,23268,3652
1237,17,24452,3862
1237,18,25444,3984
1237,19,26290,4062
1237,20,27164,4128
1237,21,28096,4274
1237,22,28856,4440
1237,23,29562,4498
1237,24,30174,4630
1237,25,30716,4874
1237,26,31156,5102
1237,27,31454,5248
1237,28,31650,5332
1237,29,31732,5406
1238,-1,4829,1716
1238,0,44,42
1238,1,118,76
1238,2,222,168
1238,3,362,264
1238,4,556,404
1238,5,782,486
1238,6,1020,588
1238,7,1244,706
1238,8,1474,842
1238,9,1676,1002
1238,10,1970,1222
1238,11,2462,1332
1238,12,3050,1468
1238,13,3706,1600
1238,14,4456,1690
1238,15,5150,1752
1238,16,5814,1892
1238,17,6360,2138
1238,18,6784,2284
1238,19,7274,2408
1238,20,7694,2536
1238,21,8108,2638
1238,22,8546,2804
1238,23,8964,2986
1238,24,9294,3078
1238,25,9470,3186
1238,26,9578,3280
1238,27,9596,3326
1238,28,9624,3380
1238,29,9658,3424
1239,-1,33563,4738
1239,0,390,352
1239,1,1672,856
1239,2,3620,1236
1239,3,6114,1734
1239,4,8508,2230
1239,5,11290,2604
1239,6,14464,2820
1239,7,17920,3162
1239,8,21228,3426
1239,9,24400,3560
1239,10,27768,3686
1239,11,31086,3992
1239,12,34512,4300
1239,13,38340,4812
1239,14,41976,5328
1239,15,44978,5752
1239,16,47032,6016
1239,17,48880,6292
1239,18,50620,6426
1239,19,52236,6596
1239,20,53720,6776
1239,21,55288,7232
1239,22,56972,7498
1239,23,58886,7722
1239,24,61234,7866
1239,25,63542,8154
1239,26,65066,8622
1239,27,66392,8922
1239,28,66996,9328
1239,29,67126,9474
1240,-1,540973,27608
1240,0,2700,878
1240,1,5040,1616
1240,2,9802,2688
1240,3,27604,4842
1240,4,50440,6186
1240,5,75292,8698
1240,6,112742,10684
1240,7,154094,12838
1240,8,195004,15126
1240,9,245442,17610
1240,10,296580,18384
1240,11,345142,19324
1240,12,399280,21870
1240,13,459716,22630
1240,14,525944,25176
1240,15,596304,26086
1240,16,662038,28908
1240,17,719840,30272
1240,18,774688,31190
1240,19,823688,33872
1240,20,864558,35254
1240,21,903600,36730
1240,22,942358,37430
1240,23,979158,38860
1240,24,1012524,41252
1240,25,1036752,45746
1240,26,1046738,48530
1240,27,1064430,52144
1240,28,1079364,54436
1240,29,1081946,55210
1241,-1,7699,1898
1241,0,116,126
1241,1,328,234
1241,2,524,282
1241,3,644,334
1241,4,752,384
1241,5,914,532
1241,6,1160,650
1241,7,1478,752
1241,8,1836,808
1241,9,2178,868
1241,10,2602,998
1241,11,3218,1224
1241,12,3978,1410
1241,13,4740,1508
1241,14,5554,1678
1241,15,6584,1886
1241,16,7702,2016
1241,17,8866,2126
1241,18,9956,2204
1241,19,11074,2282
1241,20,12162,2368
1241,21,13238,2510
1241,22,13908,2692
1241,23,14504,2976
1241,24,14876,3222
1241,25,15130,3420
1241,26,15284,3610
1241,27,15330,3690
1241,28,15362,3750
1241,29,15398,3794
1242,-1,3303,1056
1242,0,32,58
1242,1,154,170
1242,2,334,234
1242,3,466,296
1242,4,536,358
1242,5,606,412
1242,6,828,564
1242,7,1180,630
1242,8,1560,710
1242,9,2070,824
1242,10,2672,892
1242,11,3222,938
1242,12,3742,990
1242,13,4226,1046
1242,14,4686,1174
1242,15,5074,1334
1242,16,5262,1468
1242,17,5442,1608
1242,18,5638,1672
1242,19,5826,1722
1242,20,5994,1772
1242,21,6122,1856
1242,22,6236,1882
1242,23,6346,1908
1242,24,6434,1958
1242,25,6484,2000
1242,26,6524,2024
1242,27,6558,2060
1242,28,6588,2082
1242,29,6606,2110
1243,-1,28952,4070
1243,0,168,204
1243,1,964,430
1243,2,1916,602
1243,3,3046,946
1243,4,4744,1376
1243,5,6858,1572
1243,6,9064,1742
1243,7,11112,1814
1243,8,13096,1896
1243,9,15266,2034
1243,10,17600,2144
1243,11,19912,2220
1243,12,22150,2540
1243,13,24654,2924
1243,14,27402,3196
1243,15,30206,3406
1243,16,32788,3640
1243,17,35494,3858
1243,18,38182,4094
1243,19,40886,4358
1243,20,43554,4638
1243,21,46110,4890
1243,22,48158,5472
1243,23,50470,6014
1243,24,52802,6540
1243,25,54682,6904
1243,26,56298,7360
1243,27,57468,7814
1243,28,57784,8030
1243,29,57904,8138
1244,-1,3340,936
1244,0,28,36
1244,1,68,76
1244,2,128,108
1244,3,218,140
1244,4,418,228
1244,5,678,288
1244,6,990,368
1244,7,1324,410
1244,8,1582,482
1244,9,1934,532
1244,10,2290,550
1244,11,2630,574
1244,12,2950,600
1244,13,3238,638
1244,14,3462,710
1244,15,3672,778
1244,16,3960,896
1244,17,4236,1008
1244,18,4448,1110
1244,19,4688,1164
1244,20,4944,1224
1244,21,5158,1266
1244,22,5426,1316
1244,23,5726,1354
1244,24,5974,1412
1244,25,6230,1504
1244,26,6396,1622
1244,27,6560,1714
1244,28,6642,1814
1244,29,6680,1866
1245,-1,3421,1154
1245,0,26,42
1245,1,118,100
1245,2,176,158
1245,3,228,258
1245,4,354,378
1245,5,588,464
1245,6,832,508
1245,7,1072,550
1245,8,1312,590
1245,9,1542,644
1245,10,1790,694
1245,11,2032,722
1245,12,2274,796
1245,13,2580,882
1245,14,2954,962
1245,15,3378,1106
1245,16,3784,1208
1245,17,4206,1298
1245,18,4640,1454
1245,19,5100,1602
1245,20,5576,1768
1245,21,6004,1898
1245,22,6246,2036
1245,23,6368,2086
1245,24,6504,2130
1245,25,6610,2174
1245,26,6720,2204
1245,27,6778,2236
1245,28,6828,2274
1245,29,6842,2306
1246,-1,127103,12114
1246,0,1014,532
1246,1,5446,1698
1246,2,12942,2310
1246,3,20648,2592
1246,4,28676,2948
1246,5,37100,3862
1246,6,45430,5124
1246,7,53492,7082
1246,8,60326,7906
1246,9,66998,8566
1246,10,75218,9700
1246,11,85890,10420
1246,12,96600,10914
1246,13,107694,11412
1246,14,119430,12156
1246,15,131640,12796
1246,16,144856,13138
1246,17,159166,14118
1246,18,172842,15554
1246,19,187706,16468
1246,20,202538,16922
1246,21,216024,17974
1246,22,227220,19622
1246,23,234584,20956
1246,24,240918,21906
1246,25,245942,22616
1246,26,249246,22928
1246,27,251920,23284
1246,28,253542,23824
1246,29,254206,24226
1247,-1,3138,1164
1247,0,42,42
1247,1,116,76
1247,2,200,104
1247,3,300,138
1247,4,390,196
1247,5,522,250
1247,6,668,338
1247,7,866,380
1247,8,1074,476
1247,9,1232,530
1247,10,1334,574
1247,11,1454,656
1247,12,1682,756
1247,13,1988,830
1247,14,2282,990
1247,15,2712,1132
1247,16,3272,1268
1247,17,3700,1426
1247,18,3972,1560
1247,19,4220,1614
1247,20,4520,1652
1247,21,4830,1698
1247,22,5136,1746
1247,23,5444,1782
1247,24,5746,1846
1247,25,5958,1960
1247,26,6128,2116
1247,27,6192,2230
1247,28,6234,2272
1247,29,6276,2318
1248,-1,7494,1812
1248,0,50,58
1248,1,124,104
1248,2,282,204
1248,3,506,312
1248,4,708,424
1248,5,936,580
1248,6,1102,728
1248,7,1368,908
1248,8,1592,1044
1248,9,1756,1236
1248,10,2126,1366
1248,11,2578,1554
1248,12,3142,1612
1248,13,3708,1672
1248,14,4430,1784
1248,15,5242,1966
1248,16,6178,2066
1248,17,7094,2220
1248,18,7982,2334
1248,19,8858,2406
1248,20,9792,2460
1248,21,10682,2590
1248,22,11544,2706
1248,23,12384,2756
1248,24,13150,2804
1248,25,13842,2958
1248,26,14310,3152
1248,27,14664,3348
1248,28,14920,3508
1248,29,14988,3622
1249,-1,3057,1152
1249,0,62,50
1249,1,144,92
1249,2,182,148
1249,3,258,224
1249,4,406,304
1249,5,608,400
1249,6,864,532
1249,7,1200,668
1249,8,1556,806
1249,9,1982,918
1249,10,2364,998
1249,11,2750,1052
1249,12,3052,1154
1249,13,3334,1258
1249,14,3658,1306
1249,15,4014,1360
1249,16,4364,1414
1249,17,4728,1520
1249,18,5052,1648
1249,19,5306,1756
1249,20,5466,1872
1249,21,5584,1950
1249,22,5700,2028
1249,23,5762,2114
1249,24,5856,2144
1249,25,5936,2182
1249,26,5992,2204
1249,27,6044,2230
1249,28,6084,2252
1249,29,6114,2302
1250,-1,42179,6328
1250,0,376,214
1250,1,1498,470
1250,2,2926,794
1250,3,5330,1214
1250,4,8116,1760
1250,5,11022,2024
1250,6,14074,2574
1250,7,17638,3116
1250,8,20524,3482
1250,9,23054,3850
1250,10,26034,4214
1250,11,28584,4712
1250,12,31062,5020
1250,13,33754,5444
1250,14,37012,5678
1250,15,40342,5802
1250,16,43778,6328
1250,17,46918,6638
1250,18,50032,6834
1250,19,53362,7176
1250,20,57052,7870
1250,21,61404,8566
1250,22,66430,8830
1250,23,71508,9286
1250,24,75872,9820
1250,25,78530,10654
1250,26,81246,11308
1250,27,83618,12116
1250,28,84238,12550
1250,29,84358,12654
1251,-1,5964,1116
1251,0,42,60
1251,1,228,160
1251,2,500,300
1251,3,836,430
1251,4,1322,572
1251,5,1898,706
1251,6,2504,892
1251,7,3214,1008
1251,8,4002,1096
1251,9,4802,1152
1251,10,5634,1204
1251,11,6426,1298
1251,12,7158,1366
1251,13,7710,1534
1251,14,8090,1580
1251,15,8384,1602
1251,16,8694,1658
1251,17,9016,1694
1251,18,9326,1716
1251,19,9662,1744
1251,20,9996,1776
1251,21,10316,1806
1251,22,10638,1826
1251,23,10922,1908
1251,24,11168,1940
1251,25,11420,1966
1251,26,11656,2028
1251,27,11800,2104
1251,28,11900,2184
1251,29,11928,2230
1252,-1,10893,2168
1252,0,44,66
1252,1,256,230
1252,2,716,284
1252,3,1192,346
1252,4,1600,430
1252,5,1986,534
1252,6,2540,690
1252,7,3216,814
1252,8,4078,962
1252,9,4954,1046
1252,10,5774,1108
1252,11,6574,1176
1252,12,7310,1262
1252,13,8170,1390
1252,14,9056,1506
1252,15,10144,1690
1252,16,11506,1920
1252,17,13248,2094
1252,18,14934,2342
1252,19,16334,2702
1252,20,17680,2946
1252,21,18672,3174
1252,22,19390,3360
1252,23,19780,3530
1252,24,20292,3722
1252,25,20918,3876
1252,26,21370,4006
1252,27,21640,4158
1252,28,21756,4294
1252,29,21786,4334
1253,-1,7089,1808
1253,0,42,64
1253,1,196,152
1253,2,408,218
1253,3,632,328
1253,4,916,372
1253,5,1206,400
1253,6,1466,442
1253,7,1794,600
1253,8,2304,770
1253,9,2944,950
1253,10,3640,1136
1253,11,4280,1292
1253,12,4980,1472
1253,13,5874,1632
1253,14,6886,1746
1253,15,7910,1840
1253,16,9004,2004
1253,17,10046,2150
1253,18,11042,2284
1253,19,11962,2438
1253,20,12748,2608
1253,21,13280,2922
1253,22,13588,3150
1253,23,13706,3280
1253,24,13808,3340
1253,25,13902,3368
1253,26,13990,3408
1253,27,14106,3512
1253,28,14150,3574
1253,29,14178,3612
1254,-1,16497,4156
1254,0,56,74
1254,1,286,274
1254,2,654,366
1254,3,1202,530
1254,4,2026,784
1254,5,2780,1024
1254,6,3482,1276
1254,7,4328,1586
1254,8,5360,1856
1254,9,6392,2126
1254,10,7390,2524
1254,11,8520,3022
1254,12,9852,3396
1254,13,11444,3742
1254,14,13188,4064
1254,15,15226,4184
1254,16,17282,4362
1254,17,19392,4762
1254,18,21372,5106
1254,19,23164,5356
1254,20,24940,5762
1254,21,26690,6242
1254,22,28454,6564
1254,23,30152,6972
1254,24,31314,7394
1254,25,32046,7748
1254,26,32516,7980
1254,27,32832,8144
1254,28,32964,8266
1254,29,32994,8310
1255,-1,7847,1942
1255,0,70,68
1255,1,388,214
1255,2,786,340
1255,3,1280,456
1255,4,1798,550
1255,5,2322,636
1255,6,2866,920
1255,7,3612,1142
1255,8,4468,1248
1255,9,5428,1388
1255,10,6256,1522
1255,11,7158,1572
1255,12,8010,1678
1255,13,8952,1888
1255,14,9848,1998
1255,15,10576,2114
1255,16,11244,2238
1255,17,11894,2382
1255,18,12370,2514
1255,19,12708,2664
1255,20,13070,2794
1255,21,13580,2916
1255,22,14006,3064
1255,23,14328,3186
1255,24,14638,3280
1255,25,14920,3404
1255,26,15160,3574
1255,27,15486,3696
1255,28,15640,3818
1255,29,15694,3880
1256,-1,3538,1254
1256,0,24,46
1256,1,70,78
1256,2,116,118
1256,3,214,210
1256,4,378,318
1256,5,560,358
1256,6,714,440
1256,7,966,552
1256,8,1240,594
1256,9,1502,632
1256,10,1760,694
1256,11,1982,728
1256,12,2214,806
1256,13,2492,926
1256,14,2840,1044
1256,15,3262,1134
1256,16,3682,1218
1256,17,4090,1350
1256,18,4592,1460
1256,19,5136,1532
1256,20,5658,1620
1256,21,6054,1768
1256,22,6358,1896
1256,23,6620,2046
1256,24,6836,2202
1256,25,6932,2320
1256,26,6984,2374
1256,27,7046,2454
1256,28,7072,2492
1256,29,7076,2506
1257,-1,7854,2358
1257,0,128,130
1257,1,306,276
1257,2,534,416
1257,3,950,590
1257,4,1602,686
1257,5,2362,764
1257,6,3120,900
1257,7,3756,1090
1257,8,4504,1448
1257,9,5402,1610
1257,10,6338,1788
1257,11,7228,2060
1257,12,8026,2288
1257,13,8660,2408
1257,14,9312,2544
1257,15,10024,2660
1257,16,10642,2738
1257,17,11238,2836
1257,18,11782,3000
1257,19,12188,3238
1257,20,12760,3446
1257,21,13386,3780
1257,22,13956,4044
1257,23,14490,4194
1257,24,14990,4318
1257,25,15268,4436
1257,26,15476,4550
1257,27,15612,4618
1257,28,15684,4682
1257,29,15708,4714
1258,-1,7331,1922
1258,0,44,64
1258,1,150,190
1258,2,370,284
1258,3,638,364
1258,4,908,406
1258,5,1194,498
1258,6,1504,620
1258,7,1900,780
1258,8,2204,870
1258,9,2444,958
1258,10,2760,1214
1258,11,3492,1468
1258,12,4496,1604
1258,13,5494,1660
1258,14,6464,1702
1258,15,7424,1780
1258,16,8310,1870
1258,17,9164,1962
1258,18,9998,2068
1258,19,10924,2264
1258,20,11782,2596
1258,21,12458,2866
1258,22,12952,3130
1258,23,13420,3262
1258,24,13752,3424
1258,25,14020,3476
1258,26,14282,3548
1258,27,14490,3702
1258,28,14596,3788
1258,29,14662,3840
1259,-1,4411,1250
1259,0,50,44
1259,1,156,100
1259,2,318,192
1259,3,494,312
1259,4,744,450
1259,5,1054,574
1259,6,1460,634
1259,7,1866,674
1259,8,2276,716
1259,9,2698,820
1259,10,3144,986
1259,11,3662,1108
1259,12,4026,1250
1259,13,4340,1374
1259,14,4632,1456
1259,15,4924,1528
1259,16,5200,1630
1259,17,5502,1722
1259,18,5914,1802
1259,19,6336,1850
1259,20,6736,1898
1259,21,7128,1956
1259,22,7502,2014
1259,23,7864,2050
1259,24,8224,2122
1259,25,8476,2232
1259,26,8660,2326
1259,27,8764,2398
1259,28,8796,2470
1259,29,8822,2494
1260,-1,3141,1064
1260,0,28,34
1260,1,106,134
1260,2,200,232
1260,3,432,392
1260,4,814,524
1260,5,1286,574
1260,6,1744,616
1260,7,2134,686
1260,8,2498,770
1260,9,2844,850
1260,10,3164,952
1260,11,3420,1052
1260,12,3692,1136
1260,13,3966,1282
1260,14,4314,1392
1260,15,4686,1446
1260,16,5038,1510
1260,17,5348,1596
1260,18,5588,1664
1260,19,5764,1704
1260,20,5888,1798
1260,21,5950,1866
1260,22,5980,1894
1260,23,6018,1920
1260,24,6046,1956
1260,25,6116,1996
1260,26,6190,2030
1260,27,6230,2060
1260,28,6268,2098
1260,29,6282,2124
1261,-1,15290,2518
1261,0,92,130
1261,1,574,294
1261,2,1362,382
1261,3,2714,750
1261,4,4410,972
1261,5,5980,1146
1261,6,7568,1270
1261,7,9028,1352
1261,8,10502,1504
1261,9,12116,1826
1261,10,13742,2124
1261,11,15164,2328
1261,12,16560,2554
1261,13,18006,2642
1261,14,19612,2792
1261,15,21390,2966
1261,16,23254,3018
1261,17,24814,3280
1261,18,26026,3458
1261,19,27110,3770
1261,20,27904,3902
1261,21,28630,4084
1261,22,29188,4330
1261,23,29356,4468
1261,24,29584,4600
1261,25,29826,4772
1261,26,30118,4818
1261,27,30370,4866
1261,28,30540,4962
1261,29,30580,5032
1262,-1,54221,7596
1262,0,406,344
1262,1,1062,754
1262,2,3034,1244
1262,3,5308,1562
1262,4,7614,1894
1262,5,10170,2280
1262,6,13260,2476
1262,7,15940,2710
1262,8,18242,2832
1262,9,20286,3138
1262,10,22374,3582
1262,11,25564,4062
1262,12,29036,4342
1262,13,32850,5124
1262,14,38440,5772
1262,15,45236,6406
1262,16,52824,7498
1262,17,62888,8434
1262,18,73874,8658
1262,19,83828,9476
1262,20,90240,10700
1262,21,93664,11404
1262,22,95946,11782
1262,23,97822,12366
1262,24,100182,12916
1262,25,103382,13354
1262,26,106494,14022
1262,27,107904,14732
1262,28,108214,15006
1262,29,108442,15190
1263,-1,6037,1648
1263,0,32,40
1263,1,160,128
1263,2,362,238
1263,3,626,406
1263,4,1010,554
1263,5,1546,736
1263,6,2038,942
1263,7,2520,1112
1263,8,3098,1276
1263,9,3748,1422
1263,10,4436,1524
1263,11,5028,1600
1263,12,5638,1714
1263,13,6286,1864
1263,14,6956,2008
1263,15,7546,2160
1263,16,8116,2220
1263,17,8640,2288
1263,18,9146,2336
1263,19,9662,2444
1263,20,10144,2560
1263,21,10560,2636
1263,22,10960,2688
1263,23,11378,2760
1263,24,11722,2912
1263,25,11926,3110
1263,26,11998,3194
1263,27,12036,3236
1263,28,12066,3272
1263,29,12074,3294
1264,-1,3624,1060
1264,0,12,26
1264,1,42,72
1264,2,120,152
1264,3,230,242
1264,4,366,318
1264,5,486,388
1264,6,664,488
1264,7,936,604
1264,8,1310,698
1264,9,1714,740
1264,10,2134,794
1264,11,2620,898
1264,12,3114,998
1264,13,3616,1070
1264,14,4072,1160
1264,15,4458,1216
1264,16,4804,1312
1264,17,5150,1396
1264,18,5468,1470
1264,19,5738,1570
1264,20,5982,1664
1264,21,6208,1726
1264,22,6422,1780
1264,23,6612,1868
1264,24,6784,1926
1264,25,6934,1962
1264,26,7068,2000
1264,27,7174,2022
1264,28,7238,2086
1264,29,7248,2114
1265,-1,18414,3324
1265,0,76,86
1265,1,390,188
1265,2,698,256
1265,3,976,348
1265,4,1870,790
1265,5,3342,1254
1265,6,5068,1736
1265,7,6814,2146
1265,8,8700,2546
1265,9,10576,2844
1265,10,12696,3030
1265,11,14778,3198
1265,12,16866,3342
1265,13,18742,3464
1265,14,20452,3558
1265,15,22006,3704
1265,16,23420,3878
1265,17,24874,3976
1265,18,26396,4042
1265,19,27872,4242
1265,20,29360,4534
1265,21,30716,4872
1265,22,31932,5144
1265,23,32994,5440
1265,24,34082,5726
1265,25,34992,5942
1265,26,35662,6142
1265,27,36366,6358
1265,28,36728,6572
1265,29,36828,6642
1266,-1,8070,1824
1266,0,52,78
1266,1,212,246
1266,2,508,368
1266,3,1026,588
1266,4,1690,828
1266,5,2454,932
1266,6,3226,972
1266,7,4014,1022
1266,8,4754,1076
1266,9,5510,1100
1266,10,6302,1160
1266,11,7110,1252
1266,12,7944,1352
1266,13,8772,1460
1266,14,9598,1576
1266,15,10410,1684
1266,16,10918,1848
1266,17,11480,1960
1266,18,12090,2044
1266,19,12646,2162
1266,20,13212,2280
1266,21,13756,2432
1266,22,14270,2614
1266,23,14790,2772
1266,24,15230,2982
1266,25,15596,3112
1266,26,15864,3318
1266,27,16030,3492
1266,28,16110,3592
1266,29,16140,3642
1267,-1,4532,1328
1267,0,18,24
1267,1,56,98
1267,2,142,210
1267,3,316,308
1267,4,570,468
1267,5,942,590
1267,6,1336,652
1267,7,1784,762
1267,8,2232,856
1267,9,2726,940
1267,10,3218,1006
1267,11,3746,1038
1267,12,4316,1100
1267,13,4902,1226
1267,14,5520,1284
1267,15,6102,1350
1267,16,6656,1524
1267,17,7118,1664
1267,18,7564,1804
1267,19,7960,1990
1267,20,8284,2162
1267,21,8540,2306
1267,22,8752,2404
1267,23,8842,2472
1267,24,8916,2530
1267,25,8962,2574
1267,26,8992,2590
1267,27,9024,2610
1267,28,9050,2626
1267,29,9064,2652
1268,-1,15193,3218
1268,0,80,66
1268,1,292,204
1268,2,628,292
1268,3,1226,424
1268,4,2024,520
1268,5,2846,592
1268,6,3714,752
1268,7,4638,990
1268,8,5838,1152
1268,9,7196,1310
1268,10,8604,1510
1268,11,10178,1600
1268,12,11774,1674
1268,13,13248,1894
1268,14,14260,2140
1268,15,15616,2424
1268,16,16786,2846
1268,17,18260,3128
1268,18,19768,3438
1268,19,21404,3740
1268,20,22952,4034
1268,21,24656,4326
1268,22,26486,4588
1268,23,27774,5248
1268,24,28410,5730
1268,25,28762,5924
1268,26,29260,6014
1268,27,29838,6116
1268,28,30274,6286
1268,29,30386,6434
1269,-1,4507,1480
1269,0,82,106
1269,1,384,216
1269,2,704,258
1269,3,1016,312
1269,4,1338,370
1269,5,1716,424
1269,6,2076,490
1269,7,2418,570
1269,8,2832,678
1269,9,3220,806
1269,10,3658,978
1269,11,4096,1072
1269,12,4432,1118
1269,13,4818,1182
1269,14,5250,1212
1269,15,5658,1284
1269,16,6014,1444
1269,17,6290,1670
1269,18,6600,1886
1269,19,6912,2042
1269,20,7246,2132
1269,21,7626,2266
1269,22,7882,2430
1269,23,8134,2558
1269,24,8358,2670
1269,25,8526,2710
1269,26,8720,2756
1269,27,8878,2848
1269,28,8974,2908
1269,29,9014,2958
1270,-1,18396,4378
1270,0,108,132
1270,1,506,366
1270,2,1198,586
1270,3,2268,710
1270,4,3582,900
1270,5,4788,1134
1270,6,6102,1660
1270,7,8104,2272
1270,8,10592,2796
1270,9,12794,3108
1270,10,14372,3312
1270,11,15914,3470
1270,12,17088,3658
1270,13,18098,3948
1270,14,19518,4100
1270,15,20436,4486
1270,16,20794,4654
1270,17,21498,5064
1270,18,23190,5386
1270,19,25308,5646
1270,20,27542,5850
1270,21,29898,6364
1270,22,31984,6800
1270,23,33726,7252
1270,24,35010,7698
1270,25,35676,8102
1270,26,36048,8324
1270,27,36484,8422
1270,28,36720,8652
1270,29,36792,8754
1271,-1,11106,1972
1271,0,22,30
1271,1,136,174
1271,2,612,364
1271,3,1282,582
1271,4,2166,786
1271,5,3242,1134
1271,6,4628,1416
1271,7,6104,1616
1271,8,7604,1822
1271,9,9130,1880
1271,10,10716,1930
1271,11,12324,2016
1271,12,13732,2224
1271,13,14932,2456
1271,14,15854,2578
1271,15,16690,2712
1271,16,17372,2850
1271,17,17924,3006
1271,18,18464,3088
1271,19,19012,3182
1271,20,19532,3276
1271,21,20102,3364
1271,22,20594,3462
1271,23,20952,3530
1271,24,21328,3622
1271,25,21654,3710
1271,26,21968,3762
1271,27,22104,3870
1271,28,22176,3902
1271,29,22212,3942
1272,-1,14211,2386
1272,0,162,204
1272,1,928,610
1272,2,2360,1078
1272,3,4230,1304
1272,4,6202,1490
1272,5,8016,1562
1272,6,9710,1688
1272,7,11514,1912
1272,8,13452,1996
1272,9,15030,2038
1272,10,16600,2116
1272,11,18192,2238
1272,12,19768,2350
1272,13,21220,2422
1272,14,22600,2558
1272,15,23828,2682
1272,16,24802,2952
1272,17,25480,3232
1272,18,25922,3406
1272,19,26194,3600
1272,20,26368,3746
1272,21,26564,3886
1272,22,26744,4004
1272,23,26976,4162
1272,24,27292,4314
1272,25,27612,4460
1272,26,27928,4546
1272,27,28180,4618
1272,28,28340,4690
1272,29,28422,4768
1273,-1,101930,14004
1273,0,898,554
1273,1,5954,1106
1273,2,11972,1628
1273,3,16462,2282
1273,4,20238,3170
1273,5,28744,5284
1273,6,43624,6580
1273,7,59628,7324
1273,8,72584,8110
1273,9,84852,8802
1273,10,96638,9550
1273,11,107646,10912
1273,12,116410,12398
1273,13,124384,13844
1273,14,134344,16118
1273,15,146660,18194
1273,16,160766,19802
1273,17,172268,20922
1273,18,178128,21684
1273,19,182724,22030
1273,20,187084,22846
1273,21,189304,23822
1273,22,191216,24772
1273,23,195402,25678
1273,24,198426,26190
1273,25,199836,26436
1273,26,201026,26744
1273,27,202086,27204
1273,28,203158,27738
1273,29,203860,28002
1274,-1,24094,3578
1274,0,168,122
1274,1,332,242
1274,2,648,398
1274,3,1274,758
1274,4,2590,1062
1274,5,4304,1272
1274,6,6174,1360
1274,7,8010,1512
1274,8,9536,1650
1274,9,10984,1818
1274,10,13016,1984
1274,11,14888,2304
1274,12,17372,2678
1274,13,19986,2910
1274,14,22286,3138
1274,15,24600,3370
1274,16,26996,3500
1274,17,29608,3608
1274,18,32144,3772
1274,19,34534,3916
1274,20,36846,4150
1274,21,39122,4314
1274,22,41214,4576
1274,23,43000,5076
1274,24,44644,5600
1274,25,46262,6040
1274,26,47332,6648
1274,27,47832,6862
1274,28,48082,7026
1274,29,48188,7154
1275,-1,6336,2072
1275,0,68,74
1275,1,200,212
1275,2,474,440
1275,3,1012,550
1275,4,1540,582
1275,5,2122,648
1275,6,2646,816
1275,7,3092,1056
1275,8,3490,1332
1275,9,3934,1570
1275,10,4486,1856
1275,11,5348,2110
1275,12,6200,2338
1275,13,6870,2542
1275,14,7436,2694
1275,15,8008,2792
1275,16,8556,2832
1275,17,9096,2932
1275,18,9622,3024
1275,19,10172,3204
1275,20,10636,3368
1275,21,10960,3500
1275,22,11178,3548
1275,23,11488,3620
1275,24,11816,3656
1275,25,12112,3742
1275,26,12332,3836
1275,27,12514,3972
1275,28,12640,4090
1275,29,12672,4142
1276,-1,5182,964
1276,0,44,54
1276,1,136,92
1276,2,238,168
1276,3,496,352
1276,4,882,472
1276,5,1258,546
1276,6,1672,622
1276,7,2206,730
1276,8,2832,772
1276,9,3484,804
1276,10,4166,830
1276,11,4848,862
1276,12,5486,902
1276,13,6062,978
1276,14,6462,1002
1276,15,6846,1040
1276,16,7148,1096
1276,17,7434,1116
1276,18,7762,1158
1276,19,8120,1190
1276,20,8454,1228
1276,21,8784,1270
1276,22,9140,1308
1276,23,9514,1358
1276,24,9834,1460
1276,25,10022,1604
1276,26,10144,1718
1276,27,10254,1802
1276,28,10330,1878
1276,29,10364,1924
1277,-1,3775,1110
1277,0,56,48
1277,1,142,100
1277,2,270,162
1277,3,380,226
1277,4,566,280
1277,5,754,312
1277,6,928,352
1277,7,1038,428
1277,8,1218,536
1277,9,1488,584
1277,10,1764,634
1277,11,2010,680
1277,12,2216,760
1277,13,2546,850
1277,14,2896,938
1277,15,3318,1082
1277,16,3824,1220
1277,17,4436,1360
1277,18,5044,1480
1277,19,5554,1564
1277,20,6088,1602
1277,21,6624,1674
1277,22,6992,1860
1277,23,7190,1994
1277,24,7298,2028
1277,25,7370,2084
1277,26,7450,2126
1277,27,7506,2160
1277,28,7536,2194
1277,29,7550,2218
1278,-1,6451,1282
1278,0,18,34
1278,1,80,138
1278,2,244,258
1278,3,564,376
1278,4,1062,564
1278,5,1714,788
1278,6,2550,1000
1278,7,3564,1120
1278,8,4600,1252
1278,9,5582,1344
1278,10,6414,1446
1278,11,7034,1482
1278,12,7642,1516
1278,13,8208,1556
1278,14,8700,1618
1278,15,9148,1662
1278,16,9608,1684
1278,17,10056,1750
1278,18,10480,1834
1278,19,10924,1870
1278,20,11316,1936
1278,21,11666,2010
1278,22,11974,2086
1278,23,12216,2188
1278,24,12406,2278
1278,25,12590,2316
1278,26,12758,2344
1278,27,12856,2468
1278,28,12894,2544
1278,29,12902,2562
1279,-1,3444,1126
1279,0,20,34
1279,1,76,94
1279,2,146,192
1279,3,282,264
1279,4,448,336
1279,5,694,436
1279,6,962,552
1279,7,1310,698
1279,8,1648,796
1279,9,1994,906
1279,10,2352,1084
1279,11,2724,1198
1279,12,3142,1290
1279,13,3616,1338
1279,14,4144,1400
1279,15,4488,1432
1279,16,4818,1448
1279,17,5130,1488
1279,18,5440,1560
1279,19,5736,1652
1279,20,5994,1744
1279,21,6228,1836
1279,22,6416,1918
1279,23,6538,2020
1279,24,6640,2106
1279,25,6704,2138
1279,26,6768,2148
1279,27,6832,2170
1279,28,6874,2214
1279,29,6888,2248
1280,-1,3676,1048
1280,0,28,38
1280,1,98,68
1280,2,188,120
1280,3,354,224
1280,4,602,306
1280,5,922,348
1280,6,1232,402
1280,7,1494,478
1280,8,1680,534
1280,9,1838,582
1280,10,2028,724
1280,11,2272,876
1280,12,2542,1008
1280,13,2848,1090
1280,14,3154,1144
1280,15,3472,1264
1280,16,3894,1350
1280,17,4292,1396
1280,18,4664,1432
1280,19,5034,1452
1280,20,5390,1500
1280,21,5720,1526
1280,22,6058,1560
1280,23,6352,1600
1280,24,6636,1648
1280,25,6878,1732
1280,26,7098,1840
1280,27,7276,1968
1280,28,7338,2062
1280,29,7352,2092
1281,-1,3660,1030
1281,0,108,112
1281,1,374,168
1281,2,670,262
1281,3,970,354
1281,4,1250,462
1281,5,1534,536
1281,6,1850,586
1281,7,2148,642
1281,8,2356,674
1281,9,2550,714
1281,10,2742,794
1281,11,3004,850
1281,12,3284,894
1281,13,3514,942
1281,14,3788,984
1281,15,3986,1052
1281,16,4124,1132
1281,17,4352,1234
1281,18,4624,1286
1281,19,4942,1322
1281,20,5254,1382
1281,21,5518,1456
1281,22,5860,1560
1281,23,6226,1626
1281,24,6572,1686
1281,25,6836,1766
1281,26,7002,1840
1281,27,7158,1906
1281,28,7270,1990
1281,29,7320,2056
1282,-1,6329,1318
1282,0,20,32
1282,1,108,154
1282,2,402,368
1282,3,742,504
1282,4,1100,648
1282,5,1596,800
1282,6,2170,912
1282,7,2846,1028
1282,8,3520,1160
1282,9,4178,1246
1282,10,4876,1332
1282,11,5586,1372
1282,12,6320,1458
1282,13,7056,1538
1282,14,7834,1596
1282,15,8604,1656
1282,16,9294,1726
1282,17,9946,1812
1282,18,10472,1900
1282,19,10944,1980
1282,20,11430,2066
1282,21,11862,2208
1282,22,12128,2396
1282,23,12252,2452
1282,24,12380,2490
1282,25,12470,2524
1282,26,12546,2542
1282,27,12614,2564
1282,28,12650,2616
1282,29,12658,2634
1283,-1,3984,794
1283,0,16,18
1283,1,50,44
1283,2,130,152
1283,3,250,266
1283,4,480,368
1283,5,804,518
1283,6,1192,544
1283,7,1594,596
1283,8,2024,666
1283,9,2514,720
1283,10,3030,770
1283,11,3588,816
1283,12,4140,840
1283,13,4690,854
1283,14,5230,894
1283,15,5572,942
1283,16,5884,980
1283,17,6174,996
1283,18,6474,1018
1283,19,6742,1062
1283,20,6984,1122
1283,21,7172,1186
1283,22,7342,1238
1283,23,7502,1296
1283,24,7658,1342
1283,25,7782,1392
1283,26,7892,1486
1283,27,7942,1542
1283,28,7962,1572
1283,29,7968,1586
1284,-1,3233,950
1284,0,76,70
1284,1,214,136
1284,2,430,238
1284,3,698,310
1284,4,918,342
1284,5,1118,374
1284,6,1310,444
1284,7,1490,492
1284,8,1662,536
1284,9,1854,604
1284,10,2036,664
1284,11,2274,764
1284,12,2528,818
1284,13,2744,874
1284,14,2986,918
1284,15,3236,1000
1284,16,3508,1078
1284,17,3794,1130
1284,18,4086,1168
1284,19,4400,1220
1284,20,4770,1258
1284,21,5132,1294
1284,22,5462,1344
1284,23,5758,1454
1284,24,5970,1588
1284,25,6184,1666
1284,26,6320,1766
1284,27,6380,1838
1284,28,6430,1864
1284,29,6466,1896
1285,-1,3973,1324
1285,0,76,92
1285,1,128,190
1285,2,198,272
1285,3,336,316
1285,4,438,378
1285,5,536,468
1285,6,630,558
1285,7,740,640
1285,8,918,732
1285,9,1122,798
1285,10,1372,884
1285,11,1656,1024
1285,12,1944,1148
1285,13,2274,1280
1285,14,2676,1392
1285,15,3152,1498
1285,16,3626,1600
1285,17,4120,1662
1285,18,4620,1728
1285,19,5092,1808
1285,20,5504,1854
1285,21,5936,1934
1285,22,6354,2062
1285,23,6750,2148
1285,24,7070,2232
1285,25,7316,2300
1285,26,7584,2376
1285,27,7796,2474
1285,28,7904,2592
1285,29,7946,2642
1287,-1,12821,2840
1287,0,100,128
1287,1,418,274
1287,2,796,462
1287,3,1324,678
1287,4,2184,942
1287,5,3400,1188
1287,6,4862,1450
1287,7,6414,1736
1287,8,7830,1852
1287,9,9320,1942
1287,10,10822,2142
1287,11,12602,2394
1287,12,14156,2844
1287,13,15464,3144
1287,14,16494,3368
1287,15,17444,3680
1287,16,18402,4002
1287,17,19238,4212
1287,18,20170,4372
1287,19,21054,4504
1287,20,22028,4604
1287,21,22798,4746
1287,22,23304,4918
1287,23,23770,5058
1287,24,24312,5206
1287,25,24804,5368
1287,26,25200,5498
1287,27,25416,5568
1287,28,25564,5618
1287,29,25642,5678
1288,-1,7203,1788
1288,0,56,58
1288,1,166,184
1288,2,430,310
1288,3,780,418
1288,4,1126,588
1288,5,1796,822
1288,6,2660,934
1288,7,3610,1024
1288,8,4630,1130
1288,9,5780,1216
1288,10,6846,1304
1288,11,7874,1380
1288,12,8864,1596
1288,13,9816,1748
1288,14,10640,1922
1288,15,11326,2152
1288,16,11822,2466
1288,17,12136,2610
1288,18,12432,2664
1288,19,12712,2724
1288,20,12926,2814
1288,21,13056,2954
1288,22,13158,3060
1288,23,13334,3136
1288,24,13492,3174
1288,25,13686,3222
1288,26,13924,3308
1288,27,14172,3374
1288,28,14356,3496
1288,29,14406,3572
1289,-1,13783,2144
1289,0,36,46
1289,1,170,140
1289,2,510,356
1289,3,996,450
1289,4,1552,532
1289,5,2228,640
1289,6,3008,760
1289,7,3784,898
1289,8,4544,1158
1289,9,5250,1344
1289,10,6046,1552
1289,11,7072,1856
1289,12,8482,2042
1289,13,10074,2190
1289,14,11702,2292
1289,15,13384,2348
1289,16,15122,2516
1289,17,16796,2756
1289,18,18358,2914
1289,19,19714,3060
1289,20,21008,3210
1289,21,22268,3288
1289,22,23492,3382
1289,23,24660,3478
1289,24,25690,3638
1289,25,26462,3772
1289,26,26946,3864
1289,27,27312,4010
1289,28,27512,4188
1289,29,27566,4282
1290,-1,59775,6158
1290,0,540,314
1290,1,2300,716
1290,2,4044,856
1290,3,5588,1122
1290,4,7330,1410
1290,5,9444,1870
1290,6,13220,2466
1290,7,17874,3008
1290,8,23304,3502
1290,9,29176,3968
1290,10,35226,4360
1290,11,41554,4854
1290,12,47964,5188
1290,13,54232,5376
1290,14,60718,5594
1290,15,67552,5900
1290,16,74140,6074
1290,17,80690,6244
1290,18,86964,6418
1290,19,93098,6834
1290,20,98506,7490
1290,21,102910,7844
1290,22,106714,8090
1290,23,109998,8620
1290,24,112196,9234
1290,25,114186,10170
1290,26,116442,10738
1290,27,118274,11636
1290,28,119286,12048
1290,29,119550,12314
1291,-1,9251,1848
1291,0,76,82
1291,1,218,238
1291,2,540,408
1291,3,1152,620
1291,4,1972,754
1291,5,2946,870
1291,6,4034,970
1291,7,5172,1086
1291,8,6198,1246
1291,9,7106,1340
1291,10,8204,1466
1291,11,9040,1764
1291,12,9716,1894
1291,13,10168,1994
1291,14,10542,2058
1291,15,10888,2144
1291,16,11328,2210
1291,17,11828,2254
1291,18,12334,2310
1291,19,12904,2388
1291,20,13616,2488
1291,21,14358,2636
1291,22,15060,2776
1291,23,15768,2870
1291,24,16490,2922
1291,25,17190,3000
1291,26,17748,3178
1291,27,18158,3358
1291,28,18364,3522
1291,29,18502,3692
1292,-1,7437,1780
1292,0,86,90
1292,1,232,190
1292,2,470,284
1292,3,714,372
1292,4,1080,508
1292,5,1658,620
1292,6,2244,726
1292,7,2890,836
1292,8,3514,908
1292,9,4172,1036
1292,10,4996,1356
1292,11,5974,1634
1292,12,7076,1830
1292,13,8148,2000
1292,14,9114,2134
1292,15,10016,2254
1292,16,10826,2444
1292,17,11550,2480
1292,18,12178,2618
1292,19,12718,2772
1292,20,13148,2876
1292,21,13536,2908
1292,22,13906,2946
1292,23,14224,3074
1292,24,14360,3156
1292,25,14472,3252
1292,26,14574,3308
1292,27,14700,3374
1292,28,14818,3472
1292,29,14874,3550
1293,-1,347561,23892
1293,0,2984,1440
1293,1,13742,3932
1293,2,31544,7120
1293,3,61054,11662
1293,4,101094,14646
1293,5,146260,15520
1293,6,191036,16194
1293,7,235152,17392
1293,8,276780,18400
1293,9,316466,19076
1293,10,353384,20130
1293,11,384736,21846
1293,12,411456,22454
1293,13,438430,23362
1293,14,464372,24284
1293,15,488766,25028
1293,16,509988,26560
1293,17,526246,28286
1293,18,542758,30382
1293,19,563516,32270
1293,20,584106,33682
1293,21,603832,34966
1293,22,620786,36672
1293,23,634010,39322
1293,24,648170,41536
1293,25,664918,42984
1293,26,680114,44374
1293,27,689966,46100
1293,28,693882,47184
1293,29,695122,47782
1294,-1,3365,888
1294,0,40,68
1294,1,204,180
1294,2,462,302
1294,3,782,364
1294,4,1124,430
1294,5,1466,486
1294,6,1788,574
1294,7,2064,670
1294,8,2352,792
1294,9,2612,900
1294,10,2870,934
1294,11,3102,974
1294,12,3352,1028
1294,13,3664,1052
1294,14,3972,1078
1294,15,4272,1130
1294,16,4456,1164
1294,17,4662,1194
1294,18,4886,1218
1294,19,5116,1232
1294,20,5346,1252
1294,21,5570,1290
1294,22,5780,1332
1294,23,5972,1390
1294,24,6154,1446
1294,25,6320,1494
1294,26,6492,1544
1294,27,6622,1632
1294,28,6714,1714
1294,29,6730,1774
1295,-1,26983,4484
1295,0,192,192
1295,1,830,466
1295,2,1982,1078
1295,3,4576,1906
1295,4,8100,2484
1295,5,11482,2770
1295,6,14784,3258
1295,7,18258,3880
1295,8,21958,4062
1295,9,25826,4240
1295,10,29430,4580
1295,11,32532,5158
1295,12,35262,5620
1295,13,37772,5794
1295,14,40384,6018
1295,15,42958,6128
1295,16,45268,6608
1295,17,46958,7054
1295,18,48208,7208
1295,19,49302,7332
1295,20,50256,7512
1295,21,51010,7708
1295,22,51462,7846
1295,23,51724,8004
1295,24,51956,8120
1295,25,52254,8316
1295,26,52786,8570
1295,27,53410,8704
1295,28,53904,8860
1295,29,53966,8964
1296,-1,3597,942
1296,0,44,60
1296,1,194,116
1296,2,346,196
1296,3,500,272
1296,4,684,354
1296,5,884,410
1296,6,1132,484
1296,7,1416,584
1296,8,1762,686
1296,9,2164,772
1296,10,2620,840
1296,11,3064,920
1296,12,3492,986
1296,13,3918,1060
1296,14,4362,1110
1296,15,4798,1154
1296,16,5216,1234
1296,17,5556,1352
1296,18,5838,1416
1296,19,6066,1476
1296,20,6280,1524
1296,21,6478,1578
1296,22,6664,1602
1296,23,6830,1624
1296,24,6926,1688
1296,25,6972,1734
1296,26,7030,1772
1296,27,7104,1812
1296,28,7166,1842
1296,29,7194,1882
1297,-1,3841,1006
1297,0,84,88
1297,1,246,176
1297,2,460,238
1297,3,626,308
1297,4,826,364
1297,5,1062,410
1297,6,1318,458
1297,7,1596,506
1297,8,1904,550
1297,9,2192,588
1297,10,2446,632
1297,11,2674,660
1297,12,2924,690
1297,13,3216,768
1297,14,3592,882
1297,15,4034,934
1297,16,4506,962
1297,17,4982,988
1297,18,5450,1028
1297,19,5884,1100
1297,20,6302,1188
1297,21,6692,1324
1297,22,6978,1462
1297,23,7230,1570
1297,24,7406,1714
1297,25,7482,1804
1297,26,7550,1852
1297,27,7608,1898
1297,28,7660,1958
1297,29,7682,2006
1298,-1,6752,2206
1298,0,44,42
1298,1,132,110
1298,2,374,328
1298,3,792,574
1298,4,1288,698
1298,5,1830,824
1298,6,2416,938
1298,7,2948,1010
1298,8,3476,1128
1298,9,4180,1298
1298,10,5124,1368
1298,11,5848,1414
1298,12,6568,1528
1298,13,7152,1794
1298,14,7650,2048
1298,15,8056,2188
1298,16,8552,2422
1298,17,9222,2722
1298,18,9878,3018
1298,19,10266,3178
1298,20,10774,3402
1298,21,11450,3538
1298,22,12126,3684
1298,23,12706,3910
1298,24,13020,4072
1298,25,13208,4186
1298,26,13302,4262
1298,27,13386,4316
1298,28,13448,4368
1298,29,13504,4410
1299,-1,4229,990
1299,0,16,34
1299,1,54,74
1299,2,118,110
1299,3,210,182
1299,4,386,372
1299,5,728,478
1299,6,1094,538
1299,7,1560,672
1299,8,2202,790
1299,9,2894,850
1299,10,3478,942
1299,11,4054,986
1299,12,4646,1048
1299,13,5174,1102
1299,14,5620,1182
1299,15,6040,1228
1299,16,6420,1268
1299,17,6770,1300
1299,18,7126,1344
1299,19,7332,1438
1299,20,7550,1550
1299,21,7774,1618
1299,22,7976,1676
1299,23,8116,1748
1299,24,8230,1812
1299,25,8310,1862
1299,26,8374,1894
1299,27,8406,1920
1299,28,8438,1946
1299,29,8458,1976
1300,-1,7649,1812
1300,0,86,78
1300,1,274,182
1300,2,710,306
1300,3,1078,498
1300,4,1524,676
1300,5,2036,826
1300,6,2584,922
1300,7,3184,1050
1300,8,3980,1272
1300,9,4820,1472
1300,10,5588,1588
1300,11,6264,1722
1300,12,6940,1808
1300,13,7586,1862
1300,14,8214,1924
1300,15,8916,1978
1300,16,9710,2036
1300,17,10462,2114
1300,18,11156,2208
1300,19,11872,2418
1300,20,12634,2586
1300,21,13310,2754
1300,22,13838,2950
1300,23,14218,3044
1300,24,14550,3218
1300,25,14804,3300
1300,26,15028,3410
1300,27,15170,3484
1300,28,15248,3548
1300,29,15298,3618
1301,-1,4839,1044
1301,0,44,56
1301,1,124,124
1301,2,230,166
1301,3,352,200
1301,4,544,298
1301,5,890,440
1301,6,1386,544
1301,7,1770,612
1301,8,2172,656
1301,9,2558,676
1301,10,2930,750
1301,11,3350,834
1301,12,3740,876
1301,13,4132,916
1301,14,4610,1000
1301,15,5116,1056
1301,16,5650,1088
1301,17,6168,1130
1301,18,6698,1206
1301,19,7202,1252
1301,20,7680,1354
1301,21,8170,1460
1301,22,8556,1598
1301,23,8840,1692
1301,24,9088,1748
1301,25,9292,1814
1301,26,9460,1878
1301,27,9592,1976
1301,28,9656,2044
1301,29,9678,2086
1302,-1,7704,1836
1302,0,46,42
1302,1,162,148
1302,2,354,286
1302,3,742,544
1302,4,1278,720
1302,5,1932,828
1302,6,2576,944
1302,7,3246,1116
1302,8,3914,1258
1302,9,4576,1354
1302,10,5180,1484
1302,11,5740,1628
1302,12,6180,1740
1302,13,6714,1810
1302,14,7368,1968
1302,15,8196,2032
1302,16,9046,2068
1302,17,9908,2134
1302,18,10778,2228
1302,19,11606,2304
1302,20,12464,2396
1302,21,13320,2550
1302,22,13900,2740
1302,23,14342,2946
1302,24,14720,3110
1302,25,14968,3268
1302,26,15200,3358
1302,27,15346,3516
1302,28,15390,3630
1302,29,15408,3670
1303,-1,4913,1546
1303,0,42,68
1303,1,160,128
1303,2,320,236
1303,3,556,368
1303,4,734,470
1303,5,806,518
1303,6,876,558
1303,7,954,616
1303,8,1128,698
1303,9,1428,784
1303,10,1746,896
1303,11,2096,958
1303,12,2416,1090
1303,13,2768,1204
1303,14,3238,1334
1303,15,3836,1504
1303,16,4548,1642
1303,17,5246,1764
1303,18,5978,1858
1303,19,6702,2014
1303,20,7300,2144
1303,21,7844,2314
1303,22,8324,2468
1303,23,8714,2606
1303,24,8964,2718
1303,25,9232,2772
1303,26,9468,2810
1303,27,9666,2868
1303,28,9784,3000
1303,29,9826,3082
1304,-1,7489,2040
1304,0,144,102
1304,1,452,190
1304,2,812,248
1304,3,1176,318
1304,4,1506,416
1304,5,1714,486
1304,6,1910,542
1304,7,2198,638
1304,8,2520,726
1304,9,2864,840
1304,10,3336,1138
1304,11,4256,1576
1304,12,5610,1866
1304,13,7168,1982
1304,14,8648,2090
1304,15,10032,2146
1304,16,11278,2316
1304,17,12174,2524
1304,18,12666,2796
1304,19,12798,2940
1304,20,12940,2994
1304,21,13110,3060
1304,22,13330,3236
1304,23,13662,3402
1304,24,13978,3530
1304,25,14246,3654
1304,26,14534,3766
1304,27,14792,3882
1304,28,14934,4018
1304,29,14978,4078
1305,-1,9387,2398
1305,0,206,156
1305,1,564,324
1305,2,1182,532
1305,3,1834,698
1305,4,2710,854
1305,5,3760,1006
1305,6,4496,1122
1305,7,5058,1378
1305,8,5564,1680
1305,9,6004,1958
1305,10,6648,2204
1305,11,7276,2364
1305,12,8082,2538
1305,13,8940,2766
1305,14,9916,3004
1305,15,10904,3194
1305,16,11794,3426
1305,17,12596,3542
1305,18,13340,3664
1305,19,14160,3740
1305,20,14958,3778
1305,21,15688,3876
1305,22,16398,3990
1305,23,17044,4142
1305,24,17680,4224
1305,25,18228,4340
1305,26,18456,4568
1305,27,18628,4650
1305,28,18742,4730
1305,29,18774,4794
1306,-1,7805,1368
1306,0,12,24
1306,1,74,96
1306,2,200,184
1306,3,474,420
1306,4,1038,672
1306,5,1754,792
1306,6,2584,972
1306,7,3454,1054
1306,8,4384,1108
1306,9,5310,1176
1306,10,6256,1206
1306,11,7220,1232
1306,12,8200,1268
1306,13,8924,1336
1306,14,9670,1416
1306,15,10404,1490
1306,16,11114,1574
1306,17,11770,1650
1306,18,12342,1752
1306,19,12822,1826
1306,20,13240,1914
1306,21,13636,2002
1306,22,13980,2056
1306,23,14314,2136
1306,24,14602,2230
1306,25,14844,2314
1306,26,15104,2390
1306,27,15354,2486
1306,28,15550,2600
1306,29,15610,2728
1307,-1,7786,1734
1307,0,24,26
1307,1,76,86
1307,2,202,220
1307,3,422,290
1307,4,724,360
1307,5,1188,522
1307,6,1838,662
1307,7,2590,878
1307,8,3446,1154
1307,9,4396,1440
1307,10,5556,1584
1307,11,6782,1642
1307,12,7978,1744
1307,13,9100,1912
1307,14,10128,2224
1307,15,10898,2376
1307,16,11576,2432
1307,17,12190,2512
1307,18,12702,2566
1307,19,13114,2662
1307,20,13460,2762
1307,21,13784,2896
1307,22,14114,2970
1307,23,14444,3046
1307,24,14814,3118
1307,25,15104,3168
1307,26,15316,3248
1307,27,15452,3342
1307,28,15528,3396
1307,29,15572,3462
1308,-1,7345,1616
1308,0,38,50
1308,1,186,130
1308,2,418,262
1308,3,770,418
1308,4,1264,624
1308,5,1888,744
1308,6,2518,840
1308,7,3148,924
1308,8,3780,1044
1308,9,4606,1168
1308,10,5474,1280
1308,11,6370,1392
1308,12,7204,1438
1308,13,8026,1506
1308,14,8818,1618
1308,15,9620,1704
1308,16,10350,1852
1308,17,10916,2040
1308,18,11362,2188
1308,19,11680,2382
1308,20,12012,2514
1308,21,12388,2656
1308,22,12924,2712
1308,23,13440,2748
1308,24,13928,2790
1308,25,14346,2926
1308,26,14560,3064
1308,27,14636,3162
1308,28,14676,3202
1308,29,14690,3228
1309,-1,13543,2226
1309,0,110,106
1309,1,440,244
1309,2,996,378
1309,3,1680,496
1309,4,2536,552
1309,5,3358,626
1309,6,4162,710
1309,7,5064,898
1309,8,6016,964
1309,9,6992,1042
1309,10,8042,1174
1309,11,9180,1348
1309,12,10444,1504
1309,13,11878,1644
1309,14,13350,1824
1309,15,14770,1986
1309,16,16240,2184
1309,17,17622,2308
1309,18,18900,2360
1309,19,20076,2486
1309,20,21158,2630
1309,21,22086,2790
1309,22,22872,2944
1309,23,23598,3092
1309,24,24422,3324
1309,25,25156,3512
1309,26,26048,3768
1309,27,26750,4094
1309,28,27044,4356
1309,29,27086,4450
1310,-1,14489,3154
1310,0,248,164
1310,1,752,344
1310,2,1470,554
1310,3,2404,640
1310,4,2958,836
1310,5,3440,1100
1310,6,4326,1548
1310,7,5640,1764
1310,8,7134,1942
1310,9,8930,2260
1310,10,10988,2408
1310,11,13062,2508
1310,12,14722,2738
1310,13,15914,2896
1310,14,16972,3040
1310,15,18168,3182
1310,16,19482,3516
1310,17,20670,3794
1310,18,21990,3960
1310,19,23106,4162
1310,20,24116,4404
1310,21,25210,4672
1310,22,25998,5016
1310,23,26612,5398
1310,24,27162,5666
1310,25,27584,5800
1310,26,27996,5920
1310,27,28418,6004
1310,28,28720,6100
1310,29,28978,6300
1311,-1,3584,746
1311,0,32,56
1311,1,118,94
1311,2,214,108
1311,3,342,158
1311,4,528,268
1311,5,810,374
1311,6,1168,444
1311,7,1574,506
1311,8,2062,590
1311,9,2582,642
1311,10,3084,660
1311,11,3570,702
1311,12,4074,732
1311,13,4556,754
1311,14,4880,770
1311,15,5200,786
1311,16,5492,834
1311,17,5770,880
1311,18,6038,942
1311,19,6268,1020
1311,20,6466,1096
1311,21,6652,1162
1311,22,6826,1226
1311,23,6938,1302
1311,24,7002,1374
1311,25,7062,1410
1311,26,7098,1436
1311,27,7138,1452
1311,28,7162,1476
1311,29,7168,1490
1312,-1,7302,1706
1312,0,70,88
1312,1,298,222
1312,2,688,344
1312,3,1110,454
1312,4,1566,580
1312,5,2098,728
1312,6,2734,820
1312,7,3360,924
1312,8,3882,1066
1312,9,4398,1224
1312,10,4852,1312
1312,11,5362,1414
1312,12,5896,1480
1312,13,6426,1572
1312,14,7010,1664
1312,15,7562,1720
1312,16,8080,1790
1312,17,8708,1964
1312,18,9396,2180
1312,19,10176,2260
1312,20,10992,2312
1312,21,11810,2408
1312,22,12644,2570
1312,23,13342,2728
1312,24,13860,2876
1312,25,14094,3084
1312,26,14252,3160
1312,27,14404,3238
1312,28,14536,3316
1312,29,14604,3408
1313,-1,3086,918
1313,0,20,38
1313,1,100,94
1313,2,228,154
1313,3,394,212
1313,4,562,292
1313,5,754,394
1313,6,980,428
1313,7,1194,458
1313,8,1478,548
1313,9,1782,612
1313,10,2154,658
1313,11,2526,708
1313,12,2872,754
1313,13,3188,786
1313,14,3482,814
1313,15,3776,864
1313,16,4054,892
1313,17,4334,938
1313,18,4666,976
1313,19,4992,1034
1313,20,5286,1088
1313,21,5512,1222
1313,22,5694,1362
1313,23,5828,1488
1313,24,5920,1590
1313,25,6024,1666
1313,26,6100,1738
1313,27,6144,1780
1313,28,6164,1816
1313,29,6172,1834
1314,-1,5402,1170
1314,0,86,54
1314,1,204,84
1314,2,350,142
1314,3,558,182
1314,4,758,240
1314,5,954,274
1314,6,1146,316
1314,7,1326,394
1314,8,1522,458
1314,9,1908,640
1314,10,2494,858
1314,11,3302,1026
1314,12,4162,1102
1314,13,4790,1126
1314,14,5422,1154
1314,15,6058,1202
1314,16,6696,1236
1314,17,7290,1316
1314,18,7840,1354
1314,19,8360,1436
1314,20,8828,1492
1314,21,9284,1574
1314,22,9652,1668
1314,23,9928,1778
1314,24,10172,1868
1314,25,10394,1990
1314,26,10574,2122
1314,27,10704,2242
1314,28,10774,2296
1314,29,10804,2334
1315,-1,4247,1090
1315,0,64,94
1315,1,188,222
1315,2,350,332
1315,3,510,406
1315,4,716,528
1315,5,1022,614
1315,6,1342,662
1315,7,1650,690
1315,8,1992,730
1315,9,2326,748
1315,10,2682,778
1315,11,3086,822
1315,12,3520,908
1315,13,3980,976
1315,14,4398,1064
1315,15,4794,1154
1315,16,5194,1202
1315,17,5608,1262
1315,18,6028,1328
1315,19,6470,1382
1315,20,6922,1458
1315,21,7320,1556
1315,22,7702,1616
1315,23,8004,1740
1315,24,8186,1822
1315,25,8292,1924
1315,26,8392,1994
1315,27,8460,2102
1315,28,8490,2162
1315,29,8494,2178
1316,-1,6668,1152
1316,0,28,58
1316,1,156,116
1316,2,296,140
1316,3,468,236
1316,4,770,360
1316,5,1146,426
1316,6,1636,510
1316,7,2288,618
1316,8,3032,722
1316,9,3720,804
1316,10,4378,848
1316,11,5048,886
1316,12,5752,930
1316,13,6458,978
1316,14,7210,1040
1316,15,7804,1088
1316,16,8442,1168
1316,17,9120,1254
1316,18,9830,1340
1316,19,10522,1472
1316,20,11126,1610
1316,21,11632,1676
1316,22,12094,1762
1316,23,12506,1908
1316,24,12802,2010
1316,25,13038,2060
1316,26,13174,2164
1316,27,13266,2236
1316,28,13310,2264
1316,29,13336,2294
1317,-1,7285,1936
1317,0,70,74
1317,1,354,270
1317,2,776,484
1317,3,1396,690
1317,4,2134,780
1317,5,2696,880
1317,6,3260,992
1317,7,3838,1114
1317,8,4504,1260
1317,9,5082,1422
1317,10,5892,1746
1317,11,6842,2070
1317,12,7628,2244
1317,13,8174,2514
1317,14,8570,2594
1317,15,9004,2642
1317,16,9472,2700
1317,17,10038,2806
1317,18,10694,2854
1317,19,11386,2960
1317,20,12054,3004
1317,21,12584,3138
1317,22,12960,3264
1317,23,13274,3374
1317,24,13578,3454
1317,25,13870,3538
1317,26,14148,3602
1317,27,14406,3718
1317,28,14538,3838
1317,29,14570,3870
1318,-1,44790,8280
1318,0,388,310
1318,1,1718,922
1318,2,5784,1484
1318,3,11498,1996
1318,4,17504,2542
1318,5,23322,3530
1318,6,27390,4464
1318,7,30190,5184
1318,8,32896,5562
1318,9,35558,5840
1318,10,39300,6482
1318,11,43798,7330
1318,12,47878,8456
1318,13,50214,9312
1318,14,52408,9920
1318,15,54984,10508
1318,16,58120,11100
1318,17,62004,11876
1318,18,66190,12364
1318,19,71132,12800
1318,20,76002,13460
1318,21,78610,13956
1318,22,81722,14498
1318,23,84096,14776
1318,24,84976,15166
1318,25,85746,15434
1318,26,87184,15620
1318,27,88668,15922
1318,28,89366,16306
1318,29,89580,16554
1319,-1,3204,1058
1319,0,38,38
1319,1,80,78
1319,2,122,102
1319,3,200,176
1319,4,338,264
1319,5,614,408
1319,6,908,552
1319,7,1190,646
1319,8,1482,758
1319,9,1746,850
1319,10,2050,958
1319,11,2406,1032
1319,12,2790,1064
1319,13,3196,1124
1319,14,3606,1182
1319,15,4014,1238
1319,16,4370,1320
1319,17,4702,1354
1319,18,5056,1442
1319,19,5440,1502
1319,20,5780,1588
1319,21,6034,1714
1319,22,6156,1792
1319,23,6230,1870
1319,24,6268,1946
1319,25,6314,2006
1319,26,6346,2038
1319,27,6372,2054
1319,28,6392,2080
1319,29,6408,2110
1320,-1,7839,2198
1320,0,100,84
1320,1,242,178
1320,2,636,426
1320,3,1296,648
1320,4,2024,754
1320,5,2796,824
1320,6,3688,922
1320,7,4640,994
1320,8,5500,1142
1320,9,6252,1248
1320,10,6808,1360
1320,11,7296,1442
1320,12,7730,1514
1320,13,8142,1662
1320,14,8404,1794
1320,15,8628,1926
1320,16,8874,1970
1320,17,9132,2108
1320,18,9410,2236
1320,19,9756,2418
1320,20,10326,2752
1320,21,11112,3044
1320,22,12006,3232
1320,23,13100,3414
1320,24,13990,3624
1320,25,14690,3816
1320,26,15174,4008
1320,27,15494,4196
1320,28,15656,4336
1320,29,15678,4394
1321,-1,33186,5368
1321,0,164,174
1321,1,1036,444
1321,2,1822,872
1321,3,3256,1442
1321,4,4786,1714
1321,5,6488,1998
1321,6,8194,2224
1321,7,10656,2558
1321,8,13206,2942
1321,9,15970,3478
1321,10,19264,4216
1321,11,22560,4880
1321,12,26270,5460
1321,13,29996,5704
1321,14,33290,6032
1321,15,36186,6350
1321,16,38326,6518
1321,17,40324,6718
1321,18,42576,7130
1321,19,44598,7452
1321,20,47096,8024
1321,21,49472,8448
1321,22,51746,8658
1321,23,54324,8934
1321,24,57354,9180
1321,25,60280,9340
1321,26,62856,9618
1321,27,65010,10000
1321,28,66090,10380
1321,29,66372,10734
1322,-1,3866,1304
1322,0,16,30
1322,1,96,136
1322,2,284,244
1322,3,516,294
1322,4,744,338
1322,5,948,418
1322,6,1146,470
1322,7,1376,524
1322,8,1516,562
1322,9,1592,608
1322,10,1644,656
1322,11,1774,756
1322,12,2054,868
1322,13,2434,960
1322,14,2912,1102
1322,15,3476,1164
1322,16,4056,1222
1322,17,4592,1280
1322,18,5144,1368
1322,19,5638,1494
1322,20,6110,1610
1322,21,6494,1724
1322,22,6764,1874
1322,23,7014,2012
1322,24,7204,2124
1322,25,7374,2258
1322,26,7544,2410
1322,27,7654,2500
1322,28,7716,2562
1322,29,7732,2606
1323,-1,5956,1636
1323,0,102,106
1323,1,398,210
1323,2,714,332
1323,3,978,464
1323,4,1368,660
1323,5,1800,842
1323,6,2282,920
1323,7,2698,1000
1323,8,3236,1182
1323,9,3952,1312
1323,10,4642,1442
1323,11,5382,1538
1323,12,6054,1566
1323,13,6686,1690
1323,14,7314,1860
1323,15,7888,1930
1323,16,8442,1972
1323,17,9038,2108
1323,18,9674,2172
1323,19,10192,2292
1323,20,10706,2408
1323,21,11042,2592
1323,22,11300,2798
1323,23,11454,2898
1323,24,11540,3008
1323,25,11638,3056
1323,26,11750,3130
1323,27,11836,3184
1323,28,11896,3238
1323,29,11912,3268
1324,-1,11276,1444
1324,0,128,92
1324,1,578,296
1324,2,1176,592
1324,3,1946,720
1324,4,2848,776
1324,5,3766,844
1324,6,4746,932
1324,7,5712,978
1324,8,6776,1078
1324,9,7856,1154
1324,10,8934,1238
1324,11,9994,1276
1324,12,11092,1332
1324,13,12182,1434
1324,14,13184,1542
1324,15,14196,1640
1324,16,14982,1716
1324,17,15684,1784
1324,18,16434,1844
1324,19,17212,1924
1324,20,17948,2038
1324,21,18614,2094
1324,22,19214,2160
1324,23,19840,2232
1324,24,20418,2290
1324,25,20956,2362
1324,26,21502,2460
1324,27,22064,2556
1324,28,22432,2756
1324,29,22552,2886
1325,-1,5429,1694
1325,0,54,66
1325,1,310,240
1325,2,790,432
1325,3,1422,600
1325,4,2120,690
1325,5,2644,774
1325,6,3088,842
1325,7,3522,884
1325,8,3918,916
1325,9,4392,1018
1325,10,4878,1078
1325,11,5372,1148
1325,12,5844,1272
1325,13,6168,1432
1325,14,6520,1618
1325,15,6880,1772
1325,16,7374,1888
1325,17,7928,2002
1325,18,8442,2104
1325,19,8872,2238
1325,20,9302,2398
1325,21,9624,2572
1325,22,9762,2770
1325,23,9956,2934
1325,24,10156,3012
1325,25,10350,3086
1325,26,10514,3216
1325,27,10660,3300
1325,28,10800,3336
1325,29,10858,3382
1326,-1,11977,2210
1326,0,76,122
1326,1,688,506
1326,2,1506,788
1326,3,2510,1038
1326,4,3618,1094
1326,5,4834,1204
1326,6,6102,1308
1326,7,7370,1432
1326,8,8558,1586
1326,9,9962,1724
1326,10,11488,1924
1326,11,12870,2134
1326,12,14174,2436
1326,13,15492,2628
1326,14,16784,2846
1326,15,17830,2994
1326,16,18580,3170
1326,17,19088,3344
1326,18,19530,3420
1326,19,19864,3508
1326,20,20192,3572
1326,21,20636,3682
1326,22,21144,3772
1326,23,21686,3816
1326,24,22254,3870
1326,25,22720,4030
1326,26,23102,4078
1326,27,23530,4156
1326,28,23852,4276
1326,29,23954,4418
1327,-1,4391,1334
1327,0,154,154
1327,1,442,224
1327,2,768,338
1327,3,1104,440
1327,4,1364,562
1327,5,1606,660
1327,6,1910,778
1327,7,2326,918
1327,8,2786,1028
1327,9,3204,1090
1327,10,3558,1128
1327,11,3902,1170
1327,12,4176,1240
1327,13,4450,1316
1327,14,4818,1362
1327,15,5194,1430
1327,16,5412,1562
1327,17,5686,1660
1327,18,5970,1694
1327,19,6212,1736
1327,20,6440,1772
1327,21,6658,1848
1327,22,6840,1998
1327,23,7076,2132
1327,24,7470,2188
1327,25,7854,2230
1327,26,8230,2274
1327,27,8548,2386
1327,28,8720,2556
1327,29,8782,2664
1328,-1,9279,1694
1328,0,40,74
1328,1,164,170
1328,2,412,282
1328,3,896,388
1328,4,1476,444
1328,5,2180,594
1328,6,2880,716
1328,7,3564,792
1328,8,4368,922
1328,9,5312,1086
1328,10,6326,1146
1328,11,7432,1260
1328,12,8650,1324
1328,13,9888,1366
1328,14,11110,1406
1328,15,12322,1476
1328,16,13550,1524
1328,17,14634,1750
1328,18,15426,2000
1328,19,16056,2104
1328,20,16600,2318
1328,21,17054,2586
1328,22,17436,2750
1328,23,17820,2894
1328,24,18054,3002
1328,25,18208,3100
1328,26,18316,3192
1328,27,18438,3290
1328,28,18504,3340
1328,29,18558,3384
1329,-1,8007,1652
1329,0,122,142
1329,1,618,388
1329,2,1412,536
1329,3,2322,668
1329,4,3446,784
1329,5,4514,878
1329,6,5532,958
1329,7,6430,1056
1329,8,7194,1180
1329,9,7782,1324
1329,10,8328,1458
1329,11,8882,1552
1329,12,9452,1604
1329,13,10036,1762
1329,14,10730,1842
1329,15,11450,1958
1329,16,12168,2060
1329,17,12800,2176
1329,18,13368,2372
1329,19,13824,2564
1329,20,14216,2684
1329,21,14514,2778
1329,22,14762,2838
1329,23,15044,2916
1329,24,15308,2976
1329,25,15526,3040
1329,26,15754,3090
1329,27,15904,3190
1329,28,15968,3252
1329,29,16014,3302
1330,-1,5559,1578
1330,0,62,74
1330,1,304,170
1330,2,606,246
1330,3,978,316
1330,4,1282,374
1330,5,1512,464
1330,6,1824,566
1330,7,2114,656
1330,8,2480,804
1330,9,2966,1116
1330,10,3538,1342
1330,11,4198,1384
1330,12,4834,1428
1330,13,5464,1488
1330,14,6150,1524
1330,15,6886,1618
1330,16,7636,1748
1330,17,8308,1948
1330,18,8896,2164
1330,19,9234,2308
1330,20,9596,2440
1330,21,9970,2528
1330,22,10384,2646
1330,23,10658,2762
1330,24,10780,2896
1330,25,10868,2968
1330,26,10974,3022
1330,27,11066,3104
1330,28,11096,3128
1330,29,11118,3154
1331,-1,6616,1794
1331,0,88,68
1331,1,276,110
1331,2,580,206
1331,3,964,288
1331,4,1222,364
1331,5,1516,444
1331,6,1974,646
1331,7,2616,712
1331,8,3234,878
1331,9,3918,1102
1331,10,4600,1248
1331,11,5234,1398
1331,12,5950,1594
1331,13,6692,1724
1331,14,7362,1780
1331,15,7924,1928
1331,16,8528,2158
1331,17,9264,2304
1331,18,9912,2430
1331,19,10454,2488
1331,20,11018,2602
1331,21,11596,2730
1331,22,11990,2856
1331,23,12322,3022
1331,24,12644,3132
1331,25,12876,3250
1331,26,13076,3372
1331,27,13138,3478
1331,28,13212,3546
1331,29,13232,3586
1332,-1,10348,2660
1332,0,104,92
1332,1,338,258
1332,2,690,416
1332,3,1170,640
1332,4,1840,926
1332,5,2834,1250
1332,6,4122,1590
1332,7,5696,2000
1332,8,7356,2236
1332,9,8802,2406
1332,10,10170,2578
1332,11,11686,2718
1332,12,13274,2906
1332,13,14444,3194
1332,14,15156,3470
1332,15,15402,3614
1332,16,15598,3712
1332,17,15798,3788
1332,18,16144,3956
1332,19,16724,4188
1332,20,17294,4454
1332,21,17864,4624
1332,22,18448,4764
1332,23,19002,4816
1332,24,19508,4928
1332,25,19956,5032
1332,26,20244,5110
1332,27,20466,5168
1332,28,20614,5224
1332,29,20696,5312
1333,-1,4681,1336
1333,0,48,62
1333,1,270,228
1333,2,572,362
1333,3,970,556
1333,4,1458,752
1333,5,2090,874
1333,6,2694,994
1333,7,3284,1140
1333,8,3882,1262
1333,9,4542,1336
1333,10,5190,1438
1333,11,5714,1506
1333,12,6192,1570
1333,13,6572,1664
1333,14,6768,1792
1333,15,6918,1922
1333,16,7032,2006
1333,17,7234,2060
1333,18,7494,2104
1333,19,7762,2132
1333,20,8012,2184
1333,21,8232,2242
1333,22,8442,2322
1333,23,8630,2404
1333,24,8818,2440
1333,25,8988,2470
1333,26,9116,2524
1333,27,9214,2560
1333,28,9288,2620
1333,29,9362,2664
1334,-1,39047,5066
1334,0,326,252
1334,1,1474,1072
1334,2,4010,2056
1334,3,7554,2782
1334,4,11594,3194
1334,5,15960,3562
1334,6,20466,3728
1334,7,24784,3878
1334,8,28872,3986
1334,9,33200,4074
1334,10,36986,4398
1334,11,40268,4740
1334,12,43288,5088
1334,13,46424,5466
1334,14,49968,5922
1334,15,53844,6136
1334,16,57486,6408
1334,17,60590,6756
1334,18,63208,7066
1334,19,65370,7512
1334,20,67050,7800
1334,21,69234,8054
1334,22,71718,8172
1334,23,73850,8460
1334,24,75594,8866
1334,25,76650,9316
1334,26,77374,9628
1334,27,77666,9870
1334,28,77968,10004
1334,29,78094,10130
1335,-1,3941,1386
1335,0,46,52
1335,1,236,180
1335,2,546,280
1335,3,906,350
1335,4,1290,444
1335,5,1634,584
1335,6,2026,724
1335,7,2462,824
1335,8,2856,888
1335,9,3196,984
1335,10,3544,1048
1335,11,3854,1158
1335,12,4190,1262
1335,13,4596,1386
1335,14,4826,1564
1335,15,5086,1740
1335,16,5452,1834
1335,17,5780,1986
1335,18,6148,2108
1335,19,6466,2222
1335,20,6668,2306
1335,21,6836,2358
1335,22,7020,2396
1335,23,7212,2434
1335,24,7406,2486
1335,25,7532,2554
1335,26,7640,2600
1335,27,7752,2636
1335,28,7838,2708
1335,29,7882,2770
1336,-1,3247,1448
1336,0,72,48
1336,1,238,112
1336,2,446,258
1336,3,628,348
1336,4,820,402
1336,5,1024,476
1336,6,1164,622
1336,7,1376,794
1336,8,1656,906
1336,9,1954,1048
1336,10,2364,1148
1336,11,2740,1260
1336,12,3158,1330
1336,13,3632,1398
1336,14,4142,1462
1336,15,4464,1534
1336,16,4730,1658
1336,17,4962,1772
1336,18,5100,1896
1336,19,5224,2010
1336,20,5416,2120
1336,21,5544,2284
1336,22,5666,2396
1336,23,5796,2510
1336,24,5912,2562
1336,25,6040,2588
1336,26,6196,2658
1336,27,6330,2772
1336,28,6440,2822
1336,29,6494,2892
1337,-1,8915,1374
1337,0,58,52
1337,1,104,114
1337,2,228,208
1337,3,344,320
1337,4,450,380
1337,5,742,506
1337,6,1304,616
1337,7,2012,784
1337,8,2928,930
1337,9,3712,1030
1337,10,4428,1086
1337,11,5162,1160
1337,12,5988,1226
1337,13,6738,1312
1337,14,7438,1370
1337,15,8186,1456
1337,16,8984,1500
1337,17,9810,1558
1337,18,10594,1618
1337,19,11406,1674
1337,20,12304,1770
1337,21,13216,1812
1337,22,14152,1860
1337,23,15040,1928
1337,24,15942,1982
1337,25,16718,2172
1337,26,17208,2364
1337,27,17592,2532
1337,28,17774,2692
1337,29,17830,2746
1338,-1,3974,1560
1338,0,30,46
1338,1,86,88
1338,2,172,208
1338,3,478,390
1338,4,932,646
1338,5,1612,836
1338,6,2422,1014
1338,7,3100,1256
1338,8,3620,1396
1338,9,4130,1566
1338,10,4612,1700
1338,11,5062,1772
1338,12,5376,1834
1338,13,5684,1956
1338,14,5968,2048
1338,15,6234,2184
1338,16,6482,2316
1338,17,6656,2428
1338,18,6762,2586
1338,19,6840,2644
1338,20,6924,2684
1338,21,7016,2724
1338,22,7108,2746
1338,23,7192,2780
1338,24,7316,2822
1338,25,7460,2868
1338,26,7596,2918
1338,27,7766,2964
1338,28,7896,3042
1338,29,7948,3108
1339,-1,3014,838
1339,0,20,32
1339,1,110,136
1339,2,282,234
1339,3,468,300
1339,4,716,350
1339,5,966,378
1339,6,1220,422
1339,7,1460,460
1339,8,1708,500
1339,9,2008,546
1339,10,2276,608
1339,11,2470,664
1339,12,2692,720
1339,13,2916,776
1339,14,3166,816
1339,15,3434,872
1339,16,3726,940
1339,17,4010,978
1339,18,4278,1024
1339,19,4532,1084
1339,20,4820,1136
1339,21,5092,1212
1339,22,5332,1276
1339,23,5552,1324
1339,24,5746,1386
1339,25,5878,1460
1339,26,5958,1572
1339,27,6008,1634
1339,28,6020,1658
1339,29,6028,1674
1340,-1,12132,2394
1340,0,178,74
1340,1,368,194
1340,2,706,334
1340,3,1198,450
1340,4,1782,576
1340,5,2564,860
1340,6,3640,954
1340,7,4712,1026
1340,8,5664,1204
1340,9,6614,1348
1340,10,7482,1514
1340,11,8318,1776
1340,12,9284,2070
1340,13,10112,2246
1340,14,10930,2332
1340,15,12082,2578
1340,16,13572,2838
1340,17,14962,3004
1340,18,16158,3162
1340,19,17504,3264
1340,20,18772,3490
1340,21,19572,3688
1340,22,20372,3782
1340,23,21086,3958
1340,24,21786,4128
1340,25,22584,4218
1340,26,23306,4288
1340,27,23870,4476
1340,28,24192,4704
1340,29,24264,4786
1341,-1,3569,1086
1341,0,54,72
1341,1,180,184
1341,2,384,276
1341,3,658,314
1341,4,894,380
1341,5,1142,450
1341,6,1474,596
1341,7,1914,712
1341,8,2384,844
1341,9,2928,1014
1341,10,3460,1126
1341,11,3990,1214
1341,12,4492,1328
1341,13,4980,1466
1341,14,5378,1590
1341,15,5722,1682
1341,16,6026,1724
1341,17,6304,1804
1341,18,6466,1868
1341,19,6596,1902
1341,20,6706,1918
1341,21,6818,1940
1341,22,6920,1974
1341,23,6988,2008
1341,24,7042,2044
1341,25,7074,2078
1341,26,7096,2100
1341,27,7118,2122
1341,28,7130,2146
1341,29,7138,2170
1342,-1,4177,904
1342,0,56,44
1342,1,136,116
1342,2,278,202
1342,3,460,236
1342,4,680,294
1342,5,910,370
1342,6,1192,480
1342,7,1522,540
1342,8,1824,602
1342,9,2126,654
1342,10,2386,706
1342,11,2678,790
1342,12,3012,850
1342,13,3396,900
1342,14,3846,972
1342,15,4286,1022
1342,16,4742,1048
1342,17,5198,1072
1342,18,5684,1100
1342,19,6106,1184
1342,20,6470,1266
1342,21,6748,1340
1342,22,7010,1362
1342,23,7304,1414
1342,24,7596,1444
1342,25,7866,1518
1342,26,8052,1594
1342,27,8236,1666
1342,28,8332,1762
1342,29,8354,1806
1343,-1,25925,6314
1343,0,278,254
1343,1,728,450
1343,2,1522,814
1343,3,2938,1086
1343,4,4638,1296
1343,5,6336,1558
1343,6,7478,2014
1343,7,8454,2638
1343,8,9992,3390
1343,9,11918,4364
1343,10,14980,5248
1343,11,18986,5934
1343,12,23904,6648
1343,13,28300,7426
1343,14,32390,8048
1343,15,35872,8618
1343,16,39514,9130
1343,17,43606,9638
1343,18,46030,10332
1343,19,47270,10646
1343,20,47782,10868
1343,21,48006,11046
1343,22,48640,11180
1343,23,49298,11316
1343,24,50004,11498
1343,25,50426,11742
1343,26,50580,11948
1343,27,51008,12184
1343,28,51666,12448
1343,29,51850,12622
1344,-1,5183,1870
1344,0,22,38
1344,1,82,146
1344,2,256,302
1344,3,562,372
1344,4,796,508
1344,5,1090,598
1344,6,1436,780
1344,7,1720,976
1344,8,1970,1166
1344,9,2170,1292
1344,10,2436,1440
1344,11,2774,1596
1344,12,3182,1696
1344,13,3594,1778
1344,14,3958,1810
1344,15,4336,1864
1344,16,4854,1994
1344,17,5450,2100
1344,18,5976,2188
1344,19,6550,2316
1344,20,7108,2452
1344,21,7596,2590
1344,22,8034,2706
1344,23,8464,2792
1344,24,8926,2938
1344,25,9388,3168
1344,26,9908,3410
1344,27,10268,3620
1344,28,10354,3708
1344,29,10366,3736
1345,-1,26231,5232
1345,0,274,226
1345,1,864,480
1345,2,2020,866
1345,3,3728,1098
1345,4,5610,1496
1345,5,7448,1656
1345,6,9072,1862
1345,7,10282,2174
1345,8,11200,2290
1345,9,11978,2442
1345,10,12846,2586
1345,11,13666,2700
1345,12,14452,2808
1345,13,15348,3116
1345,14,16996,3668
1345,15,18724,3972
1345,16,20180,4128
1345,17,21966,4626
1345,18,24648,5172
1345,19,27976,5522
1345,20,31688,5964
1345,21,35242,6650
1345,22,38724,7040
1345,23,42540,7494
1345,24,45438,8228
1345,25,47292,8766
1345,26,48970,9150
1345,27,50960,9720
1345,28,52156,10236
1345,29,52462,10462
1346,-1,7498,1850
1346,0,40,38
1346,1,170,140
1346,2,336,244
1346,3,584,372
1346,4,996,536
1346,5,1474,708
1346,6,2012,936
1346,7,2782,1144
1346,8,3536,1222
1346,9,4212,1334
1346,10,4758,1420
1346,11,5466,1588
1346,12,6384,1830
1346,13,7400,2118
1346,14,8342,2354
1346,15,9210,2598
1346,16,10088,2678
1346,17,10914,2774
1346,18,11714,2922
1346,19,12494,3092
1346,20,13090,3254
1346,21,13536,3294
1346,22,13978,3354
1346,23,14292,3400
1346,24,14548,3464
1346,25,14728,3510
1346,26,14854,3568
1346,27,14918,3608
1346,28,14958,3644
1346,29,14996,3698
1347,-1,9720,1806
1347,0,124,108
1347,1,560,292
1347,2,1362,430
1347,3,2132,498
1347,4,3070,672
1347,5,4038,762
1347,6,4876,928
1347,7,5840,1162
1347,8,6936,1250
1347,9,7972,1306
1347,10,9008,1396
1347,11,9646,1724
1347,12,10050,1854
1347,13,10564,1924
1347,14,11224,1986
1347,15,11750,2106
1347,16,12146,2166
1347,17,12472,2264
1347,18,12852,2360
1347,19,13422,2476
1347,20,14174,2692
1347,21,14976,2776
1347,22,15666,2854
1347,23,16300,2936
1347,24,16976,3032
1347,25,17736,3098
1347,26,18468,3210
1347,27,19016,3324
1347,28,19340,3494
1347,29,19440,3610
1348,-1,3551,1104
1348,0,22,34
1348,1,66,82
1348,2,100,140
1348,3,250,224
1348,4,426,314
1348,5,618,374
1348,6,838,440
1348,7,992,520
1348,8,1250,656
1348,9,1588,754
1348,10,2018,802
1348,11,2472,850
1348,12,2962,946
1348,13,3518,998
1348,14,4062,1058
1348,15,4440,1210
1348,16,4646,1338
1348,17,4792,1420
1348,18,4926,1470
1348,19,5172,1556
1348,20,5464,1592
1348,21,5802,1670
1348,22,6216,1730
1348,23,6420,1838
1348,24,6516,1878
1348,25,6626,1924
1348,26,6738,1950
1348,27,6884,2026
1348,28,7030,2112
1348,29,7102,2198
1349,-1,4357,1068
1349,0,54,68
1349,1,230,194
1349,2,482,248
1349,3,830,288
1349,4,1190,342
1349,5,1574,384
1349,6,1888,434
1349,7,2272,496
1349,8,2690,552
1349,9,3116,626
1349,10,3518,686
1349,11,3908,712
1349,12,4276,766
1349,13,4592,848
1349,14,4874,940
1349,15,5206,1000
1349,16,5552,1072
1349,17,5878,1132
1349,18,6208,1170
1349,19,6570,1198
1349,20,6978,1272
1349,21,7366,1346
1349,22,7666,1466
1349,23,7944,1580
1349,24,8218,1738
1349,25,8416,1876
1349,26,8580,1972
1349,27,8654,2058
1349,28,8690,2106
1349,29,8714,2130
1350,-1,4589,1416
1350,0,48,58
1350,1,186,166
1350,2,340,204
1350,3,564,256
1350,4,792,362
1350,5,912,508
1350,6,1060,574
1350,7,1234,628
1350,8,1416,664
1350,9,1620,702
1350,10,1802,740
1350,11,2060,806
1350,12,2490,938
1350,13,3008,1080
1350,14,3546,1270
1350,15,4180,1360
1350,16,4912,1448
1350,17,5588,1558
1350,18,6130,1714
1350,19,6640,1880
1350,20,7078,1984
1350,21,7580,2088
1350,22,7984,2218
1350,23,8266,2300
1350,24,8520,2364
1350,25,8696,2464
1350,26,8788,2546
1350,27,8904,2636
1350,28,9126,2742
1350,29,9178,2830
1351,-1,3214,702
1351,0,18,42
1351,1,106,112
1351,2,246,166
1351,3,390,228
1351,4,546,272
1351,5,698,306
1351,6,866,344
1351,7,1096,380
1351,8,1374,428
1351,9,1758,506
1351,10,2158,540
1351,11,2552,564
1351,12,2950,594
1351,13,3356,636
1351,14,3802,672
1351,15,4090,686
1351,16,4382,710
1351,17,4664,756
1351,18,4950,794
1351,19,5222,836
1351,20,5466,904
1351,21,5676,968
1351,22,5836,1036
1351,23,5968,1080
1351,24,6100,1112
1351,25,6214,1186
1351,26,6304,1238
1351,27,6372,1314
1351,28,6416,1370
1351,29,6428,1402
1352,-1,3232,1166
1352,0,20,22
1352,1,30,46
1352,2,64,86
1352,3,118,156
1352,4,238,236
1352,5,424,338
1352,6,622,440
1352,7,870,578
1352,8,1172,716
1352,9,1480,798
1352,10,1782,920
1352,11,2106,996
1352,12,2454,1064
1352,13,2812,1232
1352,14,3182,1358
1352,15,3550,1458
1352,16,3932,1532
1352,17,4342,1658
1352,18,4692,1772
1352,19,4950,1854
1352,20,5202,1924
1352,21,5476,1956
1352,22,5748,1990
1352,23,5908,2028
1352,24,6054,2092
1352,25,6198,2110
1352,26,6328,2158
1352,27,6414,2254
1352,28,6446,2300
1352,29,6464,2324
1353,-1,4652,1342
1353,0,40,66
1353,1,122,156
1353,2,260,298
1353,3,602,588
1353,4,1150,840
1353,5,1676,916
1353,6,2254,1004
1353,7,2874,1114
1353,8,3478,1180
1353,9,4152,1252
1353,10,4864,1336
1353,11,5548,1460
1353,12,6124,1558
1353,13,6610,1642
1353,14,7020,1716
1353,15,7386,1784
1353,16,7748,1854
1353,17,8084,1898
1353,18,8348,2014
1353,19,8548,2184
1353,20,8638,2284
1353,21,8704,2356
1353,22,8764,2440
1353,23,8820,2500
1353,24,8928,2534
1353,25,9046,2568
1353,26,9150,2594
1353,27,9230,2618
1353,28,9296,2654
1353,29,9304,2682
1354,-1,4371,1394
1354,0,38,58
1354,1,126,142
1354,2,284,260
1354,3,480,396
1354,4,770,594
1354,5,1144,734
1354,6,1610,890
1354,7,2196,1024
1354,8,2870,1102
1354,9,3538,1162
1354,10,4194,1206
1354,11,4876,1334
1354,12,5520,1512
1354,13,5980,1692
1354,14,6336,1786
1354,15,6696,1872
1354,16,6994,1942
1354,17,7260,2004
1354,18,7474,2074
1354,19,7642,2136
1354,20,7798,2248
1354,21,7954,2302
1354,22,8100,2346
1354,23,8216,2370
1354,24,8310,2444
1354,25,8410,2520
1354,26,8516,2600
1354,27,8622,2658
1354,28,8698,2726
1354,29,8742,2784
1355,-1,3391,1064
1355,0,24,34
1355,1,106,90
1355,2,182,148
1355,3,256,210
1355,4,408,280
1355,5,582,318
1355,6,726,360
1355,7,880,432
1355,8,1142,520
1355,9,1400,564
1355,10,1662,584
1355,11,1952,618
1355,12,2242,676
1355,13,2532,776
1355,14,2846,936
1355,15,3222,1128
1355,16,3680,1314
1355,17,4106,1494
1355,18,4544,1572
1355,19,4938,1608
1355,20,5310,1656
1355,21,5608,1718
1355,22,5872,1760
1355,23,6128,1812
1355,24,6336,1868
1355,25,6494,1918
1355,26,6578,1986
1355,27,6656,2028
1355,28,6730,2058
1355,29,6782,2120
1356,-1,3210,1068
1356,0,32,42
1356,1,108,98
1356,2,202,156
1356,3,286,220
1356,4,404,328
1356,5,566,392
1356,6,768,442
1356,7,962,488
1356,8,1140,520
1356,9,1314,546
1356,10,1434,608
1356,11,1520,638
1356,12,1610,700
1356,13,1772,816
1356,14,2030,988
1356,15,2410,1116
1356,16,2892,1230
1356,17,3450,1320
1356,18,4046,1400
1356,19,4554,1566
1356,20,4956,1632
1356,21,5356,1658
1356,22,5746,1706
1356,23,6060,1788
1356,24,6218,1898
1356,25,6292,1990
1356,26,6322,2016
1356,27,6370,2044
1356,28,6404,2100
1356,29,6420,2132
1357,-1,15274,2740
1357,0,82,82
1357,1,258,182
1357,2,418,246
1357,3,622,308
1357,4,948,390
1357,5,1320,514
1357,6,1794,776
1357,7,2344,1148
1357,8,3186,1538
1357,9,4362,1992
1357,10,5944,2194
1357,11,7810,2362
1357,12,9878,2532
1357,13,12100,2664
1357,14,14304,2878
1357,15,16684,3114
1357,16,19218,3192
1357,17,21624,3348
1357,18,23562,3670
1357,19,24884,4044
1357,20,25806,4354
1357,21,26532,4540
1357,22,27212,4616
1357,23,27916,4664
1357,24,28666,4748
1357,25,29316,4852
1357,26,29884,4988
1357,27,30356,5290
1357,28,30506,5404
1357,29,30548,5474
1358,-1,26909,3120
1358,0,140,122
1358,1,686,406
1358,2,1926,574
1358,3,3334,840
1358,4,5134,1058
1358,5,7012,1176
1358,6,8610,1296
1358,7,10322,1448
1358,8,12104,1640
1358,9,14164,1962
1358,10,16680,2202
1358,11,19452,2406
1358,12,22398,2686
1358,13,25312,2886
1358,14,28148,2980
1358,15,30956,3058
1358,16,33892,3204
1358,17,36912,3310
1358,18,39718,3406
1358,19,42508,3576
1358,20,45424,3966
1358,21,47632,4592
1358,22,49048,5090
1358,23,50208,5226
1358,24,51286,5426
1358,25,52074,5740
1358,26,52736,5928
1358,27,53230,6032
1358,28,53624,6138
1358,29,53818,6236
1359,-1,3801,864
1359,0,54,66
1359,1,126,124
1359,2,220,236
1359,3,320,366
1359,4,532,484
1359,5,812,538
1359,6,1166,612
1359,7,1536,658
1359,8,1908,712
1359,9,2280,744
1359,10,2662,768
1359,11,3034,806
1359,12,3390,854
1359,13,3748,894
1359,14,4102,940
1359,15,4476,964
1359,16,4852,1008
1359,17,5240,1062
1359,18,5630,1118
1359,19,5974,1144
1359,20,6314,1180
1359,21,6612,1228
1359,22,6866,1308
1359,23,7094,1394
1359,24,7288,1500
1359,25,7380,1566
1359,26,7478,1612
1359,27,7544,1644
1359,28,7594,1698
1359,29,7602,1726
1360,-1,3027,1106
1360,0,16,26
1360,1,96,136
1360,2,312,230
1360,3,582,332
1360,4,920,446
1360,5,1308,596
1360,6,1656,700
1360,7,2050,744
1360,8,2446,778
1360,9,2850,894
1360,10,3238,1024
1360,11,3524,1156
1360,12,3740,1192
1360,13,3928,1220
1360,14,4100,1238
1360,15,4318,1310
1360,16,4542,1362
1360,17,4758,1414
1360,18,4936,1466
1360,19,5128,1532
1360,20,5318,1620
1360,21,5472,1726
1360,22,5606,1816
1360,23,5750,1892
1360,24,5898,2004
1360,25,5978,2094
1360,26,6014,2128
1360,27,6028,2162
1360,28,6042,2186
1360,29,6054,2208
1361,-1,3888,882
1361,0,28,34
1361,1,70,78
1361,2,140,142
1361,3,264,232
1361,4,376,250
1361,5,518,302
1361,6,722,406
1361,7,992,504
1361,8,1300,570
1361,9,1696,668
1361,10,2158,760
1361,11,2596,840
1361,12,2922,910
1361,13,3228,934
1361,14,3538,978
1361,15,3828,1046
1361,16,4102,1080
1361,17,4394,1112
1361,18,4764,1180
1361,19,5154,1234
1361,20,5536,1282
1361,21,5896,1322
1361,22,6230,1354
1361,23,6538,1378
1361,24,6846,1400
1361,25,7122,1426
1361,26,7380,1462
1361,27,7606,1580
1361,28,7726,1696
1361,29,7776,1760
1362,-1,4955,1532
1362,0,54,74
1362,1,220,172
1362,2,418,250
1362,3,654,318
1362,4,934,378
1362,5,1228,418
1362,6,1532,492
1362,7,1932,602
1362,8,2384,724
1362,9,2838,844
1362,10,3286,986
1362,11,3760,1084
1362,12,4146,1240
1362,13,4452,1422
1362,14,4734,1558
1362,15,5106,1656
1362,16,5504,1796
1362,17,5768,1924
1362,18,6002,2076
1362,19,6306,2254
1362,20,6716,2362
1362,21,7130,2402
1362,22,7536,2436
1362,23,7996,2498
1362,24,8496,2554
1362,25,8940,2614
1362,26,9334,2694
1362,27,9682,2800
1362,28,9878,2998
1362,29,9910,3062
1363,-1,5684,1168
1363,0,40,34
1363,1,80,74
1363,2,162,190
1363,3,406,366
1363,4,682,490
1363,5,1000,566
1363,6,1338,656
1363,7,1756,728
1363,8,2224,776
1363,9,2704,824
1363,10,3194,872
1363,11,3724,922
1363,12,4272,1008
1363,13,4880,1092
1363,14,5494,1128
1363,15,6114,1150
1363,16,6740,1174
1363,17,7342,1208
1363,18,7930,1238
1363,19,8474,1318
1363,20,8950,1398
1363,21,9404,1536
1363,22,9816,1626
1363,23,10218,1718
1363,24,10608,1842
1363,25,10888,2016
1363,26,11108,2140
1363,27,11266,2242
1363,28,11334,2294
1363,29,11368,2332
1364,-1,4385,1212
1364,0,76,76
1364,1,250,118
1364,2,492,214
1364,3,788,324
1364,4,1072,480
1364,5,1438,586
1364,6,1850,638
1364,7,2382,840
1364,8,2936,968
1364,9,3556,1074
1364,10,4132,1154
1364,11,4762,1268
1364,12,5246,1360
1364,13,5570,1418
1364,14,5862,1462
1364,15,6118,1544
1364,16,6352,1598
1364,17,6600,1656
1364,18,6856,1694
1364,19,7164,1768
1364,20,7438,1830
1364,21,7720,1866
1364,22,8024,1904
1364,23,8296,1988
1364,24,8454,2108
1364,25,8604,2240
1364,26,8696,2312
1364,27,8722,2356
1364,28,8748,2390
1364,29,8770,2422
1365,-1,3947,1114
1365,0,54,66
1365,1,170,158
1365,2,372,322
1365,3,604,448
1365,4,880,594
1365,5,1184,712
1365,6,1482,792
1365,7,1860,880
1365,8,2232,968
1365,9,2626,1026
1365,10,2936,1068
1365,11,3274,1098
1365,12,3614,1134
1365,13,3968,1172
1365,14,4316,1232
1365,15,4680,1274
1365,16,5056,1370
1365,17,5476,1494
1365,18,5914,1634
1365,19,6292,1732
1365,20,6618,1808
1365,21,6908,1836
1365,22,7224,1864
1365,23,7496,1950
1365,24,7640,2052
1365,25,7716,2098
1365,26,7774,2130
1365,27,7830,2154
1365,28,7884,2196
1365,29,7894,2226
1366,-1,4212,1654
1366,0,28,50
1366,1,178,166
1366,2,388,300
1366,3,674,472
1366,4,1042,694
1366,5,1440,890
1366,6,1796,1026
1366,7,2138,1128
1366,8,2582,1258
1366,9,3092,1402
1366,10,3616,1554
1366,11,4142,1742
1366,12,4684,1860
1366,13,5150,1982
1366,14,5532,2072
1366,15,5840,2184
1366,16,6158,2328
1366,17,6486,2490
1366,18,6804,2658
1366,19,7054,2744
1366,20,7270,2834
1366,21,7464,2930
1366,22,7642,2984
1366,23,7824,3006
1366,24,7998,3050
1366,25,8144,3104
1366,26,8270,3170
1366,27,8364,3236
1366,28,8410,3272
1366,29,8424,3306
1367,-1,12361,2466
1367,0,152,72
1367,1,416,208
1367,2,1048,518
1367,3,2196,688
1367,4,3490,846
1367,5,4692,1070
1367,6,5910,1358
1367,7,7238,1540
1367,8,8470,1748
1367,9,9528,1902
1367,10,10466,2068
1367,11,11450,2142
1367,12,12368,2244
1367,13,13286,2350
1367,14,14086,2458
1367,15,14838,2576
1367,16,15580,2728
1367,17,16404,2896
1367,18,17454,2998
1367,19,18500,3180
1367,20,19356,3368
1367,21,20182,3518
1367,22,20978,3668
1367,23,21434,3796
1367,24,21814,3878
1367,25,22266,4146
1367,26,22860,4276
1367,27,23708,4518
1367,28,24534,4754
1367,29,24722,4928
1368,-1,3021,1128
1368,0,70,104
1368,1,214,254
1368,2,418,320
1368,3,576,430
1368,4,662,506
1368,5,748,566
1368,6,894,628
1368,7,1094,672
1368,8,1350,758
1368,9,1712,886
1368,10,2066,1024
1368,11,2352,1098
1368,12,2552,1166
1368,13,2764,1212
1368,14,3006,1252
1368,15,3170,1278
1368,16,3358,1324
1368,17,3578,1400
1368,18,3858,1484
1368,19,4158,1558
1368,20,4460,1596
1368,21,4750,1650
1368,22,5054,1692
1368,23,5332,1760
1368,24,5558,1882
1368,25,5710,1972
1368,26,5886,2024
1368,27,5984,2146
1368,28,6030,2232
1368,29,6042,2254
1369,-1,3814,1244
1369,0,32,44
1369,1,108,96
1369,2,244,184
1369,3,454,234
1369,4,670,414
1369,5,996,590
1369,6,1262,714
1369,7,1580,846
1369,8,2014,950
1369,9,2388,1086
1369,10,2730,1200
1369,11,3134,1296
1369,12,3552,1354
1369,13,3950,1442
1369,14,4388,1524
1369,15,4830,1586
1369,16,5218,1652
1369,17,5554,1692
1369,18,5846,1742
1369,19,6102,1776
1369,20,6350,1808
1369,21,6606,1856
1369,22,6844,1950
1369,23,7106,2032
1369,24,7290,2174
1369,25,7390,2254
1369,26,7488,2316
1369,27,7562,2374
1369,28,7614,2458
1369,29,7628,2486
1370,-1,15552,3058
1370,0,110,72
1370,1,252,192
1370,2,644,358
1370,3,1162,544
1370,4,1786,718
1370,5,2354,852
1370,6,2786,924
1370,7,3376,1100
1370,8,4136,1290
1370,9,5038,1588
1370,10,5790,2096
1370,11,7212,2558
1370,12,8856,3002
1370,13,10510,3222
1370,14,12066,3378
1370,15,13712,3542
1370,16,15364,3736
1370,17,17238,3872
1370,18,19110,3946
1370,19,21070,4074
1370,20,23168,4264
1370,21,25310,4438
1370,22,27186,4902
1370,23,28650,5268
1370,24,29584,5556
1370,25,30150,5710
1370,26,30548,5770
1370,27,30832,5844
1370,28,30994,6012
1370,29,31104,6108
1371,-1,4629,1178
1371,0,42,48
1371,1,98,82
1371,2,150,126
1371,3,218,176
1371,4,304,274
1371,5,400,392
1371,6,598,506
1371,7,860,644
1371,8,1202,798
1371,9,1638,918
1371,10,2212,1012
1371,11,2798,1060
1371,12,3382,1092
1371,13,3986,1112
1371,14,4610,1166
1371,15,5238,1222
1371,16,5798,1290
1371,17,6342,1320
1371,18,6890,1360
1371,19,7414,1424
1371,20,7900,1504
1371,21,8340,1624
1371,22,8640,1854
1371,23,8804,2018
1371,24,8878,2098
1371,25,8982,2190
1371,26,9100,2238
1371,27,9204,2284
1371,28,9250,2330
1371,29,9258,2354
1372,-1,5816,1340
1372,0,60,54
1372,1,180,92
1372,2,324,196
1372,3,456,358
1372,4,696,476
1372,5,994,558
1372,6,1356,630
1372,7,1730,716
1372,8,2230,914
1372,9,2926,1064
1372,10,3628,1160
1372,11,4332,1260
1372,12,5090,1380
1372,13,5784,1454
1372,14,6526,1500
1372,15,7192,1626
1372,16,7716,1746
1372,17,8138,1834
1372,18,8544,1880
1372,19,8934,1936
1372,20,9298,1998
1372,21,9714,2052
1372,22,10160,2082
1372,23,10574,2164
1372,24,10872,2206
1372,25,11158,2274
1372,26,11386,2398
1372,27,11584,2566
1372,28,11626,2660
1372,29,11632,2678
1373,-1,5150,1494
1373,0,38,52
1373,1,150,132
1373,2,270,190
1373,3,364,258
1373,4,466,352
1373,5,710,462
1373,6,986,594
1373,7,1380,788
1373,8,1876,974
1373,9,2512,1220
1373,10,3180,1422
1373,11,3826,1624
1373,12,4428,1766
1373,13,4976,1884
1373,14,5534,1980
1373,15,6008,2100
1373,16,6500,2202
1373,17,6982,2258
1373,18,7390,2334
1373,19,7846,2404
1373,20,8382,2462
1373,21,8884,2544
1373,22,9318,2606
1373,23,9604,2642
1373,24,9862,2690
1373,25,10052,2774
1373,26,10182,2852
1373,27,10262,2916
1373,28,10284,2960
1373,29,10300,2984
1374,-1,3362,974
1374,0,36,48
1374,1,134,146
1374,2,346,278
1374,3,564,326
1374,4,784,406
1374,5,1046,476
1374,6,1382,530
1374,7,1728,568
1374,8,2106,622
1374,9,2512,664
1374,10,2898,720
1374,11,3226,786
1374,12,3504,888
1374,13,3774,966
1374,14,4026,1012
1374,15,4218,1086
1374,16,4392,1134
1374,17,4560,1198
1374,18,4786,1298
1374,19,5064,1386
1374,20,5282,1446
1374,21,5538,1500
1374,22,5794,1534
1374,23,6002,1606
1374,24,6194,1670
1374,25,6386,1730
1374,26,6540,1816
1374,27,6650,1864
1374,28,6702,1912
1374,29,6724,1944
1375,-1,8980,2354
1375,0,118,124
1375,1,496,378
1375,2,1156,504
1375,3,1996,660
1375,4,2840,744
1375,5,3724,924
1375,6,4840,1108
1375,7,6162,1312
1375,8,7562,1414
1375,9,8976,1548
1375,10,10454,1654
1375,11,11518,2028
1375,12,12146,2338
1375,13,12594,2652
1375,14,12970,2854
1375,15,13486,2936
1375,16,13922,3000
1375,17,14412,3060
1375,18,14888,3156
1375,19,15376,3282
1375,20,15736,3398
1375,21,16090,3524
1375,22,16462,3754
1375,23,16756,4006
1375,24,17130,4146
1375,25,17478,4292
1375,26,17712,4428
1375,27,17810,4540
1375,28,17912,4646
1375,29,17960,4706
1376,-1,4968,1504
1376,0,64,82
1376,1,210,192
1376,2,430,226
1376,3,692,270
1376,4,972,324
1376,5,1254,366
1376,6,1530,438
1376,7,1830,606
1376,8,2196,766
1376,9,2648,922
1376,10,3108,1014
1376,11,3576,1126
1376,12,4112,1280
1376,13,4726,1410
1376,14,5428,1538
1376,15,6046,1728
1376,16,6532,1900
1376,17,6988,2004
1376,18,7354,2094
1376,19,7754,2162
1376,20,8092,2262
1376,21,8408,2304
1376,22,8726,2392
1376,23,9048,2458
1376,24,9420,2600
1376,25,9606,2756
1376,26,9750,2840
1376,27,9860,2898
1376,28,9912,2966
1376,29,9936,3002
1377,-1,3899,1396
1377,0,60,64
1377,1,154,122
1377,2,242,156
1377,3,310,182
1377,4,384,200
1377,5,438,236
1377,6,466,286
1377,7,484,318
1377,8,574,442
1377,9,814,622
1377,10,1208,774
1377,11,1676,916
1377,12,2174,1072
1377,13,2738,1156
1377,14,3366,1256
1377,15,3946,1352
1377,16,4478,1512
1377,17,4900,1726
1377,18,5352,1870
1377,19,5722,1958
1377,20,6076,1994
1377,21,6398,2056
1377,22,6690,2146
1377,23,6958,2256
1377,24,7164,2404
1377,25,7362,2530
1377,26,7536,2634
1377,27,7658,2672
1377,28,7756,2722
1377,29,7798,2786
1378,-1,3064,946
1378,0,18,26
1378,1,54,62
1378,2,112,82
1378,3,204,122
1378,4,300,166
1378,5,406,230
1378,6,538,358
1378,7,744,524
1378,8,1028,672
1378,9,1374,716
1378,10,1726,738
1378,11,2084,760
1378,12,2466,800
1378,13,2946,862
1378,14,3444,900
1378,15,3916,984
1378,16,4368,1076
1378,17,4776,1234
1378,18,5088,1354
1378,19,5274,1430
1378,20,5486,1536
1378,21,5702,1576
1378,22,5844,1628
1378,23,5906,1668
1378,24,5972,1724
1378,25,6022,1766
1378,26,6060,1812
1378,27,6096,1850
1378,28,6116,1870
1378,29,6128,1888
1380,-1,213116,18680
1380,0,602,374
1380,1,2948,1428
1380,2,7262,2316
1380,3,12684,3092
1380,4,19260,3874
1380,5,28386,5288
1380,6,40692,7058
1380,7,55322,9490
1380,8,72266,11670
1380,9,92148,13274
1380,10,112334,14540
1380,11,134038,15960
1380,12,156452,17946
1380,13,183088,19872
1380,14,211948,21480
1380,15,240362,22490
1380,16,268438,23036
1380,17,297222,23710
1380,18,326026,25496
1380,19,351738,27014
1380,20,370154,29774
1380,21,384032,31604
1380,22,393786,33008
1380,23,402662,33464
1380,24,410462,34092
1380,25,416574,34878
1380,26,421632,35320
1380,27,425052,36458
1380,28,425806,37126
1380,29,426232,37354
1381,-1,3466,1316
1381,0,34,60
1381,1,184,164
1381,2,330,240
1381,3,540,380
1381,4,870,524
1381,5,1308,646
1381,6,1750,710
1381,7,2176,782
1381,8,2540,892
1381,9,2866,996
1381,10,3074,1086
1381,11,3220,1142
1381,12,3334,1206
1381,13,3494,1290
1381,14,3656,1374
1381,15,3808,1410
1381,16,3976,1466
1381,17,4156,1516
1381,18,4314,1570
1381,19,4512,1632
1381,20,4802,1750
1381,21,5102,1840
1381,22,5384,1898
1381,23,5666,2008
1381,24,5934,2116
1381,25,6268,2186
1381,26,6562,2302
1381,27,6818,2448
1381,28,6914,2580
1381,29,6932,2624
1382,-1,35714,5494
1382,0,398,222
1382,1,1342,348
1382,2,2734,668
1382,3,5362,1218
1382,4,8510,1562
1382,5,12336,2550
1382,6,16934,3560
1382,7,21398,4138
1382,8,25454,4526
1382,9,29646,5010
1382,10,33520,5484
1382,11,37034,5826
1382,12,40034,6090
1382,13,42736,6298
1382,14,45344,6414
1382,15,47978,6520
1382,16,50774,6754
1382,17,53792,7060
1382,18,56436,7422
1382,19,58782,7840
1382,20,60842,8360
1382,21,62644,8870
1382,22,64408,9382
1382,23,65570,9786
1382,24,66778,10100
1382,25,67954,10328
1382,26,69114,10470
1382,27,70138,10558
1382,28,71096,10736
1382,29,71428,10984
1383,-1,6573,1178
1383,0,64,86
1383,1,254,164
1383,2,482,220
1383,3,738,274
1383,4,1060,460
1383,5,1494,756
1383,6,2220,998
1383,7,3044,1050
1383,8,3910,1118
1383,9,4796,1166
1383,10,5634,1236
1383,11,6206,1292
1383,12,6746,1314
1383,13,7312,1380
1383,14,7892,1468
1383,15,8420,1554
1383,16,8936,1636
1383,17,9442,1710
1383,18,9952,1760
1383,19,10434,1798
1383,20,10928,1830
1383,21,11398,1878
1383,22,11822,1924
1383,23,12192,1982
1383,24,12472,2052
1383,25,12758,2130
1383,26,12982,2220
1383,27,13102,2300
1383,28,13138,2332
1383,29,13146,2354
1384,-1,11759,3040
1384,0,142,142
1384,1,580,408
1384,2,1264,572
1384,3,1978,804
1384,4,2800,996
1384,5,3542,1108
1384,6,4438,1322
1384,7,5342,1724
1384,8,6658,2148
1384,9,8050,2512
1384,10,9280,2820
1384,11,10308,3128
1384,12,11202,3356
1384,13,12150,3568
1384,14,12940,3802
1384,15,13934,4110
1384,16,15092,4372
1384,17,16202,4630
1384,18,17124,4934
1384,19,17948,5052
1384,20,18686,5092
1384,21,19416,5130
1384,22,20120,5174
1384,23,20804,5252
1384,24,21454,5300
1384,25,22104,5398
1384,26,22608,5530
1384,27,23078,5660
1384,28,23422,5930
1384,29,23518,6076
1385,-1,3396,954
1385,0,18,24
1385,1,72,84
1385,2,182,146
1385,3,320,228
1385,4,496,270
1385,5,740,318
1385,6,1020,350
1385,7,1278,414
1385,8,1548,470
1385,9,1790,494
1385,10,2032,546
1385,11,2348,648
1385,12,2730,766
1385,13,3204,932
1385,14,3632,1026
1385,15,4076,1092
1385,16,4544,1118
1385,17,4948,1208
1385,18,5224,1322
1385,19,5450,1396
1385,20,5668,1496
1385,21,5864,1578
1385,22,6032,1638
1385,23,6212,1694
1385,24,6366,1728
1385,25,6484,1776
1385,26,6618,1806
1385,27,6708,1844
1385,28,6764,1874
1385,29,6792,1906
1386,-1,4318,1472
1386,0,44,66
1386,1,186,240
1386,2,400,402
1386,3,702,540
1386,4,1034,622
1386,5,1414,692
1386,6,1780,732
1386,7,2172,760
1386,8,2546,804
1386,9,2902,830
1386,10,3248,872
1386,11,3600,940
1386,12,3966,1034
1386,13,4380,1094
1386,14,4784,1126
1386,15,5152,1166
1386,16,5510,1246
1386,17,5832,1360
1386,18,6072,1466
1386,19,6254,1580
1386,20,6444,1728
1386,21,6834,1976
1386,22,7268,2178
1386,23,7592,2330
1386,24,7802,2518
1386,25,7994,2632
1386,26,8264,2750
1386,27,8454,2796
1386,28,8588,2862
1386,29,8636,2938
1387,-1,3005,780
1387,0,14,24
1387,1,52,66
1387,2,110,104
1387,3,246,224
1387,4,482,330
1387,5,744,418
1387,6,1076,472
1387,7,1436,524
1387,8,1796,592
1387,9,2148,632
1387,10,2506,654
1387,11,2854,688
1387,12,3220,766
1387,13,3506,832
1387,14,3828,902
1387,15,4178,998
1387,16,4482,1068
1387,17,4752,1130
1387,18,4916,1168
1387,19,5066,1184
1387,20,5218,1206
1387,21,5384,1232
1387,22,5540,1284
1387,23,5680,1354
1387,24,5800,1404
1387,25,5902,1460
1387,26,5956,1504
1387,27,5982,1526
1387,28,6002,1542
1387,29,6010,1558
1388,-1,44115,8814
1388,0,728,416
1388,1,3810,1112
1388,2,7374,1656
1388,3,11700,1954
1388,4,15884,2178
1388,5,20710,2774
1388,6,25200,3576
1388,7,29616,4228
1388,8,33906,4750
1388,9,37838,5960
1388,10,41038,6612
1388,11,44554,7910
1388,12,46826,8682
1388,13,48670,9392
1388,14,51098,10264
1388,15,53944,10956
1388,16,57222,11244
1388,17,59634,11900
1388,18,61830,12498
1388,19,63932,13120
1388,20,66644,13542
1388,21,69864,13736
1388,22,73486,14104
1388,23,77326,14578
1388,24,81660,15078
1388,25,84292,16136
1388,26,85666,16630
1388,27,87074,17086
1388,28,87894,17392
1388,29,88230,17626
1389,-1,3583,1000
1389,0,14,26
1389,1,32,68
1389,2,92,102
1389,3,206,214
1389,4,420,398
1389,5,790,532
1389,6,1294,654
1389,7,1884,792
1389,8,2492,878
1389,9,3136,920
1389,10,3726,980
1389,11,4266,1088
1389,12,4704,1196
1389,13,5074,1230
1389,14,5428,1258
1389,15,5774,1332
1389,16,6074,1448
1389,17,6328,1512
1389,18,6564,1592
1389,19,6756,1652
1389,20,6894,1720
1389,21,6978,1752
1389,22,7044,1810
1389,23,7066,1860
1389,24,7090,1882
1389,25,7098,1904
1389,26,7110,1922
1389,27,7132,1944
1389,28,7152,1968
1389,29,7166,1998
1390,-1,5179,1508
1390,0,18,34
1390,1,108,156
1390,2,326,318
1390,3,608,406
1390,4,840,530
1390,5,1050,594
1390,6,1222,662
1390,7,1382,706
1390,8,1574,792
1390,9,1718,968
1390,10,1876,1126
1390,11,2048,1260
1390,12,2338,1414
1390,13,2734,1558
1390,14,3320,1664
1390,15,3994,1710
1390,16,4666,1774
1390,17,5362,1812
1390,18,6078,1916
1390,19,6622,2092
1390,20,7092,2282
1390,21,7552,2426
1390,22,8094,2530
1390,23,8618,2570
1390,24,9102,2642
1390,25,9572,2714
1390,26,9964,2798
1390,27,10252,2888
1390,28,10348,2982
1390,29,10358,3014
1391,-1,3296,780
1391,0,40,36
1391,1,84,80
1391,2,172,132
1391,3,294,200
1391,4,424,252
1391,5,616,380
1391,6,872,508
1391,7,1240,644
1391,8,1624,706
1391,9,2006,770
1391,10,2388,812
1391,11,2792,844
1391,12,3130,912
1391,13,3362,958
1391,14,3596,994
1391,15,3846,1034
1391,16,4138,1092
1391,17,4434,1132
1391,18,4730,1156
1391,19,5036,1178
1391,20,5312,1208
1391,21,5576,1232
1391,22,5810,1290
1391,23,5968,1328
1391,24,6134,1348
1391,25,6316,1368
1391,26,6470,1438
1391,27,6536,1500
1391,28,6572,1532
1391,29,6592,1558
1392,-1,10765,1864
1392,0,218,152
1392,1,560,248
1392,2,824,306
1392,3,1012,422
1392,4,1320,594
1392,5,1856,760
1392,6,2440,914
1392,7,3408,1122
1392,8,4612,1344
1392,9,5866,1520
1392,10,7150,1714
1392,11,8254,1748
1392,12,9350,1820
1392,13,10430,1864
1392,14,11536,1986
1392,15,12684,2122
1392,16,13786,2184
1392,17,14786,2262
1392,18,15722,2364
1392,19,16738,2466
1392,20,17660,2608
1392,21,18496,2738
1392,22,19170,2974
1392,23,19736,3136
1392,24,20188,3230
1392,25,20550,3316
1392,26,20962,3404
1392,27,21282,3518
1392,28,21470,3652
1392,29,21530,3724
1393,-1,3767,1324
1393,0,42,52
1393,1,182,140
1393,2,376,240
1393,3,646,322
1393,4,972,446
1393,5,1342,548
1393,6,1684,688
1393,7,1952,844
1393,8,2224,950
1393,9,2442,1092
1393,10,2686,1138
1393,11,2948,1210
1393,12,3250,1278
1393,13,3546,1338
1393,14,3936,1412
1393,15,4350,1460
1393,16,4758,1506
1393,17,5144,1598
1393,18,5480,1690
1393,19,5816,1794
1393,20,6154,1858
1393,21,6434,1958
1393,22,6688,2072
1393,23,6882,2154
1393,24,7052,2280
1393,25,7238,2392
1393,26,7384,2472
1393,27,7476,2568
1393,28,7520,2610
1393,29,7534,2642
1394,-1,9358,2064
1394,0,64,72
1394,1,166,190
1394,2,416,268
1394,3,836,400
1394,4,1450,682
1394,5,2436,1070
1394,6,3604,1294
1394,7,4846,1480
1394,8,6142,1732
1394,9,7480,1878
1394,10,8700,1982
1394,11,9628,2016
1394,12,10516,2084
1394,13,11328,2140
1394,14,12038,2224
1394,15,12726,2320
1394,16,13494,2372
1394,17,14234,2436
1394,18,14970,2544
1394,19,15680,2768
1394,20,16264,3054
1394,21,16830,3182
1394,22,17362,3334
1394,23,17794,3490
1394,24,18042,3648
1394,25,18240,3788
1394,26,18402,3862
1394,27,18540,3950
1394,28,18690,4058
1394,29,18716,4126
1395,-1,19516,5054
1395,0,196,196
1395,1,672,466
1395,2,1146,578
1395,3,1566,788
1395,4,1928,998
1395,5,2548,1330
1395,6,3546,1768
1395,7,4546,2160
1395,8,5532,2418
1395,9,6514,2724
1395,10,7598,3040
1395,11,9178,3532
1395,12,11470,3980
1395,13,14306,4394
1395,14,17242,4724
1395,15,20166,5038
1395,16,23336,5286
1395,17,26242,5584
1395,18,28304,5910
1395,19,30118,6316
1395,20,31824,6784
1395,21,33170,7300
1395,22,34424,7758
1395,23,35570,8126
1395,24,36434,8640
1395,25,37262,9124
1395,26,38050,9470
1395,27,38464,9778
1395,28,38890,9944
1395,29,39032,10098
1396,-1,5449,1316
1396,0,14,30
1396,1,88,78
1396,2,174,126
1396,3,244,194
1396,4,398,260
1396,5,604,302
1396,6,886,400
1396,7,1228,486
1396,8,1538,538
1396,9,1896,636
1396,10,2324,754
1396,11,2788,842
1396,12,3278,914
1396,13,3776,1056
1396,14,4444,1214
1396,15,5154,1364
1396,16,5918,1480
1396,17,6638,1584
1396,18,7362,1660
1396,19,8078,1738
1396,20,8608,1812
1396,21,9084,1928
1396,22,9468,2062
1396,23,9746,2142
1396,24,10024,2236
1396,25,10322,2328
1396,26,10558,2402
1396,27,10726,2462
1396,28,10842,2542
1396,29,10898,2628
1397,-1,3715,1318
1397,0,32,46
1397,1,144,144
1397,2,388,216
1397,3,638,268
1397,4,872,368
1397,5,1134,506
1397,6,1460,648
1397,7,1740,708
1397,8,2036,868
1397,9,2450,1028
1397,10,3050,1150
1397,11,3618,1324
1397,12,4124,1510
1397,13,4540,1700
1397,14,4884,1764
1397,15,5272,1816
1397,16,5658,1862
1397,17,5980,1976
1397,18,6180,2076
1397,19,6348,2124
1397,20,6556,2166
1397,21,6800,2222
1397,22,7012,2344
1397,23,7118,2470
1397,24,7182,2506
1397,25,7274,2542
1397,26,7340,2564
1397,27,7384,2586
1397,28,7412,2608
1397,29,7430,2634
1398,-1,14324,2616
1398,0,76,108
1398,1,334,278
1398,2,700,336
1398,3,1118,544
1398,4,1760,754
1398,5,2490,864
1398,6,3330,1036
1398,7,4264,1100
1398,8,5220,1154
1398,9,6310,1282
1398,10,7482,1374
1398,11,8768,1454
1398,12,9880,1574
1398,13,11296,1960
1398,14,13102,2146
1398,15,14922,2252
1398,16,16804,2450
1398,17,18580,2744
1398,18,19710,2892
1398,19,21010,3056
1398,20,22500,3222
1398,21,23896,3510
1398,22,25292,3808
1398,23,26366,4002
1398,24,27182,4348
1398,25,27812,4846
1398,26,28228,4978
1398,27,28490,5092
1398,28,28596,5168
1398,29,28648,5230
1399,-1,5420,1376
1399,0,44,52
1399,1,136,82
1399,2,240,114
1399,3,344,178
1399,4,492,218
1399,5,646,276
1399,6,760,348
1399,7,972,436
1399,8,1192,470
1399,9,1514,616
1399,10,1998,792
1399,11,2670,974
1399,12,3422,1038
1399,13,4228,1106
1399,14,5062,1232
1399,15,5846,1338
1399,16,6622,1432
1399,17,7410,1574
1399,18,8260,1710
1399,19,8958,1942
1399,20,9358,2030
1399,21,9678,2196
1399,22,9914,2310
1399,23,10142,2388
1399,24,10356,2462
1399,25,10564,2510
1399,26,10702,2598
1399,27,10786,2668
1399,28,10830,2722
1399,29,10840,2750
1400,-1,17593,3110
1400,0,158,88
1400,1,560,192
1400,2,862,292
1400,3,984,406
1400,4,1266,654
1400,5,2024,808
1400,6,2850,924
1400,7,3962,1302
1400,8,5618,1624
1400,9,7356,1774
1400,10,8906,2172
1400,11,10364,2496
1400,12,11696,2824
1400,13,13144,3012
1400,14,14704,3316
1400,15,16332,3584
1400,16,18128,3718
1400,17,19974,3826
1400,18,21940,3890
1400,19,23896,4016
1400,20,25708,4252
1400,21,27544,4388
1400,22,29370,4502
1400,23,31076,4784
1400,24,32440,5134
1400,25,33624,5548
1400,26,34398,5838
1400,27,34894,6046
1400,28,35120,6130
1400,29,35186,6218
1401,-1,3523,906
1401,0,14,26
1401,1,64,88
1401,2,260,234
1401,3,554,348
1401,4,906,462
1401,5,1212,576
1401,6,1528,630
1401,7,1866,660
1401,8,2230,704
1401,9,2624,726
1401,10,3038,762
1401,11,3436,804
1401,12,3890,842
1401,13,4374,878
1401,14,4858,906
1401,15,5322,976
1401,16,5590,1040
1401,17,5806,1128
1401,18,5982,1208
1401,19,6140,1286
1401,20,6302,1342
1401,21,6460,1404
1401,22,6614,1484
1401,23,6720,1562
1401,24,6806,1620
1401,25,6868,1672
1401,26,6942,1692
1401,27,6998,1724
1401,28,7028,1764
1401,29,7046,1810
1402,-1,3426,1538
1402,0,22,34
1402,1,84,92
1402,2,110,142
1402,3,140,186
1402,4,186,248
1402,5,292,378
1402,6,438,470
1402,7,658,616
1402,8,926,736
1402,9,1334,940
1402,10,1842,1096
1402,11,2394,1284
1402,12,2970,1500
1402,13,3514,1642
1402,14,3996,1768
1402,15,4392,1882
1402,16,4760,1966
1402,17,5008,2080
1402,18,5216,2210
1402,19,5546,2354
1402,20,5758,2526
1402,21,5898,2598
1402,22,6042,2682
1402,23,6178,2760
1402,24,6308,2834
1402,25,6452,2868
1402,26,6612,2912
1402,27,6714,2948
1402,28,6808,3000
1402,29,6852,3070
1403,-1,3993,922
1403,0,64,76
1403,1,172,148
1403,2,350,220
1403,3,566,266
1403,4,796,308
1403,5,1010,352
1403,6,1240,472
1403,7,1568,532
1403,8,1910,576
1403,9,2278,636
1403,10,2748,722
1403,11,3278,804
1403,12,3870,892
1403,13,4386,944
1403,14,4826,1012
1403,15,5208,1098
1403,16,5622,1166
1403,17,6018,1244
1403,18,6428,1328
1403,19,6806,1408
1403,20,7026,1462
1403,21,7220,1510
1403,22,7402,1524
1403,23,7576,1548
1403,24,7716,1592
1403,25,7832,1642
1403,26,7906,1702
1403,27,7944,1768
1403,28,7962,1806
1403,29,7986,1832
1404,-1,16652,3206
1404,0,108,78
1404,1,388,202
1404,2,898,426
1404,3,1660,680
1404,4,2692,856
1404,5,3892,1050
1404,6,5312,1188
1404,7,6676,1476
1404,8,8068,1746
1404,9,9434,1936
1404,10,10842,2324
1404,11,11754,2664
1404,12,12680,3002
1404,13,13822,3280
1404,14,15070,3514
1404,15,16536,3730
1404,16,18232,4014
1404,17,20274,4304
1404,18,22434,4424
1404,19,24512,4574
1404,20,26284,4774
1404,21,27592,5046
1404,22,28752,5144
1404,23,29914,5250
1404,24,30890,5464
1404,25,31870,5634
1404,26,32566,5908
1404,27,33092,6150
1404,28,33226,6350
1404,29,33304,6406
1405,-1,8874,1914
1405,0,52,62
1405,1,182,184
1405,2,440,340
1405,3,768,444
1405,4,1094,578
1405,5,1814,928
1405,6,2630,1104
1405,7,3334,1370
1405,8,3946,1562
1405,9,4540,1776
1405,10,5266,2036
1405,11,6258,2270
1405,12,7438,2430
1405,13,8656,2480
1405,14,9824,2530
1405,15,10754,2604
1405,16,11588,2666
1405,17,12394,2726
1405,18,13110,2788
1405,19,13784,2878
1405,20,14346,3044
1405,21,14844,3152
1405,22,15308,3206
1405,23,15772,3270
1405,24,16264,3318
1405,25,16784,3368
1405,26,17220,3508
1405,27,17554,3656
1405,28,17698,3750
1405,29,17748,3820
1406,-1,55290,8154
1406,0,510,362
1406,1,1788,748
1406,2,3524,1594
1406,3,6560,2594
1406,4,10730,3306
1406,5,15748,3894
1406,6,21142,4152
1406,7,26842,4544
1406,8,32386,4914
1406,9,37462,5328
1406,10,41332,6098
1406,11,44434,6476
1406,12,46686,6798
1406,13,49354,7246
1406,14,52326,7498
1406,15,54898,7818
1406,16,58032,8562
1406,17,62064,9028
1406,18,66464,9580
1406,19,71396,9886
1406,20,76376,10490
1406,21,81084,11064
1406,22,86030,11498
1406,23,91192,11894
1406,24,96736,12490
1406,25,101990,13496
1406,26,106238,14710
1406,27,109158,15476
1406,28,110398,16166
1406,29,110580,16306
1407,-1,3181,940
1407,0,30,48
1407,1,118,146
1407,2,254,200
1407,3,400,258
1407,4,580,330
1407,5,744,408
1407,6,978,530
1407,7,1310,658
1407,8,1620,776
1407,9,1906,810
1407,10,2228,888
1407,11,2610,950
1407,12,3018,988
1407,13,3458,1034
1407,14,3742,1048
1407,15,4030,1064
1407,16,4308,1078
1407,17,4566,1120
1407,18,4792,1162
1407,19,5022,1192
1407,20,5244,1232
1407,21,5472,1270
1407,22,5700,1322
1407,23,5892,1414
1407,24,6042,1526
1407,25,6172,1642
1407,26,6254,1728
1407,27,6314,1804
1407,28,6350,1858
1407,29,6362,1876
1408,-1,3128,1174
1408,0,22,36
1408,1,88,100
1408,2,178,150
1408,3,286,184
1408,4,406,276
1408,5,616,390
1408,6,852,448
1408,7,1080,550
1408,8,1362,648
1408,9,1688,714
1408,10,2052,750
1408,11,2450,796
1408,12,2862,850
1408,13,3178,928
1408,14,3442,1014
1408,15,3678,1086
1408,16,3942,1122
1408,17,4226,1154
1408,18,4474,1198
1408,19,4716,1270
1408,20,4970,1378
1408,21,5138,1518
1408,22,5268,1668
1408,23,5470,1796
1408,24,5660,1882
1408,25,5862,1960
1408,26,6032,2092
1408,27,6180,2226
1408,28,6246,2314
1408,29,6256,2346
1409,-1,3163,1134
1409,0,50,58
1409,1,220,120
1409,2,440,166
1409,3,662,204
1409,4,870,266
1409,5,998,332
1409,6,1104,380
1409,7,1256,440
1409,8,1490,586
1409,9,1658,660
1409,10,1830,710
1409,11,2098,818
1409,12,2500,932
1409,13,2946,1030
1409,14,3444,1164
1409,15,4014,1310
1409,16,4570,1440
1409,17,5052,1552
1409,18,5344,1678
1409,19,5520,1766
1409,20,5594,1896
1409,21,5644,1942
1409,22,5722,2002
1409,23,5842,2054
1409,24,5950,2084
1409,25,6058,2104
1409,26,6152,2138
1409,27,6252,2180
1409,28,6304,2224
1409,29,6326,2262
1410,-1,5926,1316
1410,0,20,34
1410,1,164,146
1410,2,386,266
1410,3,702,404
1410,4,1146,604
1410,5,1754,714
1410,6,2310,830
1410,7,2892,1000
1410,8,3550,1128
1410,9,4308,1190
1410,10,5128,1264
1410,11,5924,1368
1410,12,6654,1478
1410,13,7362,1590
1410,14,8034,1706
1410,15,8646,1768
1410,16,9204,1852
1410,17,9684,1928
1410,18,10076,2054
1410,19,10368,2172
1410,20,10602,2232
1410,21,10816,2266
1410,22,11034,2284
1410,23,11238,2306
1410,24,11406,2368
1410,25,11548,2436
1410,26,11664,2492
1410,27,11754,2526
1410,28,11826,2578
1410,29,11852,2628
1411,-1,4881,1488
1411,0,32,60
1411,1,152,172
1411,2,356,246
1411,3,604,300
1411,4,796,402
1411,5,980,512
1411,6,1192,622
1411,7,1506,736
1411,8,1902,876
1411,9,2376,962
1411,10,2844,1032
1411,11,3312,1090
1411,12,3772,1124
1411,13,4220,1144
1411,14,4702,1188
1411,15,5142,1272
1411,16,5606,1358
1411,17,6078,1494
1411,18,6580,1706
1411,19,7044,1796
1411,20,7510,1932
1411,21,7928,2012
1411,22,8316,2144
1411,23,8668,2272
1411,24,8988,2388
1411,25,9360,2514
1411,26,9640,2722
1411,27,9734,2918
1411,28,9752,2956
1411,29,9762,2974
1412,-1,3948,1262
1412,0,24,34
1412,1,60,56
1412,2,90,112
1412,3,180,172
1412,4,266,208
1412,5,386,272
1412,6,518,336
1412,7,716,424
1412,8,998,536
1412,9,1386,726
1412,10,1812,838
1412,11,2262,924
1412,12,2712,1008
1412,13,3152,1094
1412,14,3640,1184
1412,15,4184,1248
1412,16,4760,1270
1412,17,5340,1334
1412,18,5922,1402
1412,19,6428,1524
1412,20,6764,1744
1412,21,7044,1924
1412,22,7250,2064
1412,23,7476,2184
1412,24,7614,2278
1412,25,7712,2340
1412,26,7804,2394
1412,27,7866,2456
1412,28,7888,2498
1412,29,7896,2520
1413,-1,110432,11466
1413,0,1166,504
1413,1,4398,798
1413,2,6798,1272
1413,3,9222,1962
1413,4,11724,2438
1413,5,14054,2972
1413,6,17448,3920
1413,7,23426,4726
1413,8,30584,5014
1413,9,35780,5674
1413,10,41466,6116
1413,11,48862,6876
1413,12,58054,7832
1413,13,68236,8308
1413,14,78650,9076
1413,15,87632,9760
1413,16,95462,10094
1413,17,103470,10870
1413,18,112592,11670
1413,19,120842,12184
1413,20,129786,12682
1413,21,139010,13352
1413,22,148550,14126
1413,23,162324,15650
1413,24,179882,16424
1413,25,196648,17292
1413,26,209394,19320
1413,27,216698,21092
1413,28,220478,22512
1413,29,220864,22930
1414,-1,9478,1670
1414,0,22,44
1414,1,236,258
1414,2,848,514
1414,3,1440,754
1414,4,1934,878
1414,5,2492,928
1414,6,3084,990
1414,7,3774,1186
1414,8,4570,1334
1414,9,5504,1420
1414,10,6440,1500
1414,11,7376,1612
1414,12,8380,1692
1414,13,9438,1726
1414,14,10562,1776
1414,15,11666,1836
1414,16,12764,1914
1414,17,13758,2000
1414,18,14682,2092
1414,19,15462,2200
1414,20,16226,2404
1414,21,16944,2588
1414,22,17566,2730
1414,23,18050,2884
1414,24,18384,3050
1414,25,18586,3108
1414,26,18714,3194
1414,27,18846,3270
1414,28,18914,3304
1414,29,18956,3332
1415,-1,19933,3332
1415,0,104,88
1415,1,240,214
1415,2,630,368
1415,3,1108,454
1415,4,1546,572
1415,5,1838,692
1415,6,2230,782
1415,7,2780,884
1415,8,3388,1130
1415,9,4332,1358
1415,10,5458,1484
1415,11,6630,1634
1415,12,8186,1898
1415,13,9936,2170
1415,14,11972,2396
1415,15,14494,2642
1415,16,17462,2976
1415,17,20490,3330
1415,18,22866,3678
1415,19,24840,3978
1415,20,26412,4224
1415,21,28120,4422
1415,22,29906,4662
1415,23,31940,4790
1415,24,33788,5048
1415,25,35790,5250
1415,26,37472,5622
1415,27,38672,6028
1415,28,39614,6382
1415,29,39866,6662
1416,-1,170105,14194
1416,0,948,486
1416,1,2562,802
1416,2,4650,1264
1416,3,7422,2022
1416,4,13618,3536
1416,5,21866,4662
1416,6,29062,5550
1416,7,36736,7484
1416,8,47406,9154
1416,9,61558,10802
1416,10,75768,11668
1416,11,90244,12300
1416,12,104682,13598
1416,13,122020,14600
1416,14,141858,15152
1416,15,163804,15970
1416,16,185384,16430
1416,17,205774,17068
1416,18,224854,18426
1416,19,242078,19774
1416,20,258052,20894
1416,21,273438,21616
1416,22,287286,22388
1416,23,299866,23134
1416,24,312572,23708
1416,25,322874,24466
1416,26,331570,25738
1416,27,336986,26922
1416,28,339772,28084
1416,29,340210,28386
1418,-1,7956,2366
1418,0,78,66
1418,1,178,158
1418,2,318,342
1418,3,848,632
1418,4,1564,884
1418,5,2736,1166
1418,6,4110,1534
1418,7,5658,1778
1418,8,7224,2142
1418,9,8554,2306
1418,10,9706,2624
1418,11,10334,2890
1418,12,10818,3042
1418,13,11070,3166
1418,14,11206,3248
1418,15,11298,3296
1418,16,11370,3360
1418,17,11616,3446
1418,18,11960,3542
1418,19,12342,3696
1418,20,12844,3800
1418,21,13326,3882
1418,22,13748,3980
1418,23,14112,4066
1418,24,14482,4114
1418,25,14890,4168
1418,26,15230,4272
1418,27,15552,4408
1418,28,15812,4618
1418,29,15912,4724
1419,-1,85297,10288
1419,0,302,268
1419,1,1596,714
1419,2,3320,1034
1419,3,4764,1288
1419,4,6016,1662
1419,5,7998,1996
1419,6,11944,2728
1419,7,18452,3854
1419,8,26222,4592
1419,9,35290,5156
1419,10,45226,5548
1419,11,54268,5872
1419,12,64056,6242
1419,13,74904,7040
1419,14,85000,8098
1419,15,92440,9106
1419,16,99382,9814
1419,17,106696,10662
1419,18,114030,11466
1419,19,121970,12674
1419,20,130058,14224
1419,21,136834,15756
1419,22,143424,16878
1419,23,150430,17314
1419,24,156650,18064
1419,25,161270,18536
1419,26,164010,19126
1419,27,166280,19590
1419,28,168690,19862
1419,29,170594,20570
1420,-1,4629,1392
1420,0,16,32
1420,1,152,206
1420,2,422,340
1420,3,706,440
1420,4,1068,524
1420,5,1446,636
1420,6,1730,756
1420,7,2038,844
1420,8,2364,902
1420,9,2708,994
1420,10,3070,1118
1420,11,3538,1306
1420,12,3950,1496
1420,13,4428,1678
1420,14,4956,1808
1420,15,5480,1870
1420,16,5946,1928
1420,17,6316,2030
1420,18,6686,2138
1420,19,7018,2188
1420,20,7382,2216
1420,21,7738,2242
1420,22,8054,2288
1420,23,8348,2386
1420,24,8600,2462
1420,25,8814,2496
1420,26,8998,2586
1420,27,9132,2636
1420,28,9232,2722
1420,29,9258,2778
1421,-1,4091,906
1421,0,14,30
1421,1,106,86
1421,2,328,240
1421,3,684,350
1421,4,1076,422
1421,5,1450,478
1421,6,1820,528
1421,7,2226,582
1421,8,2628,614
1421,9,2966,662
1421,10,3400,774
1421,11,3884,820
1421,12,4416,846
1421,13,4978,918
1421,14,5486,974
1421,15,5980,1048
1421,16,6408,1096
1421,17,6816,1116
1421,18,7092,1134
1421,19,7352,1164
1421,20,7562,1252
1421,21,7700,1360
1421,22,7818,1428
1421,23,7906,1486
1421,24,7976,1548
1421,25,8052,1632
1421,26,8118,1692
1421,27,8152,1750
1421,28,8170,1778
1421,29,8182,1810
1422,-1,36136,6502
1422,0,90,148
1422,1,626,480
1422,2,1440,686
1422,3,2356,986
1422,4,3892,1364
1422,5,5664,1734
1422,6,7672,1942
1422,7,9820,2298
1422,8,12378,2944
1422,9,15776,3360
1422,10,19364,4358
1422,11,21796,5334
1422,12,23568,6022
1422,13,25322,6476
1422,14,27598,7038
1422,15,30768,7592
1422,16,34400,7922
1422,17,38282,8146
1422,18,41768,8382
1422,19,45518,8894
1422,20,49654,9392
1422,21,53724,9606
1422,22,57584,9876
1422,23,61100,10338
1422,24,64408,10686
1422,25,67016,11186
1422,26,69122,11674
1422,27,70784,12142
1422,28,71976,12594
1422,29,72272,12996
1423,-1,4372,1398
1423,0,70,84
1423,1,262,210
1423,2,492,348
1423,3,746,510
1423,4,1062,590
1423,5,1408,656
1423,6,1842,724
1423,7,2380,832
1423,8,2918,928
1423,9,3452,1150
1423,10,3816,1306
1423,11,4112,1422
1423,12,4530,1488
1423,13,4920,1552
1423,14,5134,1640
1423,15,5442,1706
1423,16,5766,1802
1423,17,6172,1912
1423,18,6486,1994
1423,19,6706,2050
1423,20,6946,2122
1423,21,7234,2192
1423,22,7534,2260
1423,23,7798,2314
1423,24,8032,2360
1423,25,8256,2450
1423,26,8434,2554
1423,27,8576,2612
1423,28,8710,2734
1423,29,8744,2788
1424,-1,27214,5092
1424,0,296,364
1424,1,1432,858
1424,2,2638,1322
1424,3,3666,1802
1424,4,4744,2264
1424,5,6158,3084
1424,6,9086,3900
1424,7,11692,4382
1424,8,13246,4784
1424,9,14180,5098
1424,10,14950,5432
1424,11,15792,5858
1424,12,17230,6158
1424,13,19052,6386
1424,14,21284,6614
1424,15,24076,6886
1424,16,27250,7144
1424,17,30612,7326
1424,18,33882,7566
1424,19,36922,7866
1424,20,39892,8122
1424,21,42668,8434
1424,22,45292,8678
1424,23,47596,8844
1424,24,49662,9060
1424,25,51432,9282
1424,26,52724,9572
1424,27,53606,9756
1424,28,54284,10006
1424,29,54428,10182
1425,-1,7531,1990
1425,0,64,62
1425,1,276,232
1425,2,624,284
1425,3,958,384
1425,4,1366,500
1425,5,1860,594
1425,6,2392,634
1425,7,2920,742
1425,8,3404,854
1425,9,3912,904
1425,10,4492,996
1425,11,5112,1154
1425,12,5714,1332
1425,13,6354,1500
1425,14,7020,1748
1425,15,7688,1932
1425,16,8448,2096
1425,17,9234,2288
1425,18,10054,2506
1425,19,10816,2672
1425,20,11610,2806
1425,21,12388,3000
1425,22,13052,3162
1425,23,13576,3440
1425,24,13894,3596
1425,25,14160,3670
1425,26,14430,3722
1425,27,14738,3768
1425,28,14988,3870
1425,29,15062,3978
1426,-1,5883,1476
1426,0,64,92
1426,1,208,166
1426,2,464,290
1426,3,782,406
1426,4,1122,512
1426,5,1556,666
1426,6,2148,892
1426,7,2840,1146
1426,8,3658,1286
1426,9,4480,1398
1426,10,5296,1458
1426,11,6108,1568
1426,12,6812,1628
1426,13,7494,1710
1426,14,8062,1840
1426,15,8540,1962
1426,16,9086,2056
1426,17,9558,2132
1426,18,9950,2278
1426,19,10276,2374
1426,20,10548,2438
1426,21,10786,2486
1426,22,11000,2564
1426,23,11220,2666
1426,24,11384,2760
1426,25,11496,2812
1426,26,11566,2854
1426,27,11646,2878
1426,28,11730,2898
1426,29,11766,2948
1427,-1,3968,1262
1427,0,22,28
1427,1,42,66
1427,2,68,120
1427,3,114,172
1427,4,166,202
1427,5,200,266
1427,6,276,378
1427,7,434,468
1427,8,664,518
1427,9,904,572
1427,10,1164,642
1427,11,1438,716
1427,12,1746,768
1427,13,2116,904
1427,14,2508,1066
1427,15,2878,1200
1427,16,3290,1334
1427,17,3770,1382
1427,18,4246,1410
1427,19,4796,1506
1427,20,5332,1550
1427,21,5884,1632
1427,22,6386,1784
1427,23,6874,1952
1427,24,7316,2104
1427,25,7650,2284
1427,26,7756,2352
1427,27,7850,2404
1427,28,7910,2460
1427,29,7936,2514
1428,-1,4815,1484
1428,0,30,40
1428,1,114,72
1428,2,236,98
1428,3,402,182
1428,4,542,242
1428,5,646,326
1428,6,726,400
1428,7,888,530
1428,8,1226,664
1428,9,1500,774
1428,10,1802,878
1428,11,2148,962
1428,12,2548,1010
1428,13,2940,1084
1428,14,3400,1208
1428,15,3928,1342
1428,16,4470,1440
1428,17,5060,1554
1428,18,5750,1632
1428,19,6466,1686
1428,20,7154,1760
1428,21,7752,1974
1428,22,8284,2176
1428,23,8648,2356
1428,24,8924,2508
1428,25,9144,2638
1428,26,9350,2740
1428,27,9526,2852
1428,28,9600,2924
1428,29,9630,2966
1429,-1,3224,866
1429,0,16,28
1429,1,68,58
1429,2,118,114
1429,3,162,156
1429,4,258,194
1429,5,370,332
1429,6,612,532
1429,7,962,656
1429,8,1228,716
1429,9,1498,762
1429,10,1794,800
1429,11,2108,838
1429,12,2420,888
1429,13,2742,918
1429,14,3068,930
1429,15,3386,944
1429,16,3686,976
1429,17,3978,1006
1429,18,4262,1018
1429,19,4562,1050
1429,20,4868,1066
1429,21,5170,1094
1429,22,5464,1114
1429,23,5726,1182
1429,24,5942,1236
1429,25,6130,1358
1429,26,6272,1478
1429,27,6374,1586
1429,28,6438,1692
1429,29,6448,1730
1430,-1,21604,4688
1430,0,52,106
1430,1,490,332
1430,2,1290,612
1430,3,2412,906
1430,4,3634,1454
1430,5,5916,2294
1430,6,8272,2874
1430,7,10666,3170
1430,8,13000,3528
1430,9,15402,3840
1430,10,17562,4030
1430,11,19862,4148
1430,12,22120,4256
1430,13,24238,4546
1430,14,26166,4884
1430,15,27932,5330
1430,16,29758,5742
1430,17,31618,6180
1430,18,33450,6602
1430,19,35136,7056
1430,20,36436,7432
1430,21,37498,7720
1430,22,38692,8146
1430,23,39526,8552
1430,24,40206,8824
1430,25,40958,8950
1430,26,41810,9008
1430,27,42616,9098
1430,28,43056,9250
1430,29,43208,9370
1431,-1,5509,1660
1431,0,64,78
1431,1,200,154
1431,2,352,202
1431,3,578,282
1431,4,770,346
1431,5,978,492
1431,6,1220,724
1431,7,1638,926
1431,8,1996,1068
1431,9,2326,1230
1431,10,2670,1324
1431,11,3080,1380
1431,12,3474,1472
1431,13,3896,1532
1431,14,4310,1604
1431,15,4730,1684
1431,16,5138,1718
1431,17,5654,1862
1431,18,6250,2066
1431,19,6742,2222
1431,20,7360,2320
1431,21,7938,2390
1431,22,8520,2530
1431,23,9096,2672
1431,24,9656,2758
1431,25,10160,2908
1431,26,10496,3058
1431,27,10762,3126
1431,28,10970,3198
1431,29,11018,3316
1432,-1,7359,1238
1432,0,58,80
1432,1,212,206
1432,2,408,298
1432,3,740,422
1432,4,1036,514
1432,5,1358,544
1432,6,1684,574
1432,7,2034,636
1432,8,2456,718
1432,9,2954,744
1432,10,3496,802
1432,11,4136,880
1432,12,4874,916
1432,13,5594,964
1432,14,6330,1016
1432,15,7048,1062
1432,16,7742,1094
1432,17,8398,1152
1432,18,9082,1198
1432,19,9796,1234
1432,20,10480,1288
1432,21,11206,1344
1432,22,11974,1414
1432,23,12708,1496
1432,24,13408,1594
1432,25,13986,1832
1432,26,14312,2064
1432,27,14524,2288
1432,28,14658,2404
1432,29,14718,2470
1433,-1,18926,2296
1433,0,110,130
1433,1,594,356
1433,2,1296,426
1433,3,2114,476
1433,4,2990,552
1433,5,3960,728
1433,6,5140,886
1433,7,6562,1028
1433,8,8130,1188
1433,9,9928,1440
1433,10,11762,1622
1433,11,13714,1744
1433,12,15614,1908
1433,13,17518,2022
1433,14,19470,2172
1433,15,21254,2324
1433,16,22946,2384
1433,17,24668,2542
1433,18,26232,2750
1433,19,27684,2902
1433,20,29036,2954
1433,21,30370,3036
1433,22,31772,3132
1433,23,33126,3338
1433,24,34386,3484
1433,25,35620,3680
1433,26,36568,3934
1433,27,37272,4264
1433,28,37700,4476
1433,29,37852,4590
1434,-1,103273,8682
1434,0,626,322
1434,1,3638,1266
1434,2,6744,1590
1434,3,10416,2048
1434,4,13426,2434
1434,5,17006,2836
1434,6,21558,3702
1434,7,28048,4456
1434,8,33428,4846
1434,9,39012,5356
1434,10,45068,5934
1434,11,52076,6738
1434,12,59566,7150
1434,13,66854,7460
1434,14,75366,8116
1434,15,86202,8672
1434,16,96670,8996
1434,17,106150,9464
1434,18,115486,10060
1434,19,125560,10704
1434,20,136892,11296
1434,21,148970,11648
1434,22,160648,11964
1434,23,172704,12372
1434,24,184128,13036
1434,25,191812,14260
1434,26,197880,15084
1434,27,202786,15950
1434,28,205612,16746
1434,29,206546,17360
1435,-1,3070,800
1435,0,36,32
1435,1,82,92
1435,2,226,212
1435,3,440,290
1435,4,694,340
1435,5,960,360
1435,6,1264,390
1435,7,1578,466
1435,8,1914,536
1435,9,2224,620
1435,10,2538,656
1435,11,2838,692
1435,12,3142,736
1435,13,3422,778
1435,14,3674,822
1435,15,3908,848
1435,16,4174,870
1435,17,4442,906
1435,18,4662,962
1435,19,4832,1042
1435,20,4946,1088
1435,21,5030,1140
1435,22,5166,1190
1435,23,5368,1246
1435,24,5570,1314
1435,25,5720,1366
1435,26,5882,1410
1435,27,6030,1472
1435,28,6118,1548
1435,29,6140,1596
1436,-1,3978,1234
1436,0,30,44
1436,1,102,120
1436,2,220,278
1436,3,440,464
1436,4,740,558
1436,5,1028,602
1436,6,1324,694
1436,7,1672,832
1436,8,2112,940
1436,9,2610,986
1436,10,3066,1080
1436,11,3540,1146
1436,12,4024,1194
1436,13,4492,1256
1436,14,4948,1338
1436,15,5402,1470
1436,16,5758,1632
1436,17,6086,1752
1436,18,6358,1838
1436,19,6660,1908
1436,20,6932,2000
1436,21,7102,2034
1436,22,7264,2078
1436,23,7416,2122
1436,24,7544,2162
1436,25,7674,2206
1436,26,7808,2282
1436,27,7884,2372
1436,28,7938,2418
1436,29,7956,2464
1437,-1,3017,1274
1437,0,44,42
1437,1,228,168
1437,2,620,312
1437,3,1106,370
1437,4,1546,448
1437,5,1950,540
1437,6,2262,666
1437,7,2614,792
1437,8,2858,938
1437,9,3018,1086
1437,10,3226,1206
1437,11,3488,1314
1437,12,3770,1410
1437,13,3984,1484
1437,14,4226,1570
1437,15,4454,1640
1437,16,4670,1800
1437,17,4850,1894
1437,18,5032,1960
1437,19,5244,2042
1437,20,5438,2130
1437,21,5566,2208
1437,22,5680,2266
1437,23,5798,2316
1437,24,5882,2372
1437,25,5932,2422
1437,26,5970,2446
1437,27,5990,2468
1437,28,6020,2516
1437,29,6034,2546
1438,-1,14887,3068
1438,0,324,160
1438,1,832,326
1438,2,1222,570
1438,3,1898,754
1438,4,2588,982
1438,5,2956,1086
1438,6,3240,1188
1438,7,3690,1356
1438,8,4228,1514
1438,9,4630,1594
1438,10,5250,1742
1438,11,6246,1948
1438,12,7512,2116
1438,13,8648,2212
1438,14,9696,2390
1438,15,10732,2548
1438,16,11744,2616
1438,17,12974,2806
1438,18,14580,3048
1438,19,16372,3342
1438,20,18476,3560
1438,21,20892,3908
1438,22,23104,4230
1438,23,24958,4646
1438,24,26572,5052
1438,25,27838,5378
1438,26,28692,5600
1438,27,29290,5818
1438,28,29648,5970
1438,29,29774,6134
1439,-1,8578,1848
1439,0,62,84
1439,1,136,156
1439,2,296,208
1439,3,532,274
1439,4,860,374
1439,5,1172,500
1439,6,1576,714
1439,7,2156,902
1439,8,2828,1092
1439,9,3638,1224
1439,10,4568,1368
1439,11,5424,1474
1439,12,6224,1550
1439,13,7002,1766
1439,14,7594,1910
1439,15,8224,2012
1439,16,8836,2102
1439,17,9524,2194
1439,18,10304,2314
1439,19,11124,2438
1439,20,12104,2602
1439,21,13174,2700
1439,22,14184,2786
1439,23,15142,2878
1439,24,15942,3042
1439,25,16508,3316
1439,26,16812,3482
1439,27,17024,3586
1439,28,17124,3662
1439,29,17156,3692
1440,-1,3498,1146
1440,0,24,38
1440,1,94,82
1440,2,248,160
1440,3,392,258
1440,4,534,350
1440,5,746,404
1440,6,972,452
1440,7,1210,484
1440,8,1472,514
1440,9,1730,540
1440,10,1982,572
1440,11,2234,648
1440,12,2490,756
1440,13,2738,864
1440,14,3002,1010
1440,15,3318,1120
1440,16,3646,1234
1440,17,3968,1302
1440,18,4282,1358
1440,19,4638,1436
1440,20,5012,1536
1440,21,5358,1598
1440,22,5746,1674
1440,23,6150,1782
1440,24,6518,1936
1440,25,6720,2046
1440,26,6858,2172
1440,27,6938,2216
1440,28,6980,2254
1440,29,6996,2286
1441,-1,5135,1646
1441,0,46,46
1441,1,152,100
1441,2,290,158
1441,3,546,234
1441,4,854,316
1441,5,1190,416
1441,6,1504,482
1441,7,1840,518
1441,8,2232,606
1441,9,2666,718
1441,10,3210,838
1441,11,3812,882
1441,12,4392,938
1441,13,4862,1052
1441,14,5258,1172
1441,15,5644,1284
1441,16,5988,1454
1441,17,6402,1660
1441,18,6824,1806
1441,19,7224,1916
1441,20,7660,2018
1441,21,8094,2152
1441,22,8498,2288
1441,23,8896,2426
1441,24,9326,2528
1441,25,9698,2702
1441,26,9980,2980
1441,27,10146,3136
1441,28,10236,3222
1441,29,10270,3286
1442,-1,3115,1102
1442,0,56,62
1442,1,152,134
1442,2,272,174
1442,3,416,228
1442,4,628,282
1442,5,886,356
1442,6,1168,420
1442,7,1434,492
1442,8,1666,572
1442,9,1894,608
1442,10,2120,670
1442,11,2366,744
1442,12,2576,850
1442,13,2800,908
1442,14,2998,1022
1442,15,3172,1162
1442,16,3420,1360
1442,17,3746,1510
1442,18,4140,1586
1442,19,4528,1656
1442,20,4892,1724
1442,21,5216,1832
1442,22,5514,1890
1442,23,5680,1938
1442,24,5832,1972
1442,25,5972,2018
1442,26,6088,2074
1442,27,6176,2116
1442,28,6222,2170
1442,29,6230,2202
1443,-1,43111,5130
1443,0,136,104
1443,1,684,470
1443,2,1814,764
1443,3,3366,948
1443,4,5246,1152
1443,5,7698,1544
1443,6,10352,2024
1443,7,13138,2566
1443,8,16400,3056
1443,9,19812,3606
1443,10,23450,4408
1443,11,27218,5020
1443,12,31312,5356
1443,13,35710,5628
1443,14,40486,5932
1443,15,45310,6066
1443,16,50178,6152
1443,17,54990,6286
1443,18,59646,6404
1443,19,63584,6540
1443,20,67314,6728
1443,21,71054,6840
1443,22,74822,7038
1443,23,78454,7264
1443,24,81414,8060
1443,25,83300,8844
1443,26,84596,9332
1443,27,85616,9754
1443,28,86126,10134
1443,29,86222,10258
1445,-1,3990,924
1445,0,40,64
1445,1,168,154
1445,2,300,210
1445,3,458,270
1445,4,656,342
1445,5,906,406
1445,6,1172,490
1445,7,1486,602
1445,8,1810,666
1445,9,2234,784
1445,10,2730,860
1445,11,3228,956
1445,12,3748,1030
1445,13,4220,1148
1445,14,4638,1212
1445,15,5050,1248
1445,16,5480,1290
1445,17,5906,1330
1445,18,6338,1350
1445,19,6746,1388
1445,20,7086,1466
1445,21,7348,1540
1445,22,7568,1578
1445,23,7748,1632
1445,24,7828,1670
1445,25,7890,1746
1445,26,7928,1780
1445,27,7950,1806
1445,28,7972,1824
1445,29,7980,1846
1446,-1,6139,1546
1446,0,44,38
1446,1,76,82
1446,2,152,160
1446,3,230,202
1446,4,310,264
1446,5,492,334
1446,6,872,538
1446,7,1562,688
1446,8,2288,822
1446,9,2816,888
1446,10,3332,942
1446,11,3760,1006
1446,12,4226,1150
1446,13,4868,1418
1446,14,5550,1622
1446,15,6316,1856
1446,16,7116,2034
1446,17,7848,2174
1446,18,8564,2280
1446,19,9288,2344
1446,20,9918,2424
1446,21,10390,2562
1446,22,10764,2666
1446,23,11092,2720
1446,24,11420,2776
1446,25,11742,2846
1446,26,12028,2920
1446,27,12168,2954
1446,28,12242,3026
1446,29,12278,3086
1447,-1,3950,1226
1447,0,20,42
1447,1,52,90
1447,2,128,162
1447,3,200,246
1447,4,334,306
1447,5,472,336
1447,6,602,364
1447,7,766,422
1447,8,990,466
1447,9,1264,544
1447,10,1552,602
1447,11,1794,634
1447,12,2048,694
1447,13,2338,774
1447,14,2646,868
1447,15,2990,1004
1447,16,3450,1138
1447,17,4034,1290
1447,18,4654,1400
1447,19,5254,1470
1447,20,5808,1576
1447,21,6284,1706
1447,22,6680,1860
1447,23,6978,1958
1447,24,7230,2006
1447,25,7424,2112
1447,26,7652,2210
1447,27,7810,2328
1447,28,7876,2410
1447,29,7900,2448
1448,-1,7015,1514
1448,0,30,60
1448,1,230,240
1448,2,530,360
1448,3,934,532
1448,4,1482,680
1448,5,2090,814
1448,6,2672,1002
1448,7,3300,1152
1448,8,4002,1246
1448,9,4694,1288
1448,10,5426,1334
1448,11,6164,1376
1448,12,6762,1484
1448,13,7298,1564
1448,14,7834,1664
1448,15,8354,1804
1448,16,9010,2004
1448,17,9690,2058
1448,18,10422,2122
1448,19,11144,2180
1448,20,11802,2280
1448,21,12316,2452
1448,22,12696,2558
1448,23,13024,2700
1448,24,13296,2776
1448,25,13546,2822
1448,26,13746,2866
1448,27,13916,2938
1448,28,14000,2998
1448,29,14030,3022
1449,-1,8074,1772
1449,0,88,58
1449,1,218,114
1449,2,426,200
1449,3,670,346
1449,4,1114,550
1449,5,1716,734
1449,6,2504,894
1449,7,3346,978
1449,8,4200,1158
1449,9,5078,1218
1449,10,6098,1312
1449,11,7166,1516
1449,12,8102,1712
1449,13,8940,1808
1449,14,9782,1890
1449,15,10480,1984
1449,16,11006,2136
1449,17,11398,2238
1449,18,11800,2378
1449,19,12178,2440
1449,20,12566,2490
1449,21,12950,2644
1449,22,13404,2872
1449,23,13956,2982
1449,24,14516,3102
1449,25,15044,3172
1449,26,15488,3264
1449,27,15848,3350
1449,28,16092,3456
1449,29,16148,3540
1450,-1,49968,5950
1450,0,1134,532
1450,1,3502,916
1450,2,5476,1106
1450,3,7666,1656
1450,4,9976,2052
1450,5,12414,2270
1450,6,15724,2644
1450,7,19348,2906
1450,8,22828,3290
1450,9,26438,3564
1450,10,30234,3812
1450,11,34792,4002
1450,12,39286,4224
1450,13,43502,4522
1450,14,47744,4710
1450,15,51596,4928
1450,16,55230,5328
1450,17,59940,6072
1450,18,65044,6484
1450,19,70452,6830
1450,20,76106,7184
1450,21,81716,7764
1450,22,85644,8408
1450,23,88896,8602
1450,24,92156,8800
1450,25,94746,9454
1450,26,96388,10218
1450,27,97838,10864
1450,28,99344,11530
1450,29,99936,11894
1451,-1,7765,1398
1451,0,118,110
1451,1,354,240
1451,2,606,314
1451,3,888,360
1451,4,1242,428
1451,5,1678,596
1451,6,2198,672
1451,7,2822,754
1451,8,3640,910
1451,9,4512,1000
1451,10,5346,1084
1451,11,6134,1192
1451,12,6926,1264
1451,13,7784,1328
1451,14,8614,1396
1451,15,9178,1464
1451,16,9698,1512
1451,17,10160,1560
1451,18,10676,1614
1451,19,11206,1700
1451,20,11730,1748
1451,21,12266,1798
1451,22,12790,1926
1451,23,13382,2100
1451,24,13952,2290
1451,25,14448,2430
1451,26,14880,2480
1451,27,15280,2580
1451,28,15504,2722
1451,29,15530,2792
1452,-1,3108,1010
1452,0,40,60
1452,1,120,120
1452,2,224,222
1452,3,272,260
1452,4,324,340
1452,5,646,572
1452,6,1000,656
1452,7,1310,740
1452,8,1594,854
1452,9,1836,910
1452,10,2082,930
1452,11,2334,980
1452,12,2590,1068
1452,13,2892,1130
1452,14,3188,1172
1452,15,3450,1228
1452,16,3738,1272
1452,17,4056,1348
1452,18,4350,1420
1452,19,4618,1466
1452,20,4874,1486
1452,21,5116,1510
1452,22,5350,1578
1452,23,5556,1654
1452,24,5740,1772
1452,25,5908,1858
1452,26,6066,1906
1452,27,6144,1950
1452,28,6194,1978
1452,29,6216,2014
1453,-1,61441,7896
1453,0,612,338
1453,1,1348,870
1453,2,2652,1240
1453,3,5184,1772
1453,4,8442,2276
1453,5,11880,2892
1453,6,16380,3902
1453,7,21802,4532
1453,8,27712,5342
1453,9,34482,6140
1453,10,41614,6800
1453,11,48064,7662
1453,12,54210,8282
1453,13,59762,9018
1453,14,66132,9542
1453,15,72180,10214
1453,16,77892,10690
1453,17,82790,11540
1453,18,87076,12160
1453,19,91320,12730
1453,20,94956,13058
1453,21,98800,13216
1453,22,102786,13400
1453,23,106534,13514
1453,24,110222,13680
1453,25,113732,13842
1453,26,116944,14110
1453,27,120244,14596
1453,28,122538,15438
1453,29,122882,15788
1454,-1,5772,1424
1454,0,58,44
1454,1,176,104
1454,2,294,164
1454,3,478,278
1454,4,848,388
1454,5,1352,518
1454,6,1922,574
1454,7,2412,652
1454,8,2818,706
1454,9,3218,750
1454,10,3722,832
1454,11,4348,1006
1454,12,5060,1126
1454,13,5774,1214
1454,14,6450,1350
1454,15,7012,1488
1454,16,7588,1594
1454,17,8088,1770
1454,18,8590,1898
1454,19,9008,2008
1454,20,9412,2080
1454,21,9822,2142
1454,22,10178,2220
1454,23,10536,2314
1454,24,10810,2436
1454,25,11020,2524
1454,26,11272,2582
1454,27,11438,2706
1454,28,11514,2784
1454,29,11544,2844
1455,-1,32537,4472
1455,0,234,194
1455,1,860,388
1455,2,1992,806
1455,3,3562,1242
1455,4,5536,1602
1455,5,7470,1900
1455,6,9446,2168
1455,7,11716,2514
1455,8,14596,2876
1455,9,17982,3198
1455,10,21784,3468
1455,11,26150,3634
1455,12,30760,3796
1455,13,34718,3938
1455,14,38524,4208
1455,15,41812,4582
1455,16,44690,5030
1455,17,46940,5584
1455,18,49038,5938
1455,19,51010,6174
1455,20,52980,6416
1455,21,55154,6626
1455,22,57450,6874
1455,23,59778,7140
1455,24,61850,7512
1455,25,63416,8040
1455,26,64130,8432
1455,27,64640,8672
1455,28,64964,8822
1455,29,65074,8938
1456,-1,5382,1568
1456,0,62,66
1456,1,132,116
1456,2,174,190
1456,3,264,284
1456,4,510,460
1456,5,910,698
1456,6,1546,924
1456,7,2388,988
1456,8,3276,1044
1456,9,4172,1124
1456,10,4876,1270
1456,11,5438,1508
1456,12,5860,1834
1456,13,6382,2092
1456,14,7022,2186
1456,15,7704,2232
1456,16,8374,2320
1456,17,8888,2392
1456,18,9266,2498
1456,19,9548,2582
1456,20,9770,2732
1456,21,9990,2838
1456,22,10156,2884
1456,23,10310,2920
1456,24,10438,2950
1456,25,10558,2978
1456,26,10652,3008
1456,27,10692,3044
1456,28,10726,3092
1456,29,10764,3130
1457,-1,15129,3150
1457,0,260,142
1457,1,776,272
1457,2,1472,420
1457,3,2428,518
1457,4,3654,666
1457,5,4698,852
1457,6,5758,964
1457,7,6904,1110
1457,8,8156,1576
1457,9,9514,2038
1457,10,10692,2252
1457,11,11960,2340
1457,12,13174,2410
1457,13,14374,2472
1457,14,15542,2568
1457,15,16662,2792
1457,16,17330,2980
1457,17,17948,3070
1457,18,18656,3220
1457,19,19500,3420
1457,20,20754,3780
1457,21,22070,3954
1457,22,23468,4174
1457,23,24530,4506
1457,24,25548,4834
1457,25,26870,5038
1457,26,28172,5364
1457,27,29440,5762
1457,28,30094,6110
1457,29,30258,6298
1458,-1,4901,1186
1458,0,18,30
1458,1,86,80
1458,2,248,154
1458,3,458,222
1458,4,744,366
1458,5,1164,444
1458,6,1640,524
1458,7,2144,596
1458,8,2684,722
1458,9,3226,844
1458,10,3856,880
1458,11,4342,918
1458,12,4840,1000
1458,13,5346,1052
1458,14,5848,1142
1458,15,6296,1232
1458,16,6706,1300
1458,17,7144,1370
1458,18,7540,1442
1458,19,7910,1540
1458,20,8214,1700
1458,21,8438,1796
1458,22,8664,1870
1458,23,8932,1950
1458,24,9196,2018
1458,25,9440,2074
1458,26,9618,2154
1458,27,9730,2270
1458,28,9790,2340
1458,29,9802,2368
1459,-1,9335,2052
1459,0,74,78
1459,1,260,180
1459,2,476,328
1459,3,678,482
1459,4,854,678
1459,5,1152,866
1459,6,1596,1014
1459,7,2098,1122
1459,8,2716,1296
1459,9,3582,1532
1459,10,4550,1738
1459,11,5672,1886
1459,12,6804,1982
1459,13,7922,2076
1459,14,8978,2116
1459,15,10020,2148
1459,16,11064,2180
1459,17,12098,2224
1459,18,13068,2276
1459,19,14056,2376
1459,20,15030,2464
1459,21,15900,2810
1459,22,16674,3114
1459,23,17306,3254
1459,24,17780,3512
1459,25,18152,3708
1459,26,18434,3912
1459,27,18552,4010
1459,28,18630,4056
1459,29,18670,4096
1460,-1,5433,1842
1460,0,38,36
1460,1,110,78
1460,2,160,118
1460,3,294,218
1460,4,478,376
1460,5,798,562
1460,6,1372,780
1460,7,2062,852
1460,8,2788,898
1460,9,3544,1014
1460,10,4346,1144
1460,11,4950,1266
1460,12,5506,1412
1460,13,6116,1572
1460,14,6664,1734
1460,15,7148,1800
1460,16,7598,1958
1460,17,7902,2114
1460,18,8206,2230
1460,19,8550,2386
1460,20,8904,2536
1460,21,9280,2692
1460,22,9644,2892
1460,23,9888,3096
1460,24,10134,3210
1460,25,10394,3348
1460,26,10618,3462
1460,27,10776,3562
1460,28,10844,3634
1460,29,10866,3682
1461,-1,3117,852
1461,0,22,40
1461,1,120,126
1461,2,270,178
1461,3,444,238
1461,4,684,420
1461,5,1032,462
1461,6,1410,532
1461,7,1822,586
1461,8,2290,612
1461,9,2738,646
1461,10,3094,722
1461,11,3426,744
1461,12,3778,768
1461,13,4130,870
1461,14,4442,960
1461,15,4726,1034
1461,16,4904,1126
1461,17,5066,1230
1461,18,5232,1300
1461,19,5384,1350
1461,20,5514,1394
1461,21,5626,1446
1461,22,5770,1482
1461,23,5922,1502
1461,24,6056,1522
1461,25,6134,1576
1461,26,6184,1616
1461,27,6214,1652
1461,28,6226,1684
1461,29,6234,1702
1462,-1,3030,1216
1462,0,46,46
1462,1,228,156
1462,2,470,278
1462,3,772,416
1462,4,1166,560
1462,5,1604,668
1462,6,2044,742
1462,7,2368,848
1462,8,2698,952
1462,9,2982,1066
1462,10,3250,1142
1462,11,3560,1236
1462,12,3808,1412
1462,13,3996,1548
1462,14,4196,1624
1462,15,4398,1658
1462,16,4610,1686
1462,17,4832,1718
1462,18,5058,1766
1462,19,5148,1858
1462,20,5224,1934
1462,21,5398,2026
1462,22,5550,2100
1462,23,5670,2180
1462,24,5764,2240
1462,25,5820,2270
1462,26,5862,2304
1462,27,5944,2346
1462,28,6036,2382
1462,29,6060,2428
1463,-1,15633,2168
1463,0,54,90
1463,1,190,214
1463,2,508,332
1463,3,910,420
1463,4,1536,648
1463,5,2556,914
1463,6,3666,1128
1463,7,4970,1348
1463,8,6338,1410
1463,9,7646,1506
1463,10,9028,1602
1463,11,10402,1682
1463,12,11724,1758
1463,13,13056,1886
1463,14,14568,1966
1463,15,16074,2092
1463,16,17698,2332
1463,17,19502,2496
1463,18,21378,2608
1463,19,23286,2846
1463,20,24918,3004
1463,21,26436,3202
1463,22,27720,3450
1463,23,28680,3668
1463,24,29442,3806
1463,25,30044,3888
1463,26,30616,3992
1463,27,31044,4136
1463,28,31236,4280
1463,29,31266,4334
1464,-1,3168,1178
1464,0,36,58
1464,1,118,104
1464,2,202,144
1464,3,316,208
1464,4,456,302
1464,5,664,398
1464,6,1000,482
1464,7,1342,562
1464,8,1604,656
1464,9,1910,756
1464,10,2128,852
1464,11,2326,906
1464,12,2522,940
1464,13,2754,998
1464,14,2922,1090
1464,15,3060,1238
1464,16,3386,1482
1464,17,3858,1652
1464,18,4230,1758
1464,19,4544,1780
1464,20,4848,1840
1464,21,5144,1892
1464,22,5416,1970
1464,23,5672,2030
1464,24,5882,2126
1464,25,6056,2184
1464,26,6196,2230
1464,27,6300,2296
1464,28,6328,2336
1464,29,6336,2354
1465,-1,4068,1474
1465,0,22,42
1465,1,122,102
1465,2,264,156
1465,3,460,242
1465,4,734,360
1465,5,1060,518
1465,6,1398,816
1465,7,1806,1048
1465,8,2246,1184
1465,9,2728,1234
1465,10,3208,1356
1465,11,3660,1476
1465,12,4022,1588
1465,13,4290,1694
1465,14,4526,1762
1465,15,4784,1852
1465,16,5136,2018
1465,17,5566,2124
1465,18,6026,2174
1465,19,6462,2236
1465,20,6916,2306
1465,21,7338,2384
1465,22,7562,2486
1465,23,7750,2544
1465,24,7908,2626
1465,25,8020,2762
1465,26,8058,2858
1465,27,8088,2900
1465,28,8122,2918
1465,29,8136,2944
1466,-1,19991,3940
1466,0,104,74
1466,1,316,188
1466,2,552,250
1466,3,1164,544
1466,4,2348,922
1466,5,4208,1432
1466,6,6644,1770
1466,7,9272,2006
1466,8,11916,2264
1466,9,14502,2538
1466,10,16998,2766
1466,11,19332,3094
1466,12,21098,3614
1466,13,22950,3986
1466,14,24430,4302
1466,15,26196,4734
1466,16,28380,5150
1466,17,30164,5834
1466,18,31680,6234
1466,19,33018,6556
1466,20,34024,6686
1466,21,35036,6736
1466,22,36036,6784
1466,23,36968,6872
1466,24,37718,7010
1466,25,38390,7238
1466,26,39110,7388
1466,27,39692,7552
1466,28,39944,7806
1466,29,39982,7874
1467,-1,3494,1318
1467,0,48,48
1467,1,104,108
1467,2,218,214
1467,3,374,374
1467,4,680,592
1467,5,1116,750
1467,6,1674,836
1467,7,2270,916
1467,8,2922,968
1467,9,3544,1044
1467,10,4058,1126
1467,11,4528,1230
1467,12,4942,1318
1467,13,5400,1404
1467,14,5788,1512
1467,15,6090,1678
1467,16,6340,1896
1467,17,6454,2048
1467,18,6516,2110
1467,19,6600,2184
1467,20,6666,2260
1467,21,6716,2320
1467,22,6758,2394
1467,23,6814,2448
1467,24,6852,2490
1467,25,6898,2516
1467,26,6940,2560
1467,27,6968,2602
1467,28,6984,2622
1467,29,6988,2634
1468,-1,8078,1474
1468,0,74,64
1468,1,248,142
1468,2,434,304
1468,3,798,450
1468,4,1242,570
1468,5,1810,770
1468,6,2612,876
1468,7,3486,998
1468,8,4374,1108
1468,9,5096,1144
1468,10,5872,1232
1468,11,6724,1294
1468,12,7594,1348
1468,13,8412,1410
1468,14,9204,1434
1468,15,9964,1528
1468,16,10598,1714
1468,17,11314,1850
1468,18,12076,1892
1468,19,12774,1938
1468,20,13402,2034
1468,21,13950,2118
1468,22,14406,2210
1468,23,14850,2370
1468,24,15260,2506
1468,25,15576,2594
1468,26,15852,2766
1468,27,16032,2832
1468,28,16130,2898
1468,29,16156,2946
1469,-1,4040,1184
1469,0,28,34
1469,1,84,78
1469,2,232,164
1469,3,404,234
1469,4,550,286
1469,5,772,398
1469,6,1128,482
1469,7,1540,532
1469,8,2014,610
1469,9,2538,782
1469,10,2954,978
1469,11,3352,1068
1469,12,3770,1172
1469,13,4102,1280
1469,14,4430,1344
1469,15,4720,1402
1469,16,5076,1538
1469,17,5490,1586
1469,18,5888,1666
1469,19,6242,1762
1469,20,6572,1796
1469,21,6870,1828
1469,22,7148,1864
1469,23,7398,1912
1469,24,7622,1982
1469,25,7826,2100
1469,26,7958,2216
1469,27,8038,2306
1469,28,8072,2350
1469,29,8080,2366
1470,-1,43872,5600
1470,0,306,232
1470,1,1170,460
1470,2,2638,730
1470,3,4514,980
1470,4,6380,1174
1470,5,8574,1618
1470,6,11172,1938
1470,7,14918,2612
1470,8,19588,3024
1470,9,24378,3582
1470,10,29240,4158
1470,11,34090,4500
1470,12,38578,4810
1470,13,42478,5184
1470,14,46018,5678
1470,15,49420,6252
1470,16,52830,6618
1470,17,56636,6826
1470,18,60426,6968
1470,19,64116,7254
1470,20,68036,7554
1470,21,72170,7758
1470,22,75942,7954
1470,23,78820,8728
1470,24,80660,9310
1470,25,82464,9692
1470,26,84288,9954
1470,27,85910,10452
1470,28,87246,10856
1470,29,87744,11192
1471,-1,11454,2172
1471,0,158,132
1471,1,560,326
1471,2,1318,438
1471,3,2210,560
1471,4,2848,650
1471,5,3372,784
1471,6,4188,950
1471,7,5080,1126
1471,8,6030,1276
1471,9,6896,1442
1471,10,7660,1620
1471,11,8410,1752
1471,12,9312,2134
1471,13,10394,2446
1471,14,11680,2718
1471,15,12882,2898
1471,16,13834,2968
1471,17,14830,3034
1471,18,15914,3132
1471,19,17118,3256
1471,20,18152,3412
1471,21,19062,3552
1471,22,19834,3648
1471,23,20480,3706
1471,24,21106,3762
1471,25,21760,3832
1471,26,22298,3930
1471,27,22670,4138
1471,28,22848,4248
1471,29,22908,4338
1472,-1,3185,1182
1472,0,10,18
1472,1,42,68
1472,2,122,118
1472,3,224,198
1472,4,428,388
1472,5,808,578
1472,6,1212,710
1472,7,1622,776
1472,8,2034,824
1472,9,2436,872
1472,10,2710,906
1472,11,2994,950
1472,12,3286,994
1472,13,3596,1076
1472,14,3956,1212
1472,15,4312,1380
1472,16,4574,1562
1472,17,4804,1696
1472,18,4990,1816
1472,19,5180,1898
1472,20,5358,1988
1472,21,5548,2042
1472,22,5726,2100
1472,23,5874,2122
1472,24,6016,2136
1472,25,6136,2168
1472,26,6230,2214
1472,27,6304,2270
1472,28,6350,2324
1472,29,6370,2362
1473,-1,9417,2600
1473,0,110,86
1473,1,556,338
1473,2,1116,500
1473,3,1878,710
1473,4,2824,942
1473,5,3900,1178
1473,6,5002,1384
1473,7,6016,1536
1473,8,7006,1840
1473,9,8082,2236
1473,10,9126,2520
1473,11,10406,2828
1473,12,11798,3210
1473,13,12794,3406
1473,14,13764,3540
1473,15,14534,3744
1473,16,15142,3916
1473,17,15672,4202
1473,18,15912,4376
1473,19,16088,4480
1473,20,16348,4560
1473,21,16672,4612
1473,22,17048,4658
1473,23,17388,4706
1473,24,17710,4792
1473,25,18014,4858
1473,26,18238,4918
1473,27,18568,5070
1473,28,18756,5120
1473,29,18834,5196
1474,-1,4123,1112
1474,0,32,38
1474,1,152,84
1474,2,318,148
1474,3,570,260
1474,4,892,360
1474,5,1232,522
1474,6,1632,646
1474,7,2090,770
1474,8,2580,878
1474,9,3188,1002
1474,10,3794,1114
1474,11,4404,1160
1474,12,4900,1190
1474,13,5392,1224
1474,14,5836,1266
1474,15,6204,1406
1474,16,6444,1504
1474,17,6656,1558
1474,18,6836,1630
1474,19,7020,1722
1474,20,7200,1780
1474,21,7330,1838
1474,22,7464,1872
1474,23,7626,1916
1474,24,7774,1966
1474,25,7938,2028
1474,26,8108,2090
1474,27,8182,2162
1474,28,8228,2194
1474,29,8246,2222
1475,-1,6187,1438
1475,0,70,86
1475,1,318,196
1475,2,592,300
1475,3,798,450
1475,4,1180,628
1475,5,1778,794
1475,6,2374,862
1475,7,2918,966
1475,8,3462,1082
1475,9,3944,1188
1475,10,4312,1272
1475,11,4690,1350
1475,12,5036,1436
1475,13,5390,1472
1475,14,5748,1510
1475,15,6174,1588
1475,16,6726,1678
1475,17,7332,1742
1475,18,7950,1806
1475,19,8576,1870
1475,20,9222,1976
1475,21,9900,2124
1475,22,10588,2262
1475,23,11132,2372
1475,24,11512,2478
1475,25,11874,2562
1475,26,12138,2636
1475,27,12308,2774
1475,28,12350,2836
1475,29,12374,2874
1476,-1,8132,1564
1476,0,102,110
1476,1,418,274
1476,2,824,350
1476,3,1234,402
1476,4,1750,480
1476,5,2264,540
1476,6,2762,620
1476,7,3196,694
1476,8,3682,746
1476,9,4286,888
1476,10,4816,1052
1476,11,5216,1148
1476,12,5690,1268
1476,13,6380,1432
1476,14,7218,1538
1476,15,8234,1744
1476,16,9412,1854
1476,17,10508,1950
1476,18,11502,2018
1476,19,12248,2110
1476,20,12912,2188
1476,21,13546,2300
1476,22,14154,2406
1476,23,14840,2528
1476,24,15456,2638
1476,25,15860,2818
1476,26,16052,2940
1476,27,16134,3000
1476,28,16234,3064
1476,29,16264,3126
1477,-1,3568,1318
1477,0,52,56
1477,1,114,110
1477,2,210,186
1477,3,408,286
1477,4,690,340
1477,5,1066,446
1477,6,1464,526
1477,7,1896,588
1477,8,2334,692
1477,9,2816,836
1477,10,3262,1012
1477,11,3762,1182
1477,12,4190,1356
1477,13,4548,1518
1477,14,4958,1632
1477,15,5408,1700
1477,16,5788,1826
1477,17,6070,1942
1477,18,6304,2034
1477,19,6468,2104
1477,20,6596,2172
1477,21,6672,2238
1477,22,6712,2276
1477,23,6756,2328
1477,24,6826,2416
1477,25,6950,2444
1477,26,7042,2510
1477,27,7076,2568
1477,28,7110,2590
1477,29,7136,2632
1478,-1,43703,7478
1478,0,354,228
1478,1,1144,388
1478,2,2328,750
1478,3,4478,1390
1478,4,7552,2122
1478,5,10380,2862
1478,6,14360,3474
1478,7,18038,3828
1478,8,21688,4272
1478,9,25978,4648
1478,10,30040,5090
1478,11,34804,5762
1478,12,38856,6568
1478,13,42686,7222
1478,14,46554,7752
1478,15,50586,8202
1478,16,54414,8574
1478,17,58092,8940
1478,18,61708,9388
1478,19,65284,9922
1478,20,69250,10462
1478,21,73182,11308
1478,22,76622,11750
1478,23,79312,12156
1478,24,81526,12432
1478,25,83162,12868
1478,26,84350,13218
1478,27,85774,13970
1478,28,87024,14670
1478,29,87406,14954
1479,-1,137846,15568
1479,0,460,322
1479,1,1920,1080
1479,2,4572,1686
1479,3,6066,2402
1479,4,9176,3956
1479,5,15944,5356
1479,6,26450,6468
1479,7,37828,7796
1479,8,51900,9474
1479,9,69354,11118
1479,10,87356,12388
1479,11,105114,13776
1479,12,121998,15504
1479,13,139206,16916
1479,14,157570,17794
1479,15,173778,19428
1479,16,186600,20196
1479,17,199136,20766
1479,18,210554,21570
1479,19,219734,22058
1479,20,226014,23110
1479,21,229302,23862
1479,22,232964,24336
1479,23,239208,25274
1479,24,246554,25810
1479,25,255174,26728
1479,26,265364,27412
1479,27,272460,29214
1479,28,275066,30644
1479,29,275692,31134
1480,-1,14898,2900
1480,0,160,220
1480,1,640,424
1480,2,1258,538
1480,3,2066,768
1480,4,3260,956
1480,5,4390,1248
1480,6,5464,1458
1480,7,6652,1562
1480,8,7760,1748
1480,9,9016,1904
1480,10,10226,2042
1480,11,11602,2344
1480,12,13230,2632
1480,13,15200,2942
1480,14,17240,3158
1480,15,18930,3418
1480,16,20712,3684
1480,17,22334,3942
1480,18,23628,4144
1480,19,24780,4348
1480,20,25886,4642
1480,21,26960,4862
1480,22,27722,5118
1480,23,28190,5228
1480,24,28544,5286
1480,25,29002,5348
1480,26,29442,5450
1480,27,29620,5602
1480,28,29734,5724
1480,29,29796,5798
1481,-1,3252,1160
1481,0,56,84
1481,1,124,162
1481,2,284,212
1481,3,498,332
1481,4,790,486
1481,5,1120,630
1481,6,1490,758
1481,7,2002,878
1481,8,2490,1014
1481,9,2934,1222
1481,10,3146,1318
1481,11,3342,1394
1481,12,3522,1492
1481,13,3758,1556
1481,14,3964,1642
1481,15,4172,1706
1481,16,4394,1756
1481,17,4634,1792
1481,18,4870,1840
1481,19,5096,1886
1481,20,5344,1922
1481,21,5598,1966
1481,22,5838,1986
1481,23,6072,2022
1481,24,6232,2106
1481,25,6318,2166
1481,26,6370,2188
1481,27,6442,2224
1481,28,6492,2290
1481,29,6504,2318
1482,-1,3212,1040
1482,0,16,30
1482,1,62,50
1482,2,90,84
1482,3,108,114
1482,4,204,238
1482,5,396,316
1482,6,676,406
1482,7,1030,502
1482,8,1458,578
1482,9,1918,602
1482,10,2376,632
1482,11,2782,750
1482,12,3148,806
1482,13,3490,898
1482,14,3774,1018
1482,15,4008,1110
1482,16,4220,1228
1482,17,4432,1338
1482,18,4676,1470
1482,19,4962,1596
1482,20,5220,1666
1482,21,5480,1730
1482,22,5742,1774
1482,23,6008,1806
1482,24,6164,1864
1482,25,6284,1926
1482,26,6360,1990
1482,27,6402,2036
1482,28,6418,2064
1482,29,6424,2076
1483,-1,8461,2100
1483,0,68,72
1483,1,138,146
1483,2,202,218
1483,3,264,288
1483,4,314,366
1483,5,440,524
1483,6,780,680
1483,7,1260,834
1483,8,1854,1044
1483,9,2558,1306
1483,10,3372,1514
1483,11,4320,1692
1483,12,5366,1806
1483,13,6458,1882
1483,14,7516,1942
1483,15,8506,2082
1483,16,9496,2190
1483,17,10536,2238
1483,18,11640,2290
1483,19,12804,2388
1483,20,13920,2556
1483,21,14724,2898
1483,22,15166,3210
1483,23,15418,3318
1483,24,15602,3416
1483,25,15812,3600
1483,26,16210,3780
1483,27,16560,3942
1483,28,16848,4090
1483,29,16922,4196
1484,-1,17036,2532
1484,0,184,126
1484,1,434,332
1484,2,754,552
1484,3,1316,728
1484,4,1880,846
1484,5,2312,1000
1484,6,3106,1184
1484,7,4440,1366
1484,8,6172,1464
1484,9,7722,1720
1484,10,9324,2028
1484,11,11390,2438
1484,12,13916,2534
1484,13,16352,2678
1484,14,18588,2790
1484,15,20910,2896
1484,16,23308,3108
1484,17,25200,3418
1484,18,26742,3520
1484,19,28194,3612
1484,20,29452,3718
1484,21,30524,3784
1484,22,31414,4016
1484,23,32084,4224
1484,24,32678,4284
1484,25,32974,4520
1484,26,33208,4692
1484,27,33632,4818
1484,28,33972,4950
1484,29,34072,5058
1485,-1,12036,1744
1485,0,128,100
1485,1,424,204
1485,2,942,376
1485,3,1770,612
1485,4,2752,774
1485,5,3802,1056
1485,6,4966,1162
1485,7,6226,1334
1485,8,7232,1498
1485,9,8236,1642
1485,10,9518,1750
1485,11,10978,1878
1485,12,12636,1938
1485,13,14248,2056
1485,14,15438,2104
1485,15,16646,2174
1485,16,17880,2248
1485,17,19030,2402
1485,18,19918,2528
1485,19,20672,2594
1485,20,21370,2644
1485,21,22080,2688
1485,22,22768,2760
1485,23,23274,2926
1485,24,23588,3058
1485,25,23742,3186
1485,26,23840,3252
1485,27,23990,3348
1485,28,24042,3442
1485,29,24072,3486
1486,-1,5950,1668
1486,0,14,26
1486,1,48,56
1486,2,118,86
1486,3,202,110
1486,4,294,176
1486,5,478,334
1486,6,818,540
1486,7,1194,784
1486,8,1660,986
1486,9,2214,1274
1486,10,2908,1454
1486,11,3732,1594
1486,12,4616,1702
1486,13,5470,1802
1486,14,6310,1904
1486,15,7104,1984
1486,16,7886,2142
1486,17,8618,2286
1486,18,9204,2452
1486,19,9686,2602
1486,20,10084,2708
1486,21,10466,2784
1486,22,10810,2886
1486,23,11090,2968
1486,24,11356,3068
1486,25,11524,3152
1486,26,11686,3186
1486,27,11824,3222
1486,28,11874,3304
1486,29,11900,3330
1487,-1,5445,1270
1487,0,38,52
1487,1,154,116
1487,2,328,154
1487,3,488,226
1487,4,698,336
1487,5,1042,422
1487,6,1354,458
1487,7,1626,540
1487,8,1832,612
1487,9,2154,724
1487,10,2610,874
1487,11,3114,966
1487,12,3680,1046
1487,13,4258,1086
1487,14,4850,1144
1487,15,5440,1230
1487,16,6038,1280
1487,17,6626,1308
1487,18,7212,1338
1487,19,7724,1420
1487,20,8254,1500
1487,21,8846,1582
1487,22,9362,1716
1487,23,9766,1876
1487,24,10086,2020
1487,25,10360,2128
1487,26,10566,2250
1487,27,10744,2348
1487,28,10860,2454
1487,29,10890,2538
1488,-1,6121,1440
1488,0,68,72
1488,1,198,184
1488,2,400,236
1488,3,634,272
1488,4,918,326
1488,5,1304,472
1488,6,1766,528
1488,7,2318,616
1488,8,2960,706
1488,9,3644,760
1488,10,4336,794
1488,11,4996,846
1488,12,5684,874
1488,13,6350,906
1488,14,6984,936
1488,15,7646,982
1488,16,8330,1098
1488,17,8954,1288
1488,18,9468,1512
1488,19,9936,1796
1488,20,10272,1894
1488,21,10562,2004
1488,22,10898,2138
1488,23,11190,2262
1488,24,11504,2366
1488,25,11758,2468
1488,26,11998,2584
1488,27,12152,2734
1488,28,12214,2832
1488,29,12242,2878
1489,-1,3250,1054
1489,0,66,72
1489,1,212,128
1489,2,424,180
1489,3,614,258
1489,4,792,292
1489,5,950,314
1489,6,1176,426
1489,7,1468,508
1489,8,1828,618
1489,9,2234,694
1489,10,2642,780
1489,11,3030,842
1489,12,3298,942
1489,13,3502,992
1489,14,3702,1044
1489,15,3960,1076
1489,16,4184,1144
1489,17,4278,1230
1489,18,4366,1266
1489,19,4434,1292
1489,20,4490,1324
1489,21,4594,1354
1489,22,4734,1446
1489,23,4988,1582
1489,24,5306,1704
1489,25,5672,1808
1489,26,6026,1912
1489,27,6306,1954
1489,28,6466,2008
1489,29,6500,2104
1490,-1,4470,994
1490,0,20,40
1490,1,78,114
1490,2,196,222
1490,3,362,334
1490,4,622,406
1490,5,930,444
1490,6,1256,496
1490,7,1612,532
1490,8,1994,552
1490,9,2370,592
1490,10,2732,640
1490,11,3038,696
1490,12,3328,790
1490,13,3606,856
1490,14,3882,920
1490,15,4248,1028
1490,16,4658,1110
1490,17,5068,1170
1490,18,5466,1200
1490,19,5882,1242
1490,20,6250,1308
1490,21,6666,1356
1490,22,7100,1388
1490,23,7554,1470
1490,24,7962,1536
1490,25,8370,1620
1490,26,8706,1744
1490,27,8876,1892
1490,28,8928,1966
1490,29,8940,1986
1491,-1,4108,1654
1491,0,32,60
1491,1,158,168
1491,2,358,320
1491,3,642,450
1491,4,970,544
1491,5,1214,596
1491,6,1454,690
1491,7,1700,792
1491,8,2028,874
1491,9,2338,1072
1491,10,2680,1174
1491,11,2992,1220
1491,12,3202,1294
1491,13,3432,1394
1491,14,3630,1472
1491,15,3830,1604
1491,16,4086,1736
1491,17,4348,1794
1491,18,4668,1878
1491,19,4914,1964
1491,20,5208,2160
1491,21,5724,2388
1491,22,6214,2538
1491,23,6624,2704
1491,24,7012,2802
1491,25,7408,2874
1491,26,7760,2986
1491,27,8068,3154
1491,28,8164,3256
1491,29,8216,3302
1492,-1,3519,1302
1492,0,38,40
1492,1,188,184
1492,2,456,322
1492,3,846,450
1492,4,1422,500
1492,5,1844,572
1492,6,2148,664
1492,7,2484,770
1492,8,2768,888
1492,9,3074,1028
1492,10,3372,1098
1492,11,3654,1184
1492,12,3858,1278
1492,13,4034,1368
1492,14,4178,1416
1492,15,4344,1450
1492,16,4616,1586
1492,17,4974,1662
1492,18,5324,1774
1492,19,5664,1836
1492,20,5898,1912
1492,21,6036,1984
1492,22,6124,2032
1492,23,6222,2120
1492,24,6330,2224
1492,25,6474,2308
1492,26,6650,2354
1492,27,6834,2404
1492,28,6986,2518
1492,29,7038,2602
1493,-1,7418,1794
1493,0,224,208
1493,1,634,412
1493,2,1112,620
1493,3,1574,764
1493,4,1978,846
1493,5,2184,894
1493,6,2456,1064
1493,7,2874,1246
1493,8,3284,1400
1493,9,3754,1534
1493,10,4302,1666
1493,11,4936,1760
1493,12,5656,1858
1493,13,6404,1938
1493,14,7214,2014
1493,15,8102,2122
1493,16,8912,2202
1493,17,9712,2322
1493,18,10448,2502
1493,19,11032,2544
1493,20,11562,2654
1493,21,11976,2704
1493,22,12428,2760
1493,23,12956,2830
1493,24,13512,2930
1493,25,13964,3050
1493,26,14366,3206
1493,27,14682,3414
1493,28,14812,3540
1493,29,14836,3586
1494,-1,3759,858
1494,0,24,34
1494,1,90,94
1494,2,222,148
1494,3,404,194
1494,4,634,250
1494,5,892,284
1494,6,1174,312
1494,7,1502,360
1494,8,1836,402
1494,9,2150,442
1494,10,2416,486
1494,11,2646,518
1494,12,2870,596
1494,13,3198,662
1494,14,3540,698
1494,15,3866,738
1494,16,4240,778
1494,17,4634,808
1494,18,5076,850
1494,19,5486,940
1494,20,5830,980
1494,21,6176,1002
1494,22,6486,1104
1494,23,6728,1242
1494,24,6950,1364
1494,25,7202,1472
1494,26,7388,1556
1494,27,7474,1632
1494,28,7508,1692
1494,29,7518,1714
1495,-1,3112,1040
1495,0,26,24
1495,1,70,104
1495,2,232,194
1495,3,472,314
1495,4,738,374
1495,5,1026,410
1495,6,1306,522
1495,7,1524,624
1495,8,1760,726
1495,9,1956,848
1495,10,2146,994
1495,11,2432,1080
1495,12,2778,1172
1495,13,3180,1276
1495,14,3566,1360
1495,15,3902,1438
1495,16,4224,1502
1495,17,4520,1594
1495,18,4772,1658
1495,19,5016,1708
1495,20,5280,1734
1495,21,5504,1778
1495,22,5712,1808
1495,23,5866,1852
1495,24,6016,1882
1495,25,6136,1940
1495,26,6194,2026
1495,27,6204,2050
1495,28,6216,2064
1495,29,6224,2078
1496,-1,4807,1294
1496,0,40,34
1496,1,102,106
1496,2,246,216
1496,3,494,324
1496,4,728,378
1496,5,1006,494
1496,6,1266,548
1496,7,1554,584
1496,8,1804,694
1496,9,2060,890
1496,10,2300,1004
1496,11,2606,1104
1496,12,2968,1186
1496,13,3364,1248
1496,14,3792,1300
1496,15,4314,1422
1496,16,4966,1492
1496,17,5642,1536
1496,18,6266,1590
1496,19,6896,1636
1496,20,7504,1674
1496,21,8090,1722
1496,22,8578,1826
1496,23,8908,2052
1496,24,9192,2220
1496,25,9392,2372
1496,26,9496,2454
1496,27,9552,2500
1496,28,9590,2540
1496,29,9614,2584
1498,-1,45492,6722
1498,0,578,220
1498,1,2268,768
1498,2,4898,1120
1498,3,7804,1694
1498,4,12190,2220
1498,5,17266,2758
1498,6,22826,3230
1498,7,28604,3488
1498,8,34474,3824
1498,9,41062,4094
1498,10,47622,4494
1498,11,54586,4920
1498,12,60350,5902
1498,13,63868,7000
1498,14,65856,7468
1498,15,67408,7850
1498,16,69208,8502
1498,17,71484,9106
1498,18,74056,9560
1498,19,76382,10056
1498,20,78384,10392
1498,21,79644,10600
1498,22,80428,10820
1498,23,81158,11084
1498,24,82692,11396
1498,25,84792,11642
1498,26,87110,12014
1498,27,89130,12508
1498,28,90416,12954
1498,29,90984,13440
1499,-1,16248,3312
1499,0,24,38
1499,1,184,160
1499,2,714,420
1499,3,1454,568
1499,4,2226,702
1499,5,2938,810
1499,6,3668,894
1499,7,4410,1020
1499,8,5240,1350
1499,9,6626,1882
1499,10,8282,2394
1499,11,10190,2640
1499,12,11898,2852
1499,13,13616,3118
1499,14,15302,3228
1499,15,17188,3346
1499,16,19108,3538
1499,17,20780,3798
1499,18,22252,4052
1499,19,23802,4332
1499,20,25358,4742
1499,21,26672,5014
1499,22,28008,5158
1499,23,29234,5348
1499,24,30356,5492
1499,25,31286,5768
1499,26,31920,6106
1499,27,32268,6380
1499,28,32424,6514
1499,29,32496,6622
1500,-1,10940,1424
1500,0,60,40
1500,1,244,118
1500,2,542,322
1500,3,1146,606
1500,4,1910,800
1500,5,2936,948
1500,6,4198,1048
1500,7,5598,1110
1500,8,7052,1160
1500,9,8420,1264
1500,10,9516,1334
1500,11,10578,1412
1500,12,11612,1480
1500,13,12612,1572
1500,14,13406,1694
1500,15,14134,1736
1500,16,14992,1878
1500,17,15778,1944
1500,18,16494,2008
1500,19,17362,2080
1500,20,18250,2132
1500,21,19080,2210
1500,22,19732,2328
1500,23,20280,2394
1500,24,20738,2486
1500,25,21132,2562
1500,26,21458,2646
1500,27,21730,2720
1500,28,21864,2806
1500,29,21880,2846
1501,-1,40417,6394
1501,0,266,208
1501,1,568,398
1501,2,1324,624
1501,3,2522,956
1501,4,4164,1086
1501,5,5772,1480
1501,6,7542,1752
1501,7,10346,2206
1501,8,13064,2584
1501,9,16744,3252
1501,10,21592,3932
1501,11,26942,4172
1501,12,32034,4486
1501,13,36870,4762
1501,14,41786,5306
1501,15,46006,6008
1501,16,49040,6468
1501,17,52238,6992
1501,18,55142,7826
1501,19,58488,8718
1501,20,62306,9548
1501,21,66244,10388
1501,22,69636,10966
1501,23,72242,11260
1501,24,74506,11610
1501,25,76244,11758
1501,26,77932,11936
1501,27,79272,12304
1501,28,80416,12500
1501,29,80834,12786
1502,-1,6651,1908
1502,0,108,100
1502,1,364,200
1502,2,852,450
1502,3,1288,656
1502,4,1794,824
1502,5,2334,1000
1502,6,2908,1144
1502,7,3476,1294
1502,8,4200,1414
1502,9,4814,1464
1502,10,5340,1582
1502,11,5808,1674
1502,12,6296,1726
1502,13,6852,1768
1502,14,7384,1926
1502,15,7882,2042
1502,16,8486,2202
1502,17,9118,2358
1502,18,9728,2496
1502,19,10308,2674
1502,20,10928,2780
1502,21,11542,2918
1502,22,12026,3070
1502,23,12378,3272
1502,24,12620,3450
1502,25,12902,3526
1502,26,13150,3618
1502,27,13244,3726
1502,28,13284,3780
1502,29,13302,3814
1503,-1,22280,4136
1503,0,176,206
1503,1,644,404
1503,2,1262,496
1503,3,2064,694
1503,4,3066,1066
1503,5,4372,1546
1503,6,5800,2066
1503,7,7586,2556
1503,8,9742,2884
1503,9,11912,3060
1503,10,14196,3150
1503,11,16392,3244
1503,12,18836,3358
1503,13,21552,3648
1503,14,24010,4042
1503,15,26560,4574
1503,16,29552,4916
1503,17,32080,5264
1503,18,34180,5650
1503,19,35924,5934
1503,20,37944,6348
1503,21,39706,6644
1503,22,41084,6998
1503,23,42244,7414
1503,24,42764,7630
1503,25,43286,7826
1503,26,43710,7932
1503,27,44204,8074
1503,28,44470,8174
1503,29,44560,8268
1504,-1,11556,2416
1504,0,98,108
1504,1,232,200
1504,2,410,364
1504,3,852,552
1504,4,1336,626
1504,5,1780,690
1504,6,2156,804
1504,7,2580,998
1504,8,3112,1270
1504,9,3950,1654
1504,10,5050,1960
1504,11,6250,2168
1504,12,7366,2346
1504,13,8500,2704
1504,14,9844,2922
1504,15,11276,3042
1504,16,12602,3118
1504,17,13820,3182
1504,18,15082,3296
1504,19,16276,3388
1504,20,17480,3474
1504,21,18638,3612
1504,22,19712,3752
1504,23,20664,3930
1504,24,21518,4094
1504,25,22304,4318
1504,26,22858,4560
1504,27,23054,4742
1504,28,23098,4806
1504,29,23112,4830
1505,-1,21329,3514
1505,0,284,190
1505,1,682,324
1505,2,1076,418
1505,3,1620,658
1505,4,2586,1126
1505,5,4104,1408
1505,6,5774,1772
1505,7,7638,2154
1505,8,9398,2320
1505,9,11440,2572
1505,10,13738,2704
1505,11,16100,2868
1505,12,18476,3072
1505,13,20822,3296
1505,14,22662,3500
1505,15,24492,3820
1505,16,26478,4044
1505,17,28576,4178
1505,18,30378,4370
1505,19,31994,4634
1505,20,33698,4872
1505,21,35248,5098
1505,22,36648,5446
1505,23,37990,5730
1505,24,39372,6038
1505,25,40562,6286
1505,26,41364,6516
1505,27,42028,6616
1505,28,42474,6810
1505,29,42658,7026
1506,-1,3889,1290
1506,0,80,66
1506,1,238,142
1506,2,418,172
1506,3,614,208
1506,4,848,246
1506,5,1146,338
1506,6,1558,482
1506,7,2098,652
1506,8,2658,832
1506,9,3184,964
1506,10,3730,1088
1506,11,4078,1174
1506,12,4436,1244
1506,13,4764,1332
1506,14,5090,1402
1506,15,5428,1498
1506,16,5704,1584
1506,17,5930,1642
1506,18,6178,1688
1506,19,6408,1778
1506,20,6632,1856
1506,21,6812,1980
1506,22,7014,2116
1506,23,7166,2214
1506,24,7326,2296
1506,25,7480,2386
1506,26,7578,2420
1506,27,7670,2442
1506,28,7750,2508
1506,29,7778,2572
1507,-1,4340,1402
1507,0,32,32
1507,1,80,108
1507,2,264,190
1507,3,446,264
1507,4,698,340
1507,5,1092,492
1507,6,1598,618
1507,7,1964,738
1507,8,2254,816
1507,9,2550,936
1507,10,2896,1012
1507,11,3310,1050
1507,12,3718,1128
1507,13,4230,1260
1507,14,4780,1394
1507,15,5292,1484
1507,16,5732,1606
1507,17,6174,1658
1507,18,6558,1748
1507,19,6922,1832
1507,20,7352,1972
1507,21,7684,2098
1507,22,7848,2250
1507,23,7914,2350
1507,24,8010,2406
1507,25,8176,2476
1507,26,8380,2568
1507,27,8518,2698
1507,28,8632,2742
1507,29,8680,2800
1508,-1,68853,7620
1508,0,758,286
1508,1,1826,534
1508,2,3082,770
1508,3,5336,1204
1508,4,8628,1592
1508,5,12042,1770
1508,6,15844,2172
1508,7,19720,2678
1508,8,24240,3588
1508,9,29668,4406
1508,10,36392,4922
1508,11,43166,5648
1508,12,49984,6408
1508,13,56890,7260
1508,14,62642,7782
1508,15,68298,8404
1508,16,74634,8988
1508,17,81450,9472
1508,18,88944,9648
1508,19,96490,10082
1508,20,104042,10534
1508,21,110804,11064
1508,22,116698,11510
1508,23,122452,12246
1508,24,126768,12984
1508,25,129786,13612
1508,26,132472,13990
1508,27,134774,14414
1508,28,136808,14734
1508,29,137706,15232
1509,-1,3510,1122
1509,0,76,62
1509,1,254,182
1509,2,490,312
1509,3,782,452
1509,4,1120,564
1509,5,1448,734
1509,6,1778,830
1509,7,2090,894
1509,8,2434,1000
1509,9,2830,1038
1509,10,3216,1082
1509,11,3574,1120
1509,12,3944,1148
1509,13,4208,1166
1509,14,4480,1210
1509,15,4724,1250
1509,16,4962,1288
1509,17,5190,1340
1509,18,5452,1386
1509,19,5704,1448
1509,20,5930,1532
1509,21,6156,1612
1509,22,6368,1692
1509,23,6552,1796
1509,24,6708,1880
1509,25,6814,1998
1509,26,6890,2108
1509,27,6964,2156
1509,28,7004,2212
1509,29,7020,2238
1510,-1,5502,1278
1510,0,88,50
1510,1,166,96
1510,2,240,128
1510,3,356,200
1510,4,588,346
1510,5,974,450
1510,6,1384,546
1510,7,1760,676
1510,8,2214,776
1510,9,2726,910
1510,10,3302,954
1510,11,3964,1052
1510,12,4526,1166
1510,13,5102,1228
1510,14,5710,1262
1510,15,6304,1300
1510,16,6898,1332
1510,17,7434,1396
1510,18,7956,1488
1510,19,8426,1590
1510,20,8830,1726
1510,21,9150,1880
1510,22,9470,1980
1510,23,9822,2082
1510,24,10118,2206
1510,25,10430,2276
1510,26,10684,2344
1510,27,10868,2440
1510,28,10974,2504
1510,29,11004,2550
1511,-1,3645,1400
1511,0,28,46
1511,1,138,142
1511,2,284,218
1511,3,538,380
1511,4,900,540
1511,5,1298,636
1511,6,1610,742
1511,7,1838,818
1511,8,2046,874
1511,9,2218,940
1511,10,2318,1020
1511,11,2428,1118
1511,12,2602,1262
1511,13,2848,1420
1511,14,3142,1526
1511,15,3478,1618
1511,16,3804,1706
1511,17,4054,1786
1511,18,4258,1842
1511,19,4536,1996
1511,20,4908,2036
1511,21,5298,2070
1511,22,5716,2118
1511,23,6152,2198
1511,24,6468,2424
1511,25,6658,2522
1511,26,6836,2590
1511,27,7052,2638
1511,28,7222,2708
1511,29,7290,2794
1512,-1,3542,1184
1512,0,30,32
1512,1,50,56
1512,2,64,84
1512,3,88,110
1512,4,136,166
1512,5,274,256
1512,6,402,284
1512,7,514,310
1512,8,606,342
1512,9,718,378
1512,10,910,504
1512,11,1172,640
1512,12,1534,794
1512,13,2050,982
1512,14,2666,1074
1512,15,3320,1180
1512,16,3918,1334
1512,17,4418,1556
1512,18,4800,1722
1512,19,5170,1788
1512,20,5466,1894
1512,21,5738,1946
1512,22,6070,2006
1512,23,6424,2052
1512,24,6724,2126
1512,25,6960,2194
1512,26,7040,2286
1512,27,7064,2334
1512,28,7076,2352
1512,29,7084,2366
1513,-1,6515,2006
1513,0,120,118
1513,1,392,228
1513,2,680,380
1513,3,836,516
1513,4,924,598
1513,5,1082,684
1513,6,1248,778
1513,7,1432,850
1513,8,1648,906
1513,9,1942,942
1513,10,2404,1130
1513,11,3018,1244
1513,12,3680,1304
1513,13,4330,1340
1513,14,5032,1398
1513,15,5700,1542
1513,16,6398,1730
1513,17,7098,1890
1513,18,7830,2122
1513,19,8476,2374
1513,20,9224,2538
1513,21,10012,2694
1513,22,10818,2864
1513,23,11488,3112
1513,24,12118,3382
1513,25,12520,3704
1513,26,12762,3868
1513,27,12878,3936
1513,28,12984,3970
1513,29,13030,4010
1514,-1,5899,1952
1514,0,32,48
1514,1,164,172
1514,2,398,314
1514,3,806,462
1514,4,1384,694
1514,5,1952,772
1514,6,2590,802
1514,7,3250,846
1514,8,3976,932
1514,9,4690,1010
1514,10,5288,1144
1514,11,5762,1316
1514,12,6220,1524
1514,13,6606,1676
1514,14,7022,1908
1514,15,7450,2238
1514,16,7800,2534
1514,17,8190,2752
1514,18,8584,2922
1514,19,8956,3062
1514,20,9224,3128
1514,21,9506,3170
1514,22,9860,3290
1514,23,10200,3388
1514,24,10552,3488
1514,25,10964,3548
1514,26,11324,3672
1514,27,11548,3752
1514,28,11722,3808
1514,29,11798,3900
1515,-1,3126,980
1515,0,18,36
1515,1,150,116
1515,2,336,202
1515,3,496,286
1515,4,740,356
1515,5,1026,382
1515,6,1306,428
1515,7,1580,468
1515,8,1824,520
1515,9,2096,552
1515,10,2454,640
1515,11,2882,756
1515,12,3290,848
1515,13,3722,886
1515,14,4086,982
1515,15,4464,1036
1515,16,4854,1152
1515,17,5198,1258
1515,18,5526,1356
1515,19,5762,1532
1515,20,5850,1632
1515,21,5930,1670
1515,22,6006,1700
1515,23,6082,1754
1515,24,6140,1816
1515,25,6180,1862
1515,26,6198,1894
1515,27,6222,1912
1515,28,6244,1942
1515,29,6252,1958
1516,-1,15204,2808
1516,0,38,50
1516,1,224,170
1516,2,630,268
1516,3,1108,330
1516,4,1734,456
1516,5,2280,592
1516,6,3028,770
1516,7,4102,1098
1516,8,5220,1358
1516,9,6138,1586
1516,10,7214,2114
1516,11,8870,2384
1516,12,10558,2588
1516,13,12108,3024
1516,14,13250,3358
1516,15,14678,3464
1516,16,16010,3544
1516,17,17560,3692
1516,18,19282,3828
1516,19,21166,3896
1516,20,23046,4022
1516,21,24866,4148
1516,22,26410,4286
1516,23,27540,4612
1516,24,28390,4862
1516,25,29096,5130
1516,26,29630,5272
1516,27,30082,5426
1516,28,30336,5558
1516,29,30408,5608
1517,-1,5201,1446
1517,0,38,54
1517,1,144,130
1517,2,340,214
1517,3,690,390
1517,4,1192,528
1517,5,1746,798
1517,6,2278,1002
1517,7,2814,1154
1517,8,3382,1292
1517,9,3938,1372
1517,10,4456,1474
1517,11,4936,1596
1517,12,5408,1698
1517,13,5856,1784
1517,14,6284,1818
1517,15,6720,1860
1517,16,7062,1948
1517,17,7414,2044
1517,18,7760,2146
1517,19,8098,2264
1517,20,8398,2322
1517,21,8680,2386
1517,22,8926,2428
1517,23,9186,2466
1517,24,9464,2522
1517,25,9752,2556
1517,26,10014,2588
1517,27,10216,2676
1517,28,10334,2784
1517,29,10402,2878
1518,-1,3257,1020
1518,0,28,42
1518,1,126,104
1518,2,230,162
1518,3,368,266
1518,4,552,358
1518,5,824,452
1518,6,1148,560
1518,7,1494,644
1518,8,1906,740
1518,9,2308,828
1518,10,2694,900
1518,11,3044,1018
1518,12,3400,1080
1518,13,3704,1128
1518,14,3982,1180
1518,15,4282,1216
1518,16,4612,1292
1518,17,4890,1372
1518,18,5106,1462
1518,19,5340,1542
1518,20,5550,1616
1518,21,5742,1642
1518,22,5916,1688
1518,23,6048,1762
1518,24,6174,1804
1518,25,6306,1860
1518,26,6398,1936
1518,27,6464,1986
1518,28,6498,2010
1518,29,6514,2036
1519,-1,12590,2442
1519,0,104,82
1519,1,360,182
1519,2,788,302
1519,3,1416,398
1519,4,2144,492
1519,5,3024,568
1519,6,4092,708
1519,7,5450,890
1519,8,6910,1058
1519,9,8466,1358
1519,10,9992,1772
1519,11,11152,2020
1519,12,12176,2114
1519,13,13236,2316
1519,14,14238,2504
1519,15,15364,2656
1519,16,16700,3000
1519,17,18156,3236
1519,18,19382,3442
1519,19,20452,3590
1519,20,21460,3686
1519,21,22338,3798
1519,22,23174,3890
1519,23,23836,4054
1519,24,24312,4184
1519,25,24656,4332
1519,26,24846,4562
1519,27,24976,4706
1519,28,25086,4808
1519,29,25180,4872
1520,-1,14502,2398
1520,0,84,86
1520,1,414,224
1520,2,934,388
1520,3,1550,520
1520,4,2056,702
1520,5,2810,928
1520,6,3810,1128
1520,7,4886,1264
1520,8,6084,1352
1520,9,7336,1408
1520,10,8632,1512
1520,11,10094,1606
1520,12,11728,1682
1520,13,13426,1756
1520,14,15184,1828
1520,15,16830,2046
1520,16,18476,2258
1520,17,20112,2574
1520,18,21770,2894
1520,19,23204,3156
1520,20,24414,3406
1520,21,25372,3604
1520,22,26234,3772
1520,23,27012,3946
1520,24,27582,4158
1520,25,28034,4372
1520,26,28390,4494
1520,27,28714,4608
1520,28,28916,4732
1520,29,29004,4788
1521,-1,9597,1990
1521,0,36,32
1521,1,84,90
1521,2,146,134
1521,3,286,266
1521,4,698,436
1521,5,1168,538
1521,6,1818,742
1521,7,2672,992
1521,8,3632,1154
1521,9,4364,1202
1521,10,5142,1248
1521,11,5972,1302
1521,12,6860,1416
1521,13,7884,1586
1521,14,8958,1720
1521,15,10092,1800
1521,16,11300,1868
1521,17,12442,1962
1521,18,13510,2082
1521,19,14450,2232
1521,20,15312,2402
1521,21,16086,2576
1521,22,16804,2768
1521,23,17544,3006
1521,24,18148,3286
1521,25,18610,3536
1521,26,18880,3740
1521,27,19028,3830
1521,28,19132,3910
1521,29,19194,3968
1522,-1,3545,1380
1522,0,28,36
1522,1,106,134
1522,2,278,282
1522,3,500,344
1522,4,708,406
1522,5,976,480
1522,6,1260,534
1522,7,1544,574
1522,8,1802,620
1522,9,2030,720
1522,10,2262,798
1522,11,2464,858
1522,12,2610,906
1522,13,2770,974
1522,14,2986,1046
1522,15,3240,1116
1522,16,3564,1236
1522,17,3904,1402
1522,18,4284,1542
1522,19,4682,1690
1522,20,5134,1738
1522,21,5576,1786
1522,22,6016,1894
1522,23,6288,2126
1522,24,6472,2256
1522,25,6654,2378
1522,26,6804,2470
1522,27,6972,2600
1522,28,7066,2708
1522,29,7090,2758
1523,-1,13595,2312
1523,0,78,96
1523,1,344,242
1523,2,804,346
1523,3,1294,428
1523,4,1868,552
1523,5,2556,710
1523,6,3510,902
1523,7,4564,1100
1523,8,5826,1242
1523,9,7104,1416
1523,10,8264,1508
1523,11,9494,1570
1523,12,10778,1612
1523,13,12028,1668
1523,14,13262,1726
1523,15,14542,1858
1523,16,15946,2110
1523,17,17360,2380
1523,18,18482,2688
1523,19,19568,2896
1523,20,20608,3098
1523,21,21672,3168
1523,22,22730,3374
1523,23,23704,3572
1523,24,24596,3788
1523,25,25482,3944
1523,26,26222,4100
1523,27,26740,4294
1523,28,27050,4450
1523,29,27190,4620
1524,-1,6822,2064
1524,0,82,88
1524,1,264,226
1524,2,708,390
1524,3,1176,522
1524,4,1638,702
1524,5,1950,850
1524,6,2336,964
1524,7,2668,1040
1524,8,3012,1228
1524,9,3510,1410
1524,10,4116,1598
1524,11,4756,1712
1524,12,5436,1798
1524,13,6160,1868
1524,14,6918,1950
1524,15,7700,2074
1524,16,8514,2180
1524,17,9308,2344
1524,18,10074,2654
1524,19,10840,2958
1524,20,11518,3200
1524,21,12060,3376
1524,22,12544,3436
1524,23,12910,3622
1524,24,13034,3762
1524,25,13166,3836
1524,26,13238,3958
1524,27,13420,4028
1524,28,13570,4084
1524,29,13644,4120
1525,-1,4624,1678
1525,0,40,56
1525,1,194,170
1525,2,370,352
1525,3,716,624
1525,4,1304,858
1525,5,1912,1052
1525,6,2336,1160
1525,7,2666,1288
1525,8,3012,1412
1525,9,3446,1526
1525,10,3846,1614
1525,11,4112,1712
1525,12,4398,1846
1525,13,4666,1964
1525,14,4950,2056
1525,15,5252,2156
1525,16,5600,2300
1525,17,5990,2406
1525,18,6352,2520
1525,19,6676,2612
1525,20,7034,2706
1525,21,7386,2780
1525,22,7768,2852
1525,23,8108,2926
1525,24,8436,2962
1525,25,8734,3002
1525,26,8974,3100
1525,27,9160,3210
1525,28,9238,3326
1525,29,9248,3354
1526,-1,44786,5280
1526,0,224,190
1526,1,986,416
1526,2,2142,700
1526,3,3438,1072
1526,4,5108,1576
1526,5,7250,2156
1526,6,9360,2798
1526,7,11834,3024
1526,8,14402,3220
1526,9,18092,3834
1526,10,23424,4264
1526,11,28528,4400
1526,12,33484,4568
1526,13,38518,4768
1526,14,43556,4916
1526,15,48506,5084
1526,16,52496,5274
1526,17,56578,5654
1526,18,61092,5852
1526,19,65686,6240
1526,20,70488,6680
1526,21,75512,7250
1526,22,79320,7996
1526,23,82320,8612
1526,24,84620,9122
1526,25,86318,9362
1526,26,87538,9714
1526,27,88564,10070
1526,28,89386,10416
1526,29,89572,10558
1527,-1,48344,7680
1527,0,974,426
1527,1,3268,714
1527,2,6108,1092
1527,3,9326,1732
1527,4,11648,2198
1527,5,13660,2630
1527,6,14484,2998
1527,7,16030,3414
1527,8,18790,3986
1527,9,22842,4628
1527,10,27438,4910
1527,11,33064,5348
1527,12,38958,5584
1527,13,44208,5976
1527,14,48474,6688
1527,15,52220,6946
1527,16,55668,7458
1527,17,57978,7936
1527,18,60038,8362
1527,19,62996,9158
1527,20,67508,10076
1527,21,73842,11162
1527,22,78528,12008
1527,23,81746,12444
1527,24,85112,13006
1527,25,88232,13316
1527,26,91726,13710
1527,27,94440,14334
1527,28,95996,14944
1527,29,96688,15354
1528,-1,53476,7656
1528,0,360,166
1528,1,684,432
1528,2,1528,874
1528,3,2922,1184
1528,4,5022,1846
1528,5,8568,2894
1528,6,14334,3940
1528,7,21048,4740
1528,8,28444,5606
1528,9,36602,6078
1528,10,45046,6258
1528,11,53358,6454
1528,12,61590,6676
1528,13,69152,7310
1528,14,75166,7978
1528,15,79310,8754
1528,16,82710,9174
1528,17,86386,9458
1528,18,89546,10242
1528,19,92368,11198
1528,20,94106,11976
1528,21,94744,12274
1528,22,95606,12554
1528,23,97062,13128
1528,24,99500,13608
1528,25,101808,14088
1528,26,104062,14322
1528,27,105792,14618
1528,28,106718,15098
1528,29,106952,15308
1529,-1,3509,900
1529,0,28,48
1529,1,96,102
1529,2,226,180
1529,3,422,264
1529,4,670,330
1529,5,948,430
1529,6,1320,512
1529,7,1720,580
1529,8,2176,648
1529,9,2564,742
1529,10,2808,802
1529,11,3060,860
1529,12,3370,890
1529,13,3658,948
1529,14,3940,986
1529,15,4236,1018
1529,16,4520,1038
1529,17,4758,1106
1529,18,4990,1166
1529,19,5252,1250
1529,20,5486,1332
1529,21,5734,1406
1529,22,5998,1464
1529,23,6264,1510
1529,24,6500,1562
1529,25,6686,1616
1529,26,6820,1662
1529,27,6942,1698
1529,28,7006,1764
1529,29,7018,1798
1530,-1,12009,1968
1530,0,194,146
1530,1,600,302
1530,2,1008,370
1530,3,1484,502
1530,4,2222,740
1530,5,3128,970
1530,6,4056,1104
1530,7,4936,1278
1530,8,6034,1476
1530,9,7244,1596
1530,10,8534,1688
1530,11,9730,1784
1530,12,10824,1828
1530,13,11944,1884
1530,14,13132,1958
1530,15,14414,2126
1530,16,15758,2260
1530,17,17012,2330
1530,18,18214,2430
1530,19,19338,2552
1530,20,20360,2746
1530,21,21076,2956
1530,22,21654,3118
1530,23,22054,3242
1530,24,22450,3324
1530,25,22880,3374
1530,26,23322,3492
1530,27,23684,3640
1530,28,23928,3818
1530,29,24018,3934
1531,-1,7877,1842
1531,0,34,60
1531,1,136,166
1531,2,346,242
1531,3,698,410
1531,4,1320,634
1531,5,2034,758
1531,6,2702,910
1531,7,3320,1098
1531,8,4018,1260
1531,9,4766,1334
1531,10,5544,1406
1531,11,6344,1466
1531,12,7110,1538
1531,13,7836,1626
1531,14,8516,1758
1531,15,9056,1880
1531,16,9560,1956
1531,17,10156,2046
1531,18,10778,2082
1531,19,11400,2114
1531,20,12056,2160
1531,21,12692,2226
1531,22,13246,2370
1531,23,13806,2532
1531,24,14476,2806
1531,25,15084,3120
1531,26,15434,3402
1531,27,15628,3570
1531,28,15720,3654
1531,29,15754,3678
1532,-1,4007,872
1532,0,28,46
1532,1,128,120
1532,2,296,208
1532,3,536,360
1532,4,856,442
1532,5,1176,534
1532,6,1524,618
1532,7,1862,656
1532,8,2188,704
1532,9,2564,780
1532,10,2988,856
1532,11,3472,928
1532,12,3988,990
1532,13,4542,1042
1532,14,5046,1112
1532,15,5522,1168
1532,16,5836,1186
1532,17,6138,1204
1532,18,6440,1222
1532,19,6736,1248
1532,20,7010,1280
1532,21,7262,1318
1532,22,7464,1376
1532,23,7648,1452
1532,24,7792,1538
1532,25,7896,1608
1532,26,7960,1658
1532,27,8000,1700
1532,28,8008,1732
1532,29,8014,1742
1533,-1,4550,1500
1533,0,26,48
1533,1,70,106
1533,2,190,192
1533,3,334,244
1533,4,492,306
1533,5,748,392
1533,6,1078,568
1533,7,1442,690
1533,8,1802,830
1533,9,2170,928
1533,10,2546,1032
1533,11,2936,1100
1533,12,3344,1134
1533,13,3798,1216
1533,14,4378,1402
1533,15,5108,1630
1533,16,5898,1768
1533,17,6528,2046
1533,18,6992,2268
1533,19,7386,2320
1533,20,7746,2374
1533,21,8068,2440
1533,22,8328,2546
1533,23,8510,2654
1533,24,8672,2716
1533,25,8794,2776
1533,26,8916,2856
1533,27,9032,2918
1533,28,9086,2972
1533,29,9100,2998
1535,-1,3591,1046
1535,0,24,26
1535,1,66,72
1535,2,118,132
1535,3,212,218
1535,4,368,274
1535,5,526,350
1535,6,694,404
1535,7,910,466
1535,8,1178,528
1535,9,1480,550
1535,10,1774,574
1535,11,2074,602
1535,12,2414,664
1535,13,2770,712
1535,14,3118,738
1535,15,3466,770
1535,16,3806,788
1535,17,4160,858
1535,18,4518,1004
1535,19,4914,1160
1535,20,5356,1314
1535,21,5710,1466
1535,22,6092,1560
1535,23,6460,1612
1535,24,6684,1674
1535,25,6864,1764
1535,26,7026,1874
1535,27,7138,1996
1535,28,7168,2062
1535,29,7182,2086
1536,-1,16408,3008
1536,0,66,96
1536,1,306,178
1536,2,584,318
1536,3,1090,622
1536,4,1938,1074
1536,5,3176,1326
1536,6,4230,1598
1536,7,5566,1796
1536,8,7142,1998
1536,9,8786,2178
1536,10,10240,2276
1536,11,11674,2412
1536,12,13142,2590
1536,13,14778,2940
1536,14,16510,3224
1536,15,18052,3506
1536,16,19716,3636
1536,17,21456,3702
1536,18,23064,3784
1536,19,24598,3844
1536,20,26024,3942
1536,21,27142,4132
1536,22,28076,4374
1536,23,28974,4574
1536,24,29984,4780
1536,25,31054,5120
1536,26,31970,5580
1536,27,32524,5770
1536,28,32756,5944
1536,29,32816,6014
1537,-1,13025,2254
1537,0,108,108
1537,1,478,356
1537,2,1198,612
1537,3,2296,924
1537,4,3326,1020
1537,5,4318,1130
1537,6,5200,1252
1537,7,6042,1374
1537,8,6870,1460
1537,9,7692,1574
1537,10,8396,1710
1537,11,8914,1802
1537,12,9406,1908
1537,13,9908,2074
1537,14,10780,2238
1537,15,11826,2396
1537,16,13218,2536
1537,17,14798,2650
1537,18,16484,2796
1537,19,17918,2990
1537,20,19054,3136
1537,21,20040,3212
1537,22,21044,3322
1537,23,22146,3430
1537,24,23126,3586
1537,25,24126,3674
1537,26,24978,3956
1537,27,25644,4214
1537,28,25920,4440
1537,29,26050,4504
1538,-1,44805,4758
1538,0,346,276
1538,1,1090,512
1538,2,2328,930
1538,3,4440,1296
1538,4,7070,1436
1538,5,9812,1668
1538,6,12982,1956
1538,7,16592,2400
1538,8,19800,2814
1538,9,22920,3128
1538,10,26164,3240
1538,11,29552,3504
1538,12,32904,3806
1538,13,36410,4198
1538,14,40490,4676
1538,15,45518,5072
1538,16,50860,5284
1538,17,56198,5416
1538,18,61304,5564
1538,19,66102,5786
1538,20,70568,5968
1538,21,74682,6174
1538,22,78004,6752
1538,23,80792,7070
1538,24,83216,7276
1538,25,85088,7808
1538,26,86828,8326
1538,27,88272,8896
1538,28,89292,9226
1538,29,89610,9514
1539,-1,4068,1132
1539,0,68,76
1539,1,226,146
1539,2,378,222
1539,3,532,254
1539,4,702,280
1539,5,868,314
1539,6,998,340
1539,7,1144,378
1539,8,1330,466
1539,9,1612,578
1539,10,1944,680
1539,11,2282,764
1539,12,2628,860
1539,13,3032,984
1539,14,3544,1032
1539,15,4030,1094
1539,16,4498,1156
1539,17,4952,1214
1539,18,5388,1306
1539,19,5864,1394
1539,20,6310,1464
1539,21,6716,1564
1539,22,7068,1692
1539,23,7378,1810
1539,24,7646,1880
1539,25,7852,2010
1539,26,8002,2092
1539,27,8070,2166
1539,28,8106,2202
1539,29,8136,2260
1540,-1,4276,1348
1540,0,72,106
1540,1,234,246
1540,2,524,358
1540,3,848,410
1540,4,1228,542
1540,5,1652,686
1540,6,2148,818
1540,7,2590,994
1540,8,2964,1160
1540,9,3412,1230
1540,10,3844,1302
1540,11,4256,1348
1540,12,4634,1396
1540,13,4948,1490
1540,14,5210,1574
1540,15,5492,1630
1540,16,5802,1706
1540,17,6194,1770
1540,18,6614,1822
1540,19,7004,1902
1540,20,7370,1960
1540,21,7692,2076
1540,22,7986,2208
1540,23,8254,2356
1540,24,8352,2504
1540,25,8412,2540
1540,26,8466,2608
1540,27,8510,2630
1540,28,8542,2662
1540,29,8552,2690
1541,-1,20853,2844
1541,0,76,62
1541,1,298,148
1541,2,618,298
1541,3,962,398
1541,4,1702,650
1541,5,2806,980
1541,6,4786,1486
1541,7,7312,1800
1541,8,10266,2008
1541,9,13162,2184
1541,10,15872,2306
1541,11,18382,2452
1541,12,20488,2638
1541,13,22424,2864
1541,14,24090,3132
1541,15,25638,3266
1541,16,27206,3434
1541,17,28820,3598
1541,18,30488,3720
1541,19,32096,3798
1541,20,33856,3966
1541,21,35590,4194
1541,22,37328,4626
1541,23,38456,4886
1541,24,39418,5054
1541,25,40228,5164
1541,26,40864,5380
1541,27,41170,5458
1541,28,41640,5582
1541,29,41706,5684
1542,-1,9906,2468
1542,0,72,88
1542,1,300,186
1542,2,622,310
1542,3,1120,480
1542,4,1732,634
1542,5,2338,868
1542,6,2960,1108
1542,7,3490,1284
1542,8,3806,1462
1542,9,3924,1588
1542,10,4008,1684
1542,11,4206,1842
1542,12,4566,1950
1542,13,5072,2092
1542,14,5752,2250
1542,15,6620,2406
1542,16,7542,2542
1542,17,8558,2666
1542,18,9626,2822
1542,19,10566,2954
1542,20,11630,3138
1542,21,12858,3274
1542,22,14186,3364
1542,23,15586,3516
1542,24,16960,3736
1542,25,18082,4022
1542,26,18864,4270
1542,27,19472,4588
1542,28,19754,4844
1542,29,19812,4934
1543,-1,6075,2252
1543,0,98,96
1543,1,258,170
1543,2,454,242
1543,3,734,368
1543,4,1080,542
1543,5,1534,790
1543,6,2144,940
1543,7,2896,1138
1543,8,3790,1358
1543,9,4630,1476
1543,10,5414,1616
1543,11,6084,1718
1543,12,6622,1838
1543,13,7090,2030
1543,14,7462,2156
1543,15,7932,2310
1543,16,8418,2568
1543,17,8878,2784
1543,18,9248,3002
1543,19,9728,3168
1543,20,10280,3326
1543,21,10784,3432
1543,22,11212,3646
1543,23,11478,3896
1543,24,11710,4074
1543,25,11908,4208
1543,26,12026,4362
1543,27,12116,4448
1543,28,12138,4482
1543,29,12150,4500
1544,-1,3430,844
1544,0,24,26
1544,1,136,136
1544,2,336,278
1544,3,558,356
1544,4,766,454
1544,5,974,512
1544,6,1190,596
1544,7,1414,676
1544,8,1692,712
1544,9,1998,752
1544,10,2312,772
1544,11,2652,808
1544,12,3032,842
1544,13,3438,872
1544,14,3826,952
1544,15,4160,1008
1544,16,4524,1034
1544,17,4872,1064
1544,18,5214,1092
1544,19,5420,1110
1544,20,5636,1138
1544,21,5850,1164
1544,22,6056,1198
1544,23,6240,1250
1544,24,6408,1300
1544,25,6542,1360
1544,26,6658,1432
1544,27,6762,1532
1544,28,6834,1618
1544,29,6860,1682
1545,-1,5192,1338
1545,0,16,34
1545,1,34,60
1545,2,62,116
1545,3,104,186
1545,4,222,306
1545,5,476,424
1545,6,804,496
1545,7,1276,652
1545,8,1816,700
1545,9,2334,752
1545,10,2840,810
1545,11,3404,892
1545,12,4092,1016
1545,13,4830,1086
1545,14,5524,1206
1545,15,6192,1322
1545,16,6840,1376
1545,17,7476,1466
1545,18,8066,1584
1545,19,8590,1730
1545,20,9110,1934
1545,21,9524,2096
1545,22,9722,2200
1545,23,9910,2296
1545,24,10074,2376
1545,25,10222,2454
1545,26,10306,2552
1545,27,10360,2612
1545,28,10374,2650
1545,29,10384,2672
1546,-1,5124,1052
1546,0,26,36
1546,1,124,132
1546,2,302,248
1546,3,678,374
1546,4,1114,440
1546,5,1518,474
1546,6,1930,522
1546,7,2332,556
1546,8,2764,586
1546,9,3198,626
1546,10,3682,682
1546,11,4260,772
1546,12,4866,876
1546,13,5452,946
1546,14,6024,996
1546,15,6596,1034
1546,16,7152,1058
1546,17,7674,1150
1546,18,8080,1246
1546,19,8372,1290
1546,20,8692,1348
1546,21,8998,1414
1546,22,9274,1486
1546,23,9556,1590
1546,24,9828,1682
1546,25,9974,1792
1546,26,10072,1874
1546,27,10164,1948
1546,28,10222,2044
1546,29,10248,2100
1547,-1,7729,2034
1547,0,24,40
1547,1,138,116
1547,2,452,252
1547,3,870,464
1547,4,1272,770
1547,5,1806,1102
1547,6,2344,1354
1547,7,2984,1574
1547,8,3698,1824
1547,9,4512,2186
1547,10,5534,2394
1547,11,6468,2534
1547,12,7400,2698
1547,13,8266,2832
1547,14,9038,2922
1547,15,9744,3030
1547,16,10370,3104
1547,17,11028,3142
1547,18,11692,3182
1547,19,12348,3220
1547,20,12958,3256
1547,21,13518,3326
1547,22,13992,3370
1547,23,14406,3496
1547,24,14762,3610
1547,25,15064,3708
1547,26,15252,3824
1547,27,15398,3966
1547,28,15442,4036
1547,29,15458,4066
1548,-1,3788,1326
1548,0,58,86
1548,1,240,212
1548,2,480,390
1548,3,726,540
1548,4,954,628
1548,5,1194,758
1548,6,1580,948
1548,7,1948,1116
1548,8,2306,1192
1548,9,2712,1278
1548,10,3142,1354
1548,11,3612,1394
1548,12,4112,1418
1548,13,4592,1464
1548,14,5018,1564
1548,15,5362,1706
1548,16,5694,1838
1548,17,6036,1964
1548,18,6334,2068
1548,19,6544,2156
1548,20,6706,2218
1548,21,6828,2238
1548,22,6948,2256
1548,23,7068,2294
1548,24,7186,2374
1548,25,7320,2430
1548,26,7452,2486
1548,27,7512,2578
1548,28,7562,2624
1548,29,7576,2650
1549,-1,5814,1412
1549,0,54,70
1549,1,180,138
1549,2,286,244
1549,3,482,362
1549,4,798,454
1549,5,1156,566
1549,6,1542,730
1549,7,2082,772
1549,8,2642,824
1549,9,3340,916
1549,10,4170,960
1549,11,4962,1022
1549,12,5730,1090
1549,13,6440,1148
1549,14,7044,1208
1549,15,7608,1272
1549,16,8096,1406
1549,17,8396,1512
1549,18,8736,1638
1549,19,9190,1700
1549,20,9654,1786
1549,21,10116,1896
1549,22,10486,1944
1549,23,10800,2102
1549,24,11038,2318
1549,25,11220,2464
1549,26,11376,2596
1549,27,11500,2704
1549,28,11600,2778
1549,29,11628,2822
1550,-1,12504,2876
1550,0,106,84
1550,1,368,172
1550,2,698,260
1550,3,1012,378
1550,4,1348,444
1550,5,1740,526
1550,6,2266,728
1550,7,3056,996
1550,8,4056,1284
1550,9,5192,1658
1550,10,6492,1986
1550,11,8010,2328
1550,12,9794,2634
1550,13,11768,2958
1550,14,13832,3208
1550,15,15794,3352
1550,16,17620,3514
1550,17,19326,3798
1550,18,20806,4066
1550,19,21740,4308
1550,20,22646,4638
1550,21,23330,4858
1550,22,23824,5018
1550,23,24186,5178
1550,24,24424,5350
1550,25,24652,5508
1550,26,24810,5612
1550,27,24896,5650
1550,28,24952,5682
1550,29,25008,5750
1551,-1,3704,1116
1551,0,24,24
1551,1,92,94
1551,2,156,184
1551,3,178,214
1551,4,198,258
1551,5,292,372
1551,6,474,462
1551,7,648,538
1551,8,832,598
1551,9,1050,668
1551,10,1312,748
1551,11,1620,826
1551,12,1962,934
1551,13,2306,1022
1551,14,2680,1096
1551,15,3014,1142
1551,16,3366,1218
1551,17,3744,1284
1551,18,4216,1372
1551,19,4736,1452
1551,20,5220,1486
1551,21,5644,1580
1551,22,6020,1626
1551,23,6394,1686
1551,24,6752,1778
1551,25,6976,1894
1551,26,7186,1976
1551,27,7302,2090
1551,28,7376,2188
1551,29,7408,2228
1552,-1,11235,2446
1552,0,76,58
1552,1,278,190
1552,2,700,490
1552,3,1434,740
1552,4,2242,920
1552,5,3082,1080
1552,6,4040,1278
1552,7,5076,1516
1552,8,6218,1682
1552,9,7680,1966
1552,10,9350,2146
1552,11,11090,2226
1552,12,12800,2308
1552,13,14492,2404
1552,14,16036,2580
1552,15,17424,2818
1552,16,18472,3232
1552,17,19396,3530
1552,18,19912,3802
1552,19,20268,3932
1552,20,20680,4122
1552,21,21156,4240
1552,22,21488,4438
1552,23,21654,4544
1552,24,21818,4616
1552,25,22010,4696
1552,26,22204,4752
1552,27,22358,4788
1552,28,22434,4848
1552,29,22470,4888
1553,-1,5112,1722
1553,0,102,146
1553,1,376,338
1553,2,872,420
1553,3,1344,482
1553,4,1608,600
1553,5,1834,702
1553,6,2018,824
1553,7,2192,900
1553,8,2302,1022
1553,9,2534,1152
1553,10,2816,1312
1553,11,3234,1412
1553,12,3722,1458
1553,13,4244,1510
1553,14,4798,1598
1553,15,5344,1644
1553,16,5846,1698
1553,17,6340,1816
1553,18,6854,2022
1553,19,7396,2126
1553,20,7934,2292
1553,21,8444,2428
1553,22,8862,2534
1553,23,9220,2642
1553,24,9478,2752
1553,25,9666,2902
1553,26,9860,3014
1553,27,10052,3220
1553,28,10190,3346
1553,29,10224,3442
1554,-1,4694,1350
1554,0,32,34
1554,1,122,170
1554,2,288,324
1554,3,526,490
1554,4,982,664
1554,5,1590,740
1554,6,2196,874
1554,7,2938,1002
1554,8,3622,1106
1554,9,4252,1234
1554,10,4836,1362
1554,11,5294,1442
1554,12,5674,1578
1554,13,6002,1640
1554,14,6332,1706
1554,15,6662,1726
1554,16,6994,1748
1554,17,7324,1772
1554,18,7672,1806
1554,19,7970,1878
1554,20,8234,1934
1554,21,8488,2030
1554,22,8704,2114
1554,23,8854,2222
1554,24,9006,2300
1554,25,9154,2394
1554,26,9250,2484
1554,27,9310,2582
1554,28,9358,2644
1554,29,9388,2696
1555,-1,17446,2922
1555,0,94,106
1555,1,578,312
1555,2,1654,550
1555,3,3054,948
1555,4,5070,1116
1555,5,7138,1180
1555,6,9104,1436
1555,7,10790,1848
1555,8,11970,2174
1555,9,12824,2302
1555,10,13730,2488
1555,11,14638,2884
1555,12,15562,3100
1555,13,16604,3250
1555,14,17546,3370
1555,15,18724,3494
1555,16,19754,3612
1555,17,20996,3880
1555,18,22792,4066
1555,19,24608,4178
1555,20,26352,4312
1555,21,28132,4408
1555,22,29816,4520
1555,23,31408,4656
1555,24,32988,4894
1555,25,34038,5222
1555,26,34294,5454
1555,27,34468,5600
1555,28,34708,5722
1555,29,34892,5842
1556,-1,4107,1354
1556,0,90,102
1556,1,280,294
1556,2,564,508
1556,3,854,598
1556,4,1104,634
1556,5,1342,748
1556,6,1692,884
1556,7,2084,956
1556,8,2600,1126
1556,9,3146,1342
1556,10,3620,1554
1556,11,4060,1638
1556,12,4530,1740
1556,13,4910,1812
1556,14,5294,1890
1556,15,5692,2004
1556,16,6054,2116
1556,17,6382,2216
1556,18,6708,2272
1556,19,7012,2342
1556,20,7284,2402
1556,21,7518,2430
1556,22,7742,2454
1556,23,7918,2510
1556,24,8006,2550
1556,25,8092,2570
1556,26,8122,2614
1556,27,8156,2634
1556,28,8196,2666
1556,29,8214,2706
1557,-1,15115,3214
1557,0,42,64
1557,1,134,186
1557,2,424,338
1557,3,1104,654
1557,4,2046,870
1557,5,3114,1092
1557,6,4234,1356
1557,7,5596,1804
1557,8,6684,2156
1557,9,7720,2342
1557,10,8992,2608
1557,11,10568,2856
1557,12,12142,3182
1557,13,13828,3518
1557,14,15368,3786
1557,15,16774,3912
1557,16,18218,4030
1557,17,19600,4152
1557,18,20898,4226
1557,19,22292,4426
1557,20,23944,4708
1557,21,25264,5068
1557,22,26204,5350
1557,23,26998,5624
1557,24,27878,5794
1557,25,28568,5924
1557,26,29236,6008
1557,27,29754,6138
1557,28,30090,6306
1557,29,30230,6420
1558,-1,3785,1456
1558,0,28,40
1558,1,122,90
1558,2,284,218
1558,3,490,350
1558,4,774,486
1558,5,1178,602
1558,6,1688,714
1558,7,2248,850
1558,8,2732,958
1558,9,3106,1056
1558,10,3356,1222
1558,11,3468,1344
1558,12,3616,1428
1558,13,3820,1484
1558,14,4070,1530
1558,15,4372,1636
1558,16,4750,1744
1558,17,5120,1842
1558,18,5492,1972
1558,19,5856,2082
1558,20,6182,2180
1558,21,6422,2240
1558,22,6678,2358
1558,23,6924,2454
1558,24,7152,2602
1558,25,7340,2702
1558,26,7486,2786
1558,27,7542,2860
1558,28,7562,2890
1558,29,7570,2908
1559,-1,4685,1238
1559,0,42,50
1559,1,138,94
1559,2,254,148
1559,3,398,196
1559,4,582,292
1559,5,846,358
1559,6,1180,488
1559,7,1666,698
1559,8,2336,864
1559,9,3094,1040
1559,10,3904,1082
1559,11,4730,1132
1559,12,5560,1230
1559,13,6336,1350
1559,14,7044,1470
1559,15,7474,1556
1559,16,7930,1638
1559,17,8300,1792
1559,18,8562,1908
1559,19,8742,2044
1559,20,8844,2168
1559,21,8920,2208
1559,22,8958,2244
1559,23,8988,2280
1559,24,9056,2334
1559,25,9146,2366
1559,26,9226,2388
1559,27,9296,2412
1559,28,9342,2436
1559,29,9370,2474
1560,-1,4248,1282
1560,0,22,38
1560,1,112,118
1560,2,236,208
1560,3,334,254
1560,4,440,402
1560,5,718,596
1560,6,1052,734
1560,7,1392,856
1560,8,1796,934
1560,9,2238,962
1560,10,2672,998
1560,11,3132,1064
1560,12,3552,1170
1560,13,3960,1274
1560,14,4370,1422
1560,15,4756,1536
1560,16,5214,1618
1560,17,5700,1684
1560,18,6154,1736
1560,19,6584,1760
1560,20,7012,1790
1560,21,7364,1888
1560,22,7666,1938
1560,23,7916,2042
1560,24,8120,2140
1560,25,8258,2254
1560,26,8348,2344
1560,27,8422,2428
1560,28,8460,2516
1560,29,8496,2560
1561,-1,12286,2220
1561,0,182,140
1561,1,416,354
1561,2,622,512
1561,3,1176,804
1561,4,2064,1036
1561,5,2972,1172
1561,6,4046,1284
1561,7,5260,1402
1561,8,6354,1540
1561,9,7356,1654
1561,10,8242,1780
1561,11,9352,1878
1561,12,10644,2054
1561,13,12144,2232
1561,14,13750,2380
1561,15,15084,2544
1561,16,16292,2678
1561,17,17682,2792
1561,18,19050,2902
1561,19,20268,3028
1561,20,21480,3158
1561,21,22416,3442
1561,22,23138,3620
1561,23,23558,3804
1561,24,23882,3932
1561,25,23936,4022
1561,26,23988,4106
1561,27,24162,4216
1561,28,24416,4298
1561,29,24572,4436
1562,-1,9245,1658
1562,0,90,98
1562,1,296,276
1562,2,646,446
1562,3,1096,612
1562,4,1792,800
1562,5,2652,886
1562,6,3534,982
1562,7,4356,1116
1562,8,5282,1192
1562,9,6252,1282
1562,10,7270,1330
1562,11,8320,1406
1562,12,9384,1522
1562,13,10412,1636
1562,14,11436,1736
1562,15,12406,1868
1562,16,13240,1996
1562,17,13982,2062
1562,18,14614,2202
1562,19,15098,2286
1562,20,15578,2356
1562,21,16094,2444
1562,22,16618,2544
1562,23,17056,2676
1562,24,17384,2758
1562,25,17684,2834
1562,26,17990,2952
1562,27,18244,3124
1562,28,18456,3230
1562,29,18490,3314
1563,-1,6248,1640
1563,0,18,32
1563,1,68,72
1563,2,168,188
1563,3,442,344
1563,4,752,480
1563,5,1162,556
1563,6,1616,590
1563,7,2032,644
1563,8,2428,722
1563,9,2898,834
1563,10,3360,1010
1563,11,4010,1264
1563,12,4818,1428
1563,13,5664,1574
1563,14,6518,1628
1563,15,7122,1662
1563,16,7716,1722
1563,17,8238,1842
1563,18,8812,1946
1563,19,9352,2098
1563,20,9786,2224
1563,21,10220,2410
1563,22,10634,2568
1563,23,11062,2676
1563,24,11464,2778
1563,25,11852,2874
1563,26,12134,3004
1563,27,12336,3112
1563,28,12462,3212
1563,29,12496,3274
1564,-1,7360,2016
1564,0,98,132
1564,1,352,368
1564,2,656,526
1564,3,1126,732
1564,4,1684,884
1564,5,2280,1032
1564,6,2926,1126
1564,7,3622,1196
1564,8,4258,1306
1564,9,4892,1454
1564,10,5662,1678
1564,11,6552,1836
1564,12,7446,1978
1564,13,8170,2068
1564,14,8844,2140
1564,15,9490,2254
1564,16,10122,2392
1564,17,10796,2496
1564,18,11420,2618
1564,19,12034,2726
1564,20,12602,2832
1564,21,13046,3026
1564,22,13448,3164
1564,23,13742,3256
1564,24,14002,3394
1564,25,14274,3606
1564,26,14506,3782
1564,27,14664,3906
1564,28,14698,3986
1564,29,14720,4030
1565,-1,6803,1618
1565,0,36,56
1565,1,146,218
1565,2,364,418
1565,3,716,502
1565,4,1140,576
1565,5,1644,622
1565,6,2108,674
1565,7,2568,782
1565,8,3058,924
1565,9,3610,1034
1565,10,4196,1130
1565,11,4806,1228
1565,12,5448,1302
1565,13,6148,1444
1565,14,6876,1540
1565,15,7670,1684
1565,16,8464,1846
1565,17,9252,1984
1565,18,10002,2102
1565,19,10662,2284
1565,20,11358,2444
1565,21,11882,2604
1565,22,12322,2680
1565,23,12682,2740
1565,24,13010,2878
1565,25,13264,3042
1565,26,13392,3104
1565,27,13502,3140
1565,28,13580,3200
1565,29,13606,3234
1566,-1,3735,1290
1566,0,46,68
1566,1,114,158
1566,2,260,280
1566,3,468,464
1566,4,824,666
1566,5,1360,822
1566,6,1956,896
1566,7,2472,1016
1566,8,2912,1168
1566,9,3288,1256
1566,10,3678,1292
1566,11,4042,1348
1566,12,4346,1412
1566,13,4564,1470
1566,14,4714,1578
1566,15,4902,1672
1566,16,5052,1754
1566,17,5236,1844
1566,18,5438,1900
1566,19,5670,1952
1566,20,5952,2034
1566,21,6248,2100
1566,22,6534,2138
1566,23,6806,2236
1566,24,7012,2330
1566,25,7158,2402
1566,26,7310,2436
1566,27,7390,2498
1566,28,7428,2534
1566,29,7470,2574
1567,-1,3425,902
1567,0,40,68
1567,1,170,202
1567,2,344,292
1567,3,604,354
1567,4,928,414
1567,5,1310,464
1567,6,1742,556
1567,7,2268,646
1567,8,2818,770
1567,9,3330,872
1567,10,3838,944
1567,11,4330,976
1567,12,4768,1054
1567,13,5170,1130
1567,14,5534,1234
1567,15,5812,1348
1567,16,6028,1426
1567,17,6148,1460
1567,18,6260,1504
1567,19,6356,1536
1567,20,6444,1554
1567,21,6528,1566
1567,22,6614,1576
1567,23,6682,1616
1567,24,6722,1654
1567,25,6744,1696
1567,26,6786,1726
1567,27,6820,1752
1567,28,6844,1788
1567,29,6850,1802
1568,-1,3915,1016
1568,0,10,22
1568,1,56,72
1568,2,128,138
1568,3,282,250
1568,4,502,296
1568,5,742,344
1568,6,964,382
1568,7,1204,446
1568,8,1486,516
1568,9,1818,550
1568,10,2130,604
1568,11,2466,630
1568,12,2790,702
1568,13,3058,796
1568,14,3342,880
1568,15,3680,986
1568,16,4018,1084
1568,17,4320,1142
1568,18,4652,1204
1568,19,5046,1258
1568,20,5500,1314
1568,21,5954,1358
1568,22,6380,1458
1568,23,6798,1536
1568,24,7124,1622
1568,25,7418,1732
1568,26,7626,1828
1568,27,7748,1920
1568,28,7814,2004
1568,29,7830,2030
1569,-1,5285,1314
1569,0,70,58
1569,1,220,112
1569,2,374,168
1569,3,572,230
1569,4,856,340
1569,5,1282,408
1569,6,1730,562
1569,7,2334,820
1569,8,3100,930
1569,9,3734,1002
1569,10,4340,1058
1569,11,4972,1110
1569,12,5628,1164
1569,13,6354,1242
1569,14,6940,1312
1569,15,7450,1452
1569,16,7882,1528
1569,17,8250,1604
1569,18,8642,1724
1569,19,9018,1826
1569,20,9288,1944
1569,21,9544,2054
1569,22,9740,2136
1569,23,9922,2238
1569,24,10080,2318
1569,25,10258,2352
1569,26,10392,2420
1569,27,10454,2508
1569,28,10538,2574
1569,29,10570,2626
1570,-1,4757,1428
1570,0,70,52
1570,1,138,106
1570,2,372,256
1570,3,658,314
1570,4,952,352
1570,5,1276,420
1570,6,1750,558
1570,7,2364,682
1570,8,3004,828
1570,9,3452,1014
1570,10,4066,1166
1570,11,4694,1284
1570,12,5206,1436
1570,13,5698,1526
1570,14,6174,1658
1570,15,6594,1812
1570,16,6958,1896
1570,17,7390,1950
1570,18,7836,2004
1570,19,8224,2108
1570,20,8514,2266
1570,21,8612,2374
1570,22,8704,2458
1570,23,8908,2544
1570,24,9068,2598
1570,25,9194,2642
1570,26,9326,2680
1570,27,9398,2738
1570,28,9468,2786
1570,29,9514,2852
1571,-1,3026,1176
1571,0,16,24
1571,1,50,48
1571,2,86,80
1571,3,192,154
1571,4,280,192
1571,5,410,262
1571,6,596,324
1571,7,788,370
1571,8,992,458
1571,9,1356,644
1571,10,1746,788
1571,11,2214,852
1571,12,2756,944
1571,13,3150,1042
1571,14,3490,1168
1571,15,3788,1258
1571,16,4074,1340
1571,17,4350,1384
1571,18,4650,1444
1571,19,4970,1588
1571,20,5204,1742
1571,21,5440,1870
1571,22,5576,1988
1571,23,5616,2036
1571,24,5674,2082
1571,25,5766,2112
1571,26,5892,2144
1571,27,5968,2218
1571,28,6028,2300
1571,29,6052,2350
1572,-1,3680,1142
1572,0,22,26
1572,1,146,146
1572,2,360,266
1572,3,670,398
1572,4,1044,478
1572,5,1444,520
1572,6,1838,568
1572,7,2194,608
1572,8,2474,658
1572,9,2764,696
1572,10,3050,738
1572,11,3346,818
1572,12,3668,846
1572,13,3978,878
1572,14,4300,902
1572,15,4652,940
1572,16,4960,998
1572,17,5126,1080
1572,18,5292,1146
1572,19,5518,1228
1572,20,5822,1316
1572,21,6138,1404
1572,22,6426,1530
1572,23,6652,1660
1572,24,6844,1808
1572,25,7028,1952
1572,26,7222,2084
1572,27,7308,2208
1572,28,7352,2258
1572,29,7360,2282
